0 0.0725749731096258 0.0414691069380667 0.0480556070364625 0.0140581556413518 0.0180793777946251 0.0564112380404986 0.0463419309794077 0.0214229657478111 0.0188279689523326 0.033787686659661 0.0341792915384904 0.0510316629723556 0.0446433072354636 0.0212975367308864 0.0273714563950764 0.0491100276273556 0.0628978971258969 0.0593036255935204 0.0661460536423714 0.0100396602132006 0.00388410450658369 0.0366036095107858 0.0357729906704985 0.0149308541853281 0.00568499904776351 0.0338872106638066 0.0419256248124028 0.0406469150446816 0.0336857106807068 0.0733887542930532 0.0631114812409331 0.0549411628960729 0.0462952458061555 0.019635622470429 0.015132482155611 0.0181192985587533 0.0117031570300658 0.0126187682697037 0.0152653420718821 0.0932717560475426 0.0937283720043412 0.0901914038245091 0.0994112568192316 0.0677152630126777 0.0776264908542486 0.0898001725165881 0.0827906833487957 0.037634627969323 0.0381475604350132 0.0913390265845825 0.075642065357607 0.0775844099395601 0.0682076187368721 0.0558300049068381 0.0435076650237468 0.0654080474050688 0.0714994632036355 0.0522288883332954 0.0605710624288187 0.0742295280591707 0.0732416320029854 0.0866888390050688 0.120462037449431 0.0332200088273115 0.0402506817808183 0.0269981591073245 0.0274905739492482 0.0373003958971969 0.0201494048326912 0.0382091875578582 0.0229755404324721 0.0541250057498827 0.0731203182843236 0.0616745612579857 0.0478166845266637 0.0251366592213807 0.0268265619184567 0.044056342884555 0.0540752930699146 0.0180094442847055 0.0256960675624402 0.0387094692688299 0.0296902576298878 0.0216044404839011 0.0212663253639849 0.0287453635858193 0.0337530387873487 0.0271704342753211
0.0725749731096258 0 0.037750698492087 0.0483599555253436 0.0116399187631957 0.0155901709564484 0.041764164131337 0.0420598325044657 0.0119840297905383 0.0147376863901577 0.0357319918171078 0.0461525230715717 0.0466770622143942 0.0530804795751735 0.0172684893134114 0.0267652044519935 0.062430712156312 0.0838781032387455 0.0613248973680135 0.084221398796104 0.0113318732970859 0.00184749367699125 0.0373675240694582 0.0376535789459055 0.0144753623241661 0.00605348212286219 0.0409005979555627 0.0563537392458791 0.0445967607560497 0.0410752805019542 0.0806787649847979 0.0760572540403855 0.0447969912463342 0.0449348940089538 0.0195294359590559 0.0141736364944217 0.0176985613990731 0.00944814751858774 0.0127715993097334 0.0157671922298412 0.0828184358514467 0.0824279248033658 0.0814104425047566 0.0933351946110923 0.064383424549606 0.0719925676294848 0.0689223963252026 0.0589327444122203 0.0313547514067497 0.0336624873807946 0.0915478807706906 0.0923093882522037 0.0501004977942947 0.0494528408266708 0.0389745167319691 0.035795788784517 0.0792912079113067 0.0876093864294805 0.0358544542489344 0.0449875021806061 0.0608826996763977 0.0685670402201874 0.0940407629397512 0.125465069805518 0.0308193229253185 0.0404130181591909 0.0309425602933792 0.0374544408764124 0.0406709648240053 0.0315802109493231 0.035979008049198 0.0192874995228441 0.0654411565901076 0.0888447794868775 0.0700853630966942 0.057878285602028 0.0239203615988721 0.0249790634056242 0.0392364625827019 0.0496692043256656 0.00863435425007332 0.0165402617985043 0.0258467372440077 0.0171856647153193 0.0161387932373805 0.0164501697351748 0.0220680534355568 0.0220140598190735 0.0191774546337758
0.0414691069380667 0.037750698492087 0 0.0315970285292737 0.0101244420401739 0.0102166126225319 0.0389859805825478 0.026953104202844 0.0146815178091227 0.00872234551835575 0.0136615319740979 0.0118107499577341 0.0310544855718106 0.0223838161264029 0.0143769006186624 0.0150305446333378 0.0222467212630661 0.0315905366255789 0.0326345117008769 0.0334584760856219 0.00580993677164933 0.00253057784771644 0.0278391650610309 0.0244703953220493 0.0104026495039757 0.00592813721811878 0.0159312612136532 0.0196370379976265 0.0245063308755949 0.0209550892019288 0.0424297878025547 0.0345883300204139 0.047733056016274 0.0341334746589143 0.0117576688314093 0.00827258475476814 0.010934566101188 0.0069086553629508 0.00701354354773408 0.00919535624836976 0.0511394585615932 0.0483636162290421 0.0538691193090984 0.0538768125572058 0.0367004712883968 0.0424645470695625 0.049490023236711 0.0462562305202029 0.0202428135385353 0.0205029875209385 0.047704476117299 0.041146576133794 0.0425041203902534 0.0372219596324641 0.0331143943388291 0.0230575665333561 0.0324690540591064 0.0370537297005398 0.0481952159567576 0.0389817270812121 0.0475803509017 0.044125689315761 0.0437889224265947 0.0615213951645121 0.020621498686162 0.0239574614815367 0.0134031293811923 0.012782535708528 0.0203050408255195 0.0107011552970746 0.0225405228531822 0.014101923476063 0.0229005265409933 0.0356070720254125 0.0303407270684212 0.0237898825143708 0.0139313177115145 0.0164357776107192 0.0298072241572329 0.0308960449322442 0.0113350732647976 0.0140436964785381 0.0229079747106234 0.0192334352101955 0.0127962389178235 0.0110267312451762 0.0171694467074817 0.0198727946469899 0.0155848185168218
0.0480556070364625 0.0483599555253436 0.0315970285292737 0 0.011104041841122 0.0135678030460272 0.0427080175010206 0.0387674902838285 0.015993258864246 0.0136725946147302 0.0177292481062901 0.0200586264163073 0.0324337846043178 0.0338628603834471 0.0127840040492372 0.0216883469787232 0.0278793248579194 0.0393016669959364 0.0359697582240874 0.044711689645957 0.00662076344499812 0.00105293806494629 0.0303638905194649 0.0330586518789008 0.0107139347402835 0.0079293282366393 0.0204772756345193 0.0283256795506043 0.0298942831121736 0.0288974996674923 0.0504145193832065 0.0484595276932145 0.0488355234171856 0.0367753617193546 0.0156331182443697 0.011037686077816 0.012797616645036 0.00719857303880235 0.00998866188893232 0.0142082105619534 0.0606211975419792 0.0617631269564608 0.0608066155124801 0.0657136594476262 0.0430884585518331 0.052056317881466 0.0600201425393315 0.0554766120007847 0.0235570319318715 0.0247905787088555 0.0552338732034617 0.051567065289588 0.0506167597397887 0.0461432937364567 0.0393687374477954 0.0363262228046074 0.0436443700496993 0.0524740798555369 0.0491876357373515 0.0534921763342799 0.0566770040518601 0.054900908409074 0.0547393933563438 0.0750301822950636 0.0222113030734974 0.0314683475702178 0.0186917711040767 0.0185960036524146 0.0215842592997013 0.0152319661933249 0.0304313008040798 0.0196720090124153 0.0283912408781995 0.0445698353459961 0.0379044830227942 0.0303813354767848 0.0170837904574323 0.0208422968054181 0.0332216394946735 0.0407267686387843 0.0128528709856587 0.0197841919717195 0.0307493189704128 0.0222223608984677 0.0175172879144269 0.0156752173449413 0.0232459051051341 0.0251079958241754 0.0204674969525895
0.0140581556413518 0.0116399187631957 0.0101244420401739 0.011104041841122 0 0.00519201668423578 0.015842361930593 0.0106821034815609 0.0114973472390269 0.00543002615419982 0.00853329514126228 0.00437297841550047 0.0165000963300855 0.0123193892759706 0.00826309095283682 0.00764521809465246 0.00715277841680028 0.00947667788310255 0.00942195841732614 0.0111249042188183 0.00492693956243418 2.81421220992448e-05 0.0130908683346201 0.0120133047461776 0.00424612602363526 0.0035765205965432 0.0070798081123525 0.00749228480081045 0.00942125149060378 0.00944941410588569 0.0141171485323531 0.0129008564651951 0.0185823941851627 0.00890283612577487 0.00449509638312344 0.00238520054457385 0.00396157747840783 0.00129869492206188 0.00343952361275068 0.00479556071279717 0.0144057000655386 0.0149492154245904 0.0170327063924379 0.0145982210951725 0.00948058357740499 0.0116887317704442 0.014326853741333 0.014606554325483 0.00610975334627384 0.0058136315111654 0.0147420688961952 0.0119541274467991 0.0116769408384207 0.00911502477362161 0.0106378689270943 0.00893949629061125 0.0104560194656019 0.00976265733624586 0.0229398011797729 0.0146887422536278 0.0144574327816463 0.0107671073136584 0.0150623042240158 0.0207647543113065 0.010111591743839 0.0128947565709768 0.00666704480661501 0.00531877988520724 0.00498696606649649 0.00468189879222368 0.0103447178571802 0.00648551604877258 0.0060510440571312 0.0125624436672373 0.0100210784760365 0.00842047059069378 0.00837243133408872 0.0063785798988455 0.0134770618872198 0.0114989287805705 0.0057627194639797 0.00646025023352 0.0114351464246437 0.00999787758906691 0.00580021253027537 0.00487672535527671 0.00714935921643731 0.00870293985367716 0.00615285810885648
0.0180793777946251 0.0155901709564484 0.0102166126225319 0.0135678030460272 0.00519201668423578 0 0.0174412203473043 0.0146741384627954 0.00832378965161054 0.00976118545488845 0.00936498904067428 0.0112310963820172 0.0163306010464768 0.0176587210655936 0.00754092846772403 0.0127357309429028 0.0097716240361825 0.0130556685733043 0.0127291754715917 0.0140025696314919 0.00276593404630478 0.0035068165373842 0.0118032848185143 0.0129422289404678 0.00504163107279783 0.00288886433339083 0.00773857652954765 0.0103677092450858 0.011229384519674 0.0121703025590759 0.017827989665852 0.0157375408881525 0.0218502494460276 0.0149836096899596 0.00599435515030746 0.00359434510891783 0.00408841172110666 0.00390561991381859 0.00536969129137385 0.00436620148078581 0.024203580846121 0.0245850303998337 0.0247284537013445 0.0249911043562699 0.0189683223773752 0.0205556789486362 0.025272302070562 0.025751341802277 0.0101969472334187 0.0125913586614866 0.0206442089448995 0.01590036615129 0.0224319197734719 0.0200792113995122 0.0174079288496808 0.0165367451621797 0.0148241956250442 0.016285869087019 0.023840093972087 0.0241923991806322 0.0228382413766677 0.0202076309037396 0.0191335803788638 0.0304233578449524 0.0105219317071495 0.0111015089214704 0.00848180638996376 0.00776408661761789 0.00951716888477671 0.0040501901785046 0.0122743116335917 0.0060378169883313 0.00990948706060802 0.0138203937977495 0.0147771855545566 0.0113873024715428 0.00667876423806581 0.00927229868537826 0.0145683916467824 0.019689153935855 0.0056907948693346 0.00989892096233435 0.0148061256996253 0.0103677426539071 0.00789356724306274 0.00712062448048602 0.00981186022727656 0.0105435189469453 0.00952836563928079
0.0564112380404986 0.041764164131337 0.0389859805825478 0.0427080175010206 0.015842361930593 0.0174412203473043 0 0.044172101224153 0.0291374683226579 0.0198220529971797 0.0216892734963451 0.0124227240595896 0.0440113304508748 0.0284944488539596 0.0208942233158992 0.0230999223109467 0.0254720490861443 0.033360908840555 0.0375666585203725 0.0374879135078039 0.0069668346137512 0.00477347296658218 0.0362335581269028 0.0312751582171193 0.0123985976507909 0.00666065895266469 0.0206103243803594 0.0222509356080357 0.0338307350335553 0.0274099949469016 0.0556926885776792 0.0466673662571951 0.0632694743606692 0.040060881136596 0.0154657914297037 0.0103406916589084 0.0154819982315812 0.00913855012539316 0.0102903974553646 0.0134682831569885 0.071781509763191 0.0725747299262157 0.0753656983849158 0.0738795202146583 0.0479320942675115 0.0591848720641855 0.0753337523593613 0.0739969579207509 0.0298725009511785 0.0301627423852385 0.0621213290817914 0.0463512208484468 0.0713124203374577 0.0583615493949216 0.0599142855317877 0.047614918075395 0.0427910303138431 0.0484328738419889 0.0738727411941873 0.0634342670711152 0.0717276265583979 0.0616473352275879 0.0580624511301651 0.0840226081920862 0.0292625915379434 0.0341644707919573 0.0192610295127814 0.0149491678073113 0.020074986789522 0.00866904582368077 0.0356266443882343 0.0234972496053935 0.0264408539972868 0.0411230715390503 0.0381871107976837 0.0273635457661834 0.0206818760946993 0.0239740172126325 0.0406269452787307 0.0444125359039974 0.0207736065070709 0.0265241445872914 0.0421827076450498 0.0355537688212294 0.024272142835055 0.0215985855964676 0.0299642040097188 0.0351441084628134 0.0288632073574831
0.0463419309794077 0.0420598325044657 0.026953104202844 0.0387674902838285 0.0106821034815609 0.0146741384627954 0.044172101224153 0 0.0184473338656572 0.018540133635112 0.0198608981299238 0.0234507035556716 0.0310496090280678 0.0316160810918043 0.0131800612056431 0.0229108473723351 0.0254511489032826 0.0340957465002905 0.0313303285924346 0.0376229926694885 0.00480775387149662 0.00161447414903901 0.0261001669127035 0.0275184717242946 0.0101927493258584 0.00666196403844485 0.0192600839705171 0.0258936069602966 0.0271049390400277 0.0266358720778112 0.0447245785620192 0.045041261446313 0.0405444126176021 0.0303291027668168 0.0145540249962095 0.00973116454553638 0.012266294658759 0.00801841433504606 0.00928939458705061 0.0141519089271339 0.0593252832918294 0.0631105039432109 0.0586836756886318 0.0638065436864288 0.0423307941841239 0.0517264090894197 0.062152819582261 0.0602090544105283 0.0251960852637207 0.0264509181216386 0.0520301451018407 0.0442569795132715 0.0545998967575172 0.0476477895729333 0.0444499516716726 0.0444609203513359 0.0407295526713402 0.0496668654791925 0.0437380506583029 0.0547056381330179 0.0548020696352856 0.0538712919926305 0.0511979683033868 0.071272372232678 0.0211174679087046 0.0293990023519596 0.0193991365207061 0.01809876424417 0.0192182089101746 0.0130243477291715 0.0308634827051123 0.0185746223106275 0.0273676154329245 0.0408464530331032 0.0354510980413585 0.0264954424537295 0.0157487197016443 0.0178880568105754 0.0288602813816348 0.0381921606099313 0.0139659430694787 0.0216234985009811 0.0325601933463352 0.023038732815791 0.0187417680782284 0.0180128329162337 0.0237837560987333 0.0252523874758767 0.022056783104643
0.0214229657478111 0.0119840297905383 0.0146815178091227 0.015993258864246 0.0114973472390269 0.00832378965161054 0.0291374683226579 0.0184473338656572 0 0.0138644001391622 0.0113816245173962 0.00385555488431891 0.023519194221198 0.0135693648929175 0.0138193353939797 0.012179441363523 0.00499291930672905 0.00581922844820769 0.0109722850743278 0.0110446776353858 0.00353400914793446 0.000637258899835814 0.0175179988154729 0.0144882327134249 0.0074330552013159 0.00444636954861531 0.0068352059301346 0.00571345545975805 0.0113167898572522 0.0101582991543958 0.0186298524671386 0.0160942155544464 0.0258340616849187 0.0138571185705011 0.00696613509373331 0.00375702539646685 0.00625350263414273 0.00250107298468689 0.00535070880500733 0.0058418981761414 0.0236955579335257 0.0244904643721064 0.0262304491262476 0.0223073150214066 0.0138690141028893 0.0182085896370907 0.0275411282311009 0.0285325372642001 0.0111813191781863 0.00969884485876016 0.020350166969295 0.0128640651390032 0.027320135874055 0.0236085620006345 0.0240820238906482 0.0218102012128504 0.0113667688705741 0.0107992061606829 0.0382195997007707 0.0262155790929007 0.0263877443461676 0.0190306683482344 0.0211773214654242 0.0311772925091717 0.0139140850141314 0.0163567850423043 0.00759754149422616 0.00494744000363186 0.00375666654805941 0.00306057483534064 0.0149127077973846 0.0098362059289244 0.00445396344351125 0.0124793148396903 0.0096418309775136 0.00799217782072565 0.0106923231266842 0.0101917239380516 0.0183979221252786 0.0160636514571729 0.011403982552152 0.0125361479241043 0.0204791234781515 0.0186972271454983 0.0100692039097063 0.00876502161081954 0.0122474352891994 0.0149580114540558 0.0123598035457695
0.0188279689523326 0.0147376863901577 0.00872234551835575 0.0136725946147302 0.00543002615419982 0.00976118545488845 0.0198220529971797 0.018540133635112 0.0138644001391622 0 0.00823026742195902 0.0110411016971181 0.016065295813592 0.0163456582130928 0.0082300064897922 0.0149379259479597 0.0101098678812025 0.0140958225424802 0.0117794368371858 0.0139024521375549 0.00378822916371005 0.00227242123907091 0.0114702611823975 0.0114066460668142 0.00480029208917239 0.00203281065993871 0.00960382725287934 0.0112103652298727 0.0129028882381608 0.0134390764242075 0.0199327270151445 0.0175966713786843 0.0190667910239214 0.0127780132701095 0.00613937233917676 0.00475309563781871 0.00621736880182721 0.00331155727553341 0.00367288978479031 0.00442975061598178 0.0225268104508007 0.0262058863251429 0.023189698625918 0.0249540913757009 0.0159898965114171 0.0199569161637729 0.0254192119167872 0.0265830796003398 0.0111928955789614 0.0118601943609187 0.0199817483882825 0.0147839695868681 0.0237703373304042 0.0200869461250586 0.0204474274450284 0.0237541711278772 0.0134628656821721 0.0181818744165253 0.0249349847588902 0.0263176479134439 0.022642608406954 0.0198922364286503 0.0211701077757237 0.0319709137078503 0.0113019731060253 0.013185857708926 0.0093827046706078 0.00825014230588583 0.00588345015459766 0.00397892104545591 0.0130438722628904 0.007264692120303 0.0103250673552723 0.0171979737795465 0.0123557254329336 0.0100499575601197 0.00949821996980514 0.0093035655668756 0.011565568416374 0.0172692184486243 0.0071583179836321 0.0120998817625099 0.0158626070172488 0.0116271009491925 0.00803376793608568 0.00844800379347795 0.0106002772871643 0.0105638431923508 0.0104756508970863
0.033787686659661 0.0357319918171078 0.0136615319740979 0.0177292481062901 0.00853329514126228 0.00936498904067428 0.0216892734963451 0.0198608981299238 0.0113816245173962 0.00823026742195902 0 0.0364779826513064 0.0380126067493594 0.035227795056685 0.015428057787985 0.0183183908287872 0.0296242634651911 0.0371321978954477 0.0327578667308877 0.0384168501890368 0.00435747962015934 0.00413318914507952 0.0194740307998326 0.019313266576651 0.00601843856621093 0.00270166942457415 0.0252655529538252 0.031128232202123 0.0220908982223937 0.0208757626297349 0.0332735551894545 0.0339520483906982 0.00804436011187207 0.00321473855884741 0.00763084853248335 0.00423697004900923 0.00513907355715202 0.00336751259407155 0.00534739633877388 0.00837202886123649 0.0207704381574289 0.0208577566352086 0.0185501386350523 0.023015929731373 0.0193095698333994 0.0210949691940656 0.0144836571791255 0.0129041418046186 0.00956493625751586 0.0113592809601166 0.0346307460125084 0.0310849564119106 0.0109205294413093 0.0083359186346271 0.0299557626271903 0.0264053977872406 0.0460968773031085 0.0435660030959567 0.0131028717897016 0.0118066384772606 0.0131821249336122 0.0165928440053953 0.0363723348213186 0.0480127669268728 0.0181078529594575 0.0224396595976401 0.0169163009558499 0.0179519085043314 0.0113303429841912 0.0126679415282477 0.0190468639732756 0.00768510426470327 0.0317020309102389 0.0353203634274003 0.0352359959085122 0.0241064348019758 0.0121415141548934 0.00921965791628881 0.0201589057902095 0.0201704307982723 0.00609972011370949 0.00633068768175945 0.0127295057752957 0.00869318740009238 0.00706680370813017 0.00807227483369997 0.00850159683864245 0.00918487292765131 0.00735455172399025
0.0341792915384904 0.0461525230715717 0.0118107499577341 0.0200586264163073 0.00437297841550047 0.0112310963820172 0.0124227240595896 0.0234507035556716 0.00385555488431891 0.0110411016971181 0.0364779826513064 0 0.0269420023130223 0.043492907340318 0.00985492249627765 0.0246267693303675 0.029681106357493 0.0440098329326885 0.0316693957387806 0.0437298298637448 0.00271693418957368 0.0032943210329404 0.0140301296674744 0.0165451320312873 0.00918302438650723 0.003047095881997 0.0221719379492084 0.0375817318471973 0.0156354201903657 0.0201946091561091 0.0269915947615051 0.0333333644640265 -0.000304917571763734 0.00553640076797139 0.00840841274223379 0.00549496769129069 0.00422595578213113 0.00427222514705343 0.00474897051798762 0.00938474924963694 0.0235785414596701 0.021472669086651 0.0185072244402463 0.0296078123725919 0.0255824690240495 0.0241011356261866 0.0190374886442423 0.0194307943117941 0.0127712478699848 0.0159010155933646 0.0347547359688346 0.0431587422252844 0.0147624295231488 0.0173558741323626 0.0220004546915877 0.0282683854772226 0.0379789822911767 0.0488577977449172 -0.00354578748661431 0.0173657738534721 0.00951243972937612 0.0209496994667658 0.0376707059035769 0.0473261309009845 0.011887798066318 0.0149229488859285 0.0168680746524775 0.0235854390818136 0.0218158355772342 0.0184713613875194 0.0104354391234949 -0.00128025703563435 0.0288916197149061 0.0361709692574012 0.0338891097882989 0.026721346018642 0.00551537114729367 0.0082126743667623 0.0117818814057781 0.0225131028192186 0.00156304716365929 0.00703511018622319 0.00311837672840975 -0.00243782303128259 0.00118519843341018 0.0040948185620592 0.00300131358958105 -0.000729783570700937 0.000528090389873494
0.0510316629723556 0.0466770622143942 0.0310544855718106 0.0324337846043178 0.0165000963300855 0.0163306010464768 0.0440113304508748 0.0310496090280678 0.023519194221198 0.016065295813592 0.0380126067493594 0.0269420023130223 0 0.0452702203569884 0.0256715947959642 0.0266226048406179 0.0319218162794481 0.0422923980882944 0.0442026933664 0.0449007566409998 0.0100213138064211 0.0054574965349606 0.0358373512612178 0.0332144366679731 0.0110643548653893 0.00581838785163913 0.027331498054799 0.0314478822633373 0.0325475229333339 0.0289948944224789 0.0526431955076268 0.0439789375754063 0.0453542320282244 0.0286851306428506 0.0135178705421285 0.0085199456917441 0.0141408389004564 0.00721701927088172 0.00914328609801743 0.0117962717522365 0.0521624035238789 0.0523003863632928 0.0544227777381368 0.0546033125855917 0.0402646315158404 0.0451761708924694 0.0452438707700056 0.0453401922933026 0.0229451988201769 0.0248979371890247 0.054859959094495 0.0450052769670394 0.0378609932746275 0.0336244114490988 0.0405799192853699 0.0313081836120824 0.0456409791484042 0.0445832971689943 0.0564553576462453 0.0402272866071172 0.0435151186282694 0.0402890520486958 0.0541765202702349 0.0765799296740664 0.0286726524614689 0.0328229848070532 0.0198507180347332 0.0181254073369073 0.0241850037249215 0.013927802752788 0.0277160814986365 0.016514397210685 0.0359853137182474 0.050580530705567 0.0437791561856126 0.0361398134376702 0.023779244271242 0.0213974761528692 0.0410310312726906 0.0390485752766458 0.0143009856435823 0.0171287877647417 0.0286429686326302 0.0239182157178468 0.0151515245943582 0.0146810751759742 0.0203275474825168 0.0234107682549376 0.018041046888434
0.0446433072354636 0.0530804795751735 0.0223838161264029 0.0338628603834471 0.0123193892759706 0.0176587210655936 0.0284944488539596 0.0316160810918043 0.0135693648929175 0.0163456582130928 0.035227795056685 0.043492907340318 0.0452702203569884 0 0.0186171150510386 0.0337832308906078 0.0315198975617047 0.0460273575350621 0.0381682534158896 0.0480777847763263 0.00765265583358595 0.00194289060411401 0.0296225832351204 0.0364347183173589 0.0109489648999499 0.00771898308108451 0.0258360016456971 0.0379670632980021 0.0256731309947073 0.0322409962892597 0.0463953008685964 0.0443096461216938 0.0346788703886977 0.0276869690185424 0.0155770969979455 0.00918802168177 0.0110121097130226 0.0062567343457495 0.00961068471217747 0.0130537150260803 0.0414279984220937 0.0425297305517057 0.0384848556526323 0.0462107509414892 0.0374353582837195 0.0403210217374951 0.0344866611152433 0.0326399368642401 0.0198094901550223 0.0235124029301269 0.0495787711602187 0.048507752991351 0.020966586564966 0.0210107309640048 0.0253770165313351 0.0312044449048322 0.0434876329931757 0.0492422493219131 0.0409381396555508 0.0477320075194632 0.0306263148331268 0.0362374517196766 0.0545652389314992 0.0718547723730103 0.0204254768531495 0.0290368197958805 0.0209690996339792 0.0240175498483035 0.024161630277657 0.0205162133093658 0.0224342941800189 0.013321517568626 0.033029139752317 0.0520312287329671 0.0423425477415389 0.0394651040051832 0.0176446464035679 0.0199423115755882 0.0350364108350644 0.0463471341217786 0.00810529756097217 0.0137682704834819 0.0197220348137448 0.0120680693386612 0.00893073677673855 0.00951974427711861 0.0128016614138679 0.0124737783986991 0.0104938207642027
0.0212975367308864 0.0172684893134114 0.0143769006186624 0.0127840040492372 0.00826309095283682 0.00754092846772403 0.0208942233158992 0.0131800612056431 0.0138193353939797 0.0082300064897922 0.015428057787985 0.00985492249627765 0.0256715947959642 0.0186171150510386 0 0.014588098317274 0.0122430571635714 0.0149210368331316 0.0158599656597363 0.015116097041841 0.00297620893892299 0.00292841889603054 0.0167281087448835 0.0139582942887515 0.00672911689708905 0.00404799242143889 0.0110576277529983 0.0112421139709382 0.0141149753044661 0.0127504946905222 0.0218969485643813 0.0157393757708989 0.0235864560382609 0.0125463663322554 0.00637682950535291 0.0033462049232573 0.00670494667978096 0.00363513916636803 0.00582113897615603 0.00535300004300253 0.0236975987014866 0.0235958560746134 0.0240947661939534 0.0229046673688778 0.0182085110189681 0.0197236498781554 0.0200469163406056 0.020498425176074 0.01064461953231 0.0106709861342746 0.0239965029310583 0.01720082600103 0.0174206074558535 0.01477755203918 0.0183980549179687 0.0127139448281211 0.0159417643363599 0.014015440511963 0.0285943042839012 0.0186634893154302 0.0199906920092881 0.0177293580941354 0.0233931412461983 0.0327104610026577 0.0126176806708711 0.0123953718665794 0.00726584429292224 0.00559007752582445 0.0100829551556653 0.00642999168542997 0.0118901578488005 0.00647794277334842 0.0144274356488949 0.020336445235978 0.0180266381754001 0.0129837481811713 0.0105840765419599 0.0101046072943717 0.0173961019759879 0.0161754572475892 0.00694838407869778 0.00757796071017142 0.0124894759140992 0.0117802864480286 0.00645604290884635 0.00571810585403489 0.00872186549077301 0.0100569805561392 0.00775467921685473
0.0273714563950764 0.0267652044519935 0.0150305446333378 0.0216883469787232 0.00764521809465246 0.0127357309429028 0.0230999223109467 0.0229108473723351 0.012179441363523 0.0149379259479597 0.0183183908287872 0.0246267693303675 0.0266226048406179 0.0337832308906078 0.014588098317274 0 0.0160306804452877 0.0238940220407294 0.019971503473966 0.0232912396148283 0.00167466162631117 0.00417840893853159 0.0180599456101361 0.0202801727423273 0.0086347475915956 0.00564608080357836 0.0141563810622676 0.0207542383042761 0.0174394207968988 0.0188383355078034 0.0279380098658599 0.0258102324719999 0.0274543577947935 0.0190367709002869 0.00968045999706627 0.00644666112811925 0.00672635319480489 0.00514714051399769 0.00694536843904836 0.0105493355470097 0.0309972139394658 0.0323220129058532 0.0302148717221426 0.0352525739220344 0.0267265077836938 0.0288911070570483 0.029901382905338 0.0306908057111458 0.0154051333008808 0.0174197729630142 0.0309054125217013 0.0274120412429137 0.0272968979238853 0.0255730500149366 0.0262294983783852 0.0270804184971004 0.023695016170209 0.0303441949566773 0.0290647570990063 0.0340302698439098 0.026799241282593 0.0273320015893219 0.031680328827655 0.0447885414344939 0.0130041217905783 0.016532266375312 0.0117072055060649 0.0124122102885831 0.0108904257470254 0.0114630284948605 0.0171102936358741 0.00896093430568294 0.0166425214869302 0.0287629437389625 0.0234343679405555 0.019057585916158 0.0106309653816948 0.0153060856535244 0.0188020871586672 0.0285435179986702 0.00788130743089276 0.0137634871998639 0.0160549930822336 0.0110120673788422 0.00884195663943504 0.00882288929670964 0.0132562499237395 0.0114820912252283 0.0104275415732601
0.0491100276273556 0.062430712156312 0.0222467212630661 0.0278793248579194 0.00715277841680028 0.0097716240361825 0.0254720490861443 0.0254511489032826 0.00499291930672905 0.0101098678812025 0.0296242634651911 0.029681106357493 0.0319218162794481 0.0315198975617047 0.0122430571635714 0.0160306804452877 0 0.0708909374796132 0.0464938853072674 0.0627078068547719 0.012356047268877 0.00325227672878465 0.0242273659491643 0.0231213234205794 0.00711818062687928 0.00250118481518711 0.0380701521088744 0.0473520122335437 0.0401340976912006 0.0330140896388215 0.0661172816901337 0.0601424200851533 0.0297790190634164 0.0281330381687234 0.0121897434988652 0.00876343858686004 0.0145919234145504 0.00553959892957228 0.00868748163559095 0.0111068513344199 0.0604593188257819 0.0604219941281053 0.0587865219195369 0.0641383921357832 0.0446456702731633 0.0500591697961536 0.0394947109751346 0.0319081493577607 0.0195090394275928 0.0211639648815917 0.0683395063975456 0.0622399763355372 0.0251769557690642 0.0232840582171782 0.0260401311797406 0.0232160260754705 0.0693973017121421 0.0694334607048781 0.0200391620880653 0.0244514576058203 0.0391434491787093 0.0452230527832527 0.0708744935985088 0.0966506257247659 0.0253541238436204 0.0327474228094436 0.0278094872293685 0.0305002729728982 0.0296318715275799 0.0255395696667741 0.0298750577453353 0.0153163564102649 0.0605814954628016 0.0783889497266136 0.0609496569059813 0.0454774316241196 0.0212810455210065 0.0189792826592821 0.0260961702925953 0.0312807563895889 0.00464376183249418 0.0103014440082442 0.0175296170602063 0.011040491228919 0.0127463014115106 0.0136949301047815 0.0175849580689162 0.0159240680828808 0.0150251143139682
0.0628978971258969 0.0838781032387455 0.0315905366255789 0.0393016669959364 0.00947667788310255 0.0130556685733043 0.033360908840555 0.0340957465002905 0.00581922844820769 0.0140958225424802 0.0371321978954477 0.0440098329326885 0.0422923980882944 0.0460273575350621 0.0149210368331316 0.0238940220407294 0.0708909374796132 0 0.0614398027304886 0.081736209990242 0.0136920144765678 0.00371337488655453 0.0319983376388744 0.0301447194625991 0.0111607512681351 0.00333983951312562 0.0454163815980166 0.0622648744143133 0.0477354898540138 0.0412954486018596 0.0831222731894368 0.0768335525158731 0.0394720599013345 0.0374401445991035 0.0155356017425263 0.0121763595252016 0.0183343182660792 0.00704369514690285 0.0079382384503878 0.0126711376032687 0.0734420356914367 0.0729329305920957 0.0725909244116213 0.0815521300022092 0.0567517146560506 0.0639132237365739 0.0494439811695299 0.0420255522083111 0.0252392592554388 0.0290592633800481 0.0843199293321624 0.0860019362501342 0.0319248710127445 0.031567414092954 0.0336936174692193 0.0289207189043179 0.0839663333349855 0.093673513826525 0.0288897946960649 0.0351765060462615 0.0491896674144332 0.0590133572896931 0.0891727188375068 0.120773025167152 0.0314298552243521 0.0398077863347347 0.032989653137189 0.0397600448536622 0.0386283605175855 0.0315072440079831 0.0346005162283 0.0188346287472442 0.0712646134117927 0.0960565546372543 0.0744854858316725 0.0588582547629679 0.0256125749645585 0.0240848908377732 0.0344472978184164 0.0433669830045569 0.00547910453344855 0.0133146056148581 0.0187392361943851 0.0121512310766485 0.0138771536102364 0.0149467582016923 0.0194686586675927 0.0171035107830786 0.0159282786399745
0.0593036255935204 0.0613248973680135 0.0326345117008769 0.0359697582240874 0.00942195841732614 0.0127291754715917 0.0375666585203725 0.0313303285924346 0.0109722850743278 0.0117794368371858 0.0327578667308877 0.0316693957387806 0.0442026933664 0.0381682534158896 0.0158599656597363 0.019971503473966 0.0464938853072674 0.0614398027304886 0 0.0606273420418766 0.00969899471802989 0.00430155758649072 0.030892426889344 0.0292483087474204 0.0102042914433393 0.00392931044200643 0.0326213754521419 0.0413202251541647 0.0371005878996535 0.0305678835346661 0.0624260299496224 0.0540405689683641 0.0368099249215239 0.0340377487453483 0.0128109858208993 0.00968499988861546 0.0136346635164811 0.00760219350651441 0.00704707662348623 0.0099582132388439 0.0658689404820622 0.063666536362075 0.0647305521087388 0.069667216290585 0.0496710140824258 0.0556395607019896 0.0526806343803003 0.0467538470239857 0.0232321223670428 0.0263322303397237 0.0676730077044599 0.0603044861444468 0.039280491003072 0.0370409700867613 0.0346849985129201 0.0284882346241383 0.0600789329133409 0.0637317247263516 0.0355891387834893 0.0339945151324476 0.0472045409559516 0.0512566021710897 0.0675490302883846 0.0920776112540311 0.0297010331756903 0.0329187045140693 0.0250808635221866 0.026493178359084 0.0360045939836054 0.0192440693550778 0.0272213287282858 0.0160247492780367 0.0479787257976911 0.0623566043389546 0.0534745240334467 0.0421577399436818 0.0200292938422237 0.0197421281447438 0.0345820123017646 0.0382092669738459 0.00887490297070353 0.013840773629742 0.0222336433552731 0.0168443833103725 0.0129527915319709 0.0144554987620046 0.0180007070205455 0.0194748293056999 0.0158953150597309
0.0661460536423714 0.084221398796104 0.0334584760856219 0.044711689645957 0.0111249042188183 0.0140025696314919 0.0374879135078039 0.0376229926694885 0.0110446776353858 0.0139024521375549 0.0384168501890368 0.0437298298637448 0.0449007566409998 0.0480777847763263 0.015116097041841 0.0232912396148283 0.0627078068547719 0.081736209990242 0.0606273420418766 0 0.0137328831550889 0.00171065837665938 0.0351850398087993 0.035731561313858 0.0115343852939944 0.00465662402848943 0.0421794638269272 0.0569275022918884 0.0459574407390108 0.0400040892023702 0.0789039715805567 0.0755032401637954 0.0359102971135969 0.0353672673013701 0.016805231462503 0.01205099314532 0.0166780758538191 0.00680665559914324 0.0115779148445424 0.0144827471261624 0.0747818018425133 0.0754403612651399 0.0745331345757656 0.0829788818884007 0.0564502035923583 0.0639367727321636 0.0561611430838033 0.0458716620009178 0.0251990147953216 0.0280175142394783 0.0828810757396017 0.0828778409508631 0.0398159396023908 0.0397306043422232 0.0353435048988451 0.0313454518871392 0.0814396905397125 0.0877392334981672 0.0289801189178577 0.0346398045194663 0.0522442389361205 0.0590448136959297 0.0901361099125791 0.119327017034759 0.0328545635043022 0.0422969713381045 0.032258601938179 0.0375288318020758 0.0375434594613284 0.0298749116517217 0.0355146458237206 0.0198471003130052 0.064619253810622 0.08860819581835 0.0690515294195011 0.0552208738010028 0.0237210918098046 0.0235959054739359 0.0361914050601637 0.0422302239794606 0.0066815698234715 0.0139968779867296 0.0233991974440717 0.0150161746493323 0.015341653631721 0.0157934835658006 0.021717089044203 0.0212127172302004 0.0177394292739608
0.0100396602132006 0.0113318732970859 0.00580993677164933 0.00662076344499812 0.00492693956243418 0.00276593404630478 0.0069668346137512 0.00480775387149662 0.00353400914793446 0.00378822916371005 0.00435747962015934 0.00271693418957368 0.0100213138064211 0.00765265583358595 0.00297620893892299 0.00167466162631117 0.012356047268877 0.0136920144765678 0.00969899471802989 0.0137328831550889 0 -0.000506032911143051 0.00875134072487917 0.00834192769126443 0.00132444249025506 0.00139990541748486 0.0100023367342675 0.0101703676000185 0.011726280894491 0.0092652186276341 0.0158854183895429 0.0127472811494507 0.0128992463123084 0.00563841960073321 0.00331618343366099 0.00225474689210774 0.0056552578337761 -0.00103309244439635 0.00137665053244668 0.00111057860398965 0.0110968790790882 0.0118460895952226 0.013476260369641 0.010288447453206 0.00525528734987784 0.00800563278533655 0.00706111101478108 0.00550141123243249 0.00323807216113911 0.00240299868790089 0.0125041163790314 0.0107913057009981 0.00186271135527906 0.00174486117052008 0.00170213922467024 0.00276100607814674 0.0120567130155189 0.0108759013100812 0.0142064311382376 0.00735005527939434 0.00839447296992503 0.00663024355321465 0.0165206403732739 0.0201089480700352 0.0119523111669045 0.0131620761538431 0.00823794559292032 0.00743646599818755 0.00571535476790677 0.00660542808122966 0.00737136050069557 0.00668813988140411 0.0129535092250444 0.0186080119977773 0.0121807863586245 0.0106378119341249 0.00948994971910108 0.00498541395742415 0.00949361504532738 0.00760164138466296 0.0019019740813559 0.00281341284399508 0.00591092693789265 0.00497259212590394 0.00350324030217859 0.0033309542297477 0.00494209896542239 0.00560558742185723 0.00428313754918429
0.00388410450658369 0.00184749367699125 0.00253057784771644 0.00105293806494629 2.81421220992448e-05 0.0035068165373842 0.00477347296658218 0.00161447414903901 0.000637258899835814 0.00227242123907091 0.00413318914507952 0.0032943210329404 0.0054574965349606 0.00194289060411401 0.00292841889603054 0.00417840893853159 0.00325227672878465 0.00371337488655453 0.00430155758649072 0.00171065837665938 -0.000506032911143051 0 0.00213761314306775 0.00231165800954849 0.00256745436738908 0.00104529202972189 0.00153096012989548 0.00214336031997535 0.00369647135051387 0.00283641538371746 0.00307049820939873 0.000912629348615835 0.00627752678757189 0.00446407705283268 0.000325012197328633 -0.00157766912159445 -0.00022772323938188 0.00211215758577286 -1.6884548078871e-05 0.00119069165958191 0.00378762362023795 0.0022165603045999 0.00312866883555081 0.00479143184344088 0.00521647058811864 0.0048154137930981 0.00598671885936777 0.00719263117548436 0.00212806230829616 0.00450888617739014 0.002829641316227 0.000254926385260757 0.00640992650748164 0.0050515699071643 0.00706914156831347 0.00274320175156087 0.0046944307843246 0.00442201701852663 0.00237963271844925 0.00378364319406765 0.00294125350707153 0.002206689633505 0.00130327477300977 0.00432278946415781 0.00158922147607604 -0.00183478579947492 0.00236311173068315 0.000752936039885636 2.48369850172046e-05 0.00289134350185185 0.00345485395920698 -0.00127046510479651 0.00272547498759866 0.00161882039132421 0.00543163980025514 0.00309633512232509 -0.000523338057487048 0.00476741967639093 0.00352948921809045 0.00425733458919543 0.00130361224254382 0.00204388929901034 0.00208816201008473 0.00259239345725128 0.00207298717379903 0.00231661995697305 0.00131541535216938 0.00115393847874363 0.00195124595721899
0.0366036095107858 0.0373675240694582 0.0278391650610309 0.0303638905194649 0.0130908683346201 0.0118032848185143 0.0362335581269028 0.0261001669127035 0.0175179988154729 0.0114702611823975 0.0194740307998326 0.0140301296674744 0.0358373512612178 0.0296225832351204 0.0167281087448835 0.0180599456101361 0.0242273659491643 0.0319983376388744 0.030892426889344 0.0351850398087993 0.00875134072487917 0.00213761314306775 0 0.0300758990653207 0.00946213119798063 0.00693690390517033 0.0201075314741962 0.0236092398601898 0.0287378771114339 0.0263389356165498 0.042361805184038 0.0365986661114072 0.0467709218615915 0.0309638163988977 0.0117999664507251 0.00745805925005644 0.00951282264638826 0.00437411472758512 0.00910057153585951 0.0114794130589188 0.0426221190514539 0.0412918704336753 0.0470512726890669 0.0459286901465255 0.0286904528776428 0.0352229828699087 0.0382485193534275 0.0353362669734143 0.0158427659800726 0.0159458765040283 0.0429133916782588 0.0370254269457032 0.0304097335514833 0.025804047681351 0.0276505239460022 0.023074999260518 0.0332799263402776 0.0325827597531206 0.0528116126576598 0.0349698865963945 0.0412279122828175 0.0351595806298904 0.0430748912556256 0.0583241433354524 0.0240805037708164 0.0296336172310081 0.016539340867511 0.015813095509579 0.018127777204808 0.0134891495540143 0.0250081490352705 0.0153316319415234 0.0228597781803769 0.0367836339009136 0.0306243394615468 0.0245201415744871 0.0165535378115088 0.0168200984011617 0.0315460144225586 0.0297690308867552 0.010728829947681 0.0135759602607077 0.0240060056158889 0.0208189139948885 0.0135311410515493 0.0114555702557962 0.0172094182739569 0.019774153243205 0.015306998875374
