0 0.151361494838391 0.222940271127128 0.148558399055203 0.226189165088107 0.125738344728372 0.217581279877573 0.308208823576103 0.222947513788908 0.274988647379683 0.199959082042791 0.204818525772491 0.0445514426914516 0.1699194995983 0.173147386285154 0.228965312817753 0.0638742605403927 0.195183614140867
0.151361494838391 0 0.203117728992349 0.160008945965067 0.165649402770869 0.147522974687335 0.152373632974952 0.198483194772651 0.20996922099853 0.18993339387867 0.128885581682276 0.129908012257947 0.0316301301936849 0.0921224604186656 0.130649812834024 0.156909726314576 0.0490668306972846 0.087829403428919
0.222940271127128 0.203117728992349 0 0.289920886013931 0.29426493825559 0.13877126254939 0.228832545658523 0.272645159777902 0.275803361910298 0.327301185608427 0.133738849894253 0.210618192268448 0.014387063653329 0.103532623099778 0.173753222288585 0.223293946541831 0.0784530176639492 0.167614033449829
0.148558399055203 0.160008945965067 0.289920886013931 0 0.266965947084817 0.0836185958291264 0.173785675664769 0.193288344773977 0.190440971942811 0.261654862195478 0.11322067537355 0.171718766924888 0.0194411182776624 0.0884587680482947 0.120680198820574 0.160731569087292 0.0541877578141029 0.103114510040042
0.226189165088107 0.165649402770869 0.29426493825559 0.266965947084817 0 0.109856412869401 0.175492666276394 0.285060714456376 0.237138893627107 0.313473415928749 0.183881513798139 0.225659084386605 0.0633230839667543 0.148413481197313 0.173731093475258 0.218826791510288 0.0708329691878318 0.173767271044719
0.125738344728372 0.147522974687335 0.13877126254939 0.0836185958291264 0.109856412869401 0 0.117272633941023 0.187186982759123 0.175255806309848 0.122181565358628 0.104289436742401 0.132559910436928 0.0130671525397878 0.105227111062647 0.0765645909243638 0.145741290097432 0.0627728466801573 0.119172463145422
0.217581279877573 0.152373632974952 0.228832545658523 0.173785675664769 0.175492666276394 0.117272633941023 0 0.266577296500808 0.204854693418724 0.302211478608392 0.13319244064225 0.173989252572324 0.0134124761779535 0.101112181696004 0.158131867328106 0.210249421422024 0.0798510513901101 0.138785701622572
0.308208823576103 0.198483194772651 0.272645159777902 0.193288344773977 0.285060714456376 0.187186982759123 0.266577296500808 0 0.300973614558744 0.355260001829605 0.203194217477526 0.251505050370481 0.0311069624214391 0.165251430073858 0.209734252269553 0.285602530935052 0.116162713589305 0.2057710086031
0.222947513788908 0.20996922099853 0.275803361910298 0.190440971942811 0.237138893627107 0.175255806309848 0.204854693418724 0.300973614558744 0 0.299439270876315 0.152619172267577 0.200812283383572 0.0105253233700151 0.106147009240369 0.182262827101598 0.213391314374733 0.0658445280078974 0.123319003136741
0.274988647379683 0.18993339387867 0.327301185608427 0.261654862195478 0.313473415928749 0.122181565358628 0.302211478608392 0.355260001829605 0.299439270876315 0 0.193133645314414 0.206232976447246 0.0195771658528496 0.14621430930856 0.217612447759929 0.256940030033651 0.0965088716024906 0.188085938638707
0.199959082042791 0.128885581682276 0.133738849894253 0.11322067537355 0.183881513798139 0.104289436742401 0.13319244064225 0.203194217477526 0.152619172267577 0.193133645314414 0 0.209174643516882 0.0916351223905468 0.149822475545141 0.157548715319454 0.193052405647002 0.0957997633542964 0.158591404556477
0.204818525772491 0.129908012257947 0.210618192268448 0.171718766924888 0.225659084386605 0.132559910436928 0.173989252572324 0.251505050370481 0.200812283383572 0.206232976447246 0.209174643516882 0 0.0396935049192934 0.186062367483548 0.170097180602477 0.274551246403684 0.08416859123222 0.217457829955001
0.0445514426914516 0.0316301301936849 0.014387063653329 0.0194411182776624 0.0633230839667543 0.0130671525397878 0.0134124761779535 0.0311069624214391 0.0105253233700151 0.0195771658528496 0.0916351223905468 0.0396935049192934 0 0.0463344409083282 0.052247999250363 0.0307847240647438 0.0495265404571397 0.0254394487100425
0.1699194995983 0.0921224604186656 0.103532623099778 0.0884587680482947 0.148413481197313 0.105227111062647 0.101112181696004 0.165251430073858 0.106147009240369 0.14621430930856 0.149822475545141 0.186062367483548 0.0463344409083282 0 0.124580391500186 0.218843765884815 0.0624146179104035 0.241337953445216
0.173147386285154 0.130649812834024 0.173753222288585 0.120680198820574 0.173731093475258 0.0765645909243638 0.158131867328106 0.209734252269553 0.182262827101598 0.217612447759929 0.157548715319454 0.170097180602477 0.052247999250363 0.124580391500186 0 0.23269145507665 0.0936786828476916 0.137060310517643
0.228965312817753 0.156909726314576 0.223293946541831 0.160731569087292 0.218826791510288 0.145741290097432 0.210249421422024 0.285602530935052 0.213391314374733 0.256940030033651 0.193052405647002 0.274551246403684 0.0307847240647438 0.218843765884815 0.23269145507665 0 0.135567659559483 0.250403941435712
0.0638742605403927 0.0490668306972846 0.0784530176639492 0.0541877578141029 0.0708329691878318 0.0627728466801573 0.0798510513901101 0.116162713589305 0.0658445280078974 0.0965088716024906 0.0957997633542964 0.08416859123222 0.0495265404571397 0.0624146179104035 0.0936786828476916 0.135567659559483 0 0.075738557888987
0.195183614140867 0.087829403428919 0.167614033449829 0.103114510040042 0.173767271044719 0.119172463145422 0.138785701622572 0.2057710086031 0.123319003136741 0.188085938638707 0.158591404556477 0.217457829955001 0.0254394487100425 0.241337953445216 0.137060310517643 0.250403941435712 0.075738557888987 0
