0 0.0333773315557333 0.0172912565291223 0.0279882498631638 0.0137798566615519 0.013122371312632 0.012050223268694 -0.000259068643511754 0.0200866541189859 0.0132312132379518 -0.00383248145823595 0.0134114163620689 0.0155132059856626 0.0228057816227459 0.0133538529275095 0.0124165180679155 0.0204956093445346 0.0188577570497774 0.0253641834547007 0.0234456587989284 0.0122588885561283 0.00629756016989809 0.0204108126511542 0.00718821433056565 0.0100335798356843 0.0131350885862873 0.02561591535319 0.0248138019053456 0.0211796652882668 0.0165986757814666 0.0208293587883302 0.0163569727282963 0.026596154170216 0.0249709148391603 0.0153142992305024 0.0165668593997396 0.0221528495557776 0.0248595617567279 0.0191360703654175 0.0166696394548784 0.0270367606763717 0.022317261171831 0.0295717208505767 0.0295503921818263 0.0460313418875443 0.0212773043023167 0.0209033320431837 0.0138270121341965 0.012983449309983 0.0112133284309961 0.0102874911121444 0.0162951718372242 0.00978322046223039 0.00845758344692096 0.0151991634294826 0.0089860841527646 0.00639601636979957 0.00997544758398429 0.0260764825313572 0.0256694708112395 0.0254710473994789 0.0265470832032307 0.0211761075203829 0.0199604483075193 0.0302747629470069 0.0293809528375208 0.0136017093992068 0.0206598551803161 0.0210508632882789 0.0207504095657664 0.0117663949384724 0.0151806292161342 0.012703732241354 0.0130732324441821 0.0119331516978436 0.0215285698977595 0.0323550207041089 0.01377259898052 0.0124716453022608 0.0140390382331999 0.00187992984447561 0.0234159392445247 0.0190471983048541 0.00661859370376712 0.0141594922557441 0.0196879622396781 0.0293675422677017 0.0231970123266344 0.0181201833097963
0.0333773315557333 0 0.0246750688213641 0.0235344463784299 0.0262819110613748 0.0309192658255962 0.0131354196722908 0.0113537358255756 0.0199363025582775 0.0115805904525372 0.0115551785049953 0.0148888982512785 0.029889290598004 0.0278761881688642 0.0224635725347277 0.023897455467593 0.0216811112091231 0.0171420285935135 0.0270224831731937 0.0299889846590922 0.0169174360632587 0.0222270597690149 0.0214270694560143 0.0277467526680168 0.0167632909796999 0.0156595515218331 0.0262136110195056 0.0317118461636288 0.0227969217397622 0.0325549224050049 0.0416741517101368 0.0349916207604652 0.0201964159996923 0.0176912876538157 0.0115075368049948 0.00968436995565384 0.0164990099187307 0.0194707736456663 0.0124829405158004 0.0162011853098452 0.0183587660019925 0.0166065547835858 0.0117856083928028 0.0123865839397716 0.0353549136246568 0.0369274040129599 0.0272726417423868 0.0295426440172801 0.0202105064132048 0.0182127348791521 0.0286238753684092 0.0358337810665314 0.0132724941223033 0.0242510778580233 0.0212575948437543 0.0193835720614318 0.0118855015457141 0.0160711038233532 0.0136454996803165 0.0144950936252493 0.0100562398251746 0.0554269300791567 0.0279268316875983 0.0224285438709561 0.00969529735428478 0.000984108458465747 0.0202548924499551 0.0144209928978184 0.00527207249931359 0.00556078317399857 0.0303265761387471 0.0386215958899348 0.0228926973625694 0.0178249669593392 0.023855371108412 0.0243296188100655 0.0147359602540232 0.0152372431027859 0.0146743690425271 0.0183981977066113 0.0115857533930757 0.0107164716942018 0.0157958503293251 0.0205470304046563 0.0309110060793936 0.0311735441441104 0.0317795713174525 0.0319856395301356 0.0257837995487914
0.0172912565291223 0.0246750688213641 0 0.0202832266348702 0.0276587881765785 0.0274851702796759 0.0155303195900163 0.0153288136884557 0.0445045997968012 0.0424602241134059 0.02513347762839 0.0246864616535509 0.0309284914400408 0.0347520992309724 0.0386151344075001 0.0400276943988705 0.0290332054799006 0.0263342076825551 0.0184766667192952 0.0138023884363816 0.0294738777521595 0.0252915418565284 0.0188325648168813 0.0155925387882753 0.0195267637870489 0.0255690516065113 0.0215291578333058 0.022872304998344 0.0175417360287545 0.0121418310659594 0.0551684593100606 0.0532327915766461 0.0449774741878899 0.0394124958106938 0.0148833375418606 0.00994183910646704 0.0310672935869349 0.0266163262470167 0.0134015580223676 0.0167937553668186 0.0135665147217854 0.0082569757474875 0.0134171422268746 0.0151725835318391 0.0125016790484483 0.0115812190256952 0.0102062912262163 0.0310747263134307 0.0260845347015189 0.0146301347985852 0.000216025895126866 0.0279431381814535 0.0184846916814471 0.00442703663966121 0.00931755499846964 0.0348136812004865 0.048629136195749 0.0288253625027106 0.0219475984591076 0.0315977857257907 0.0319706737919847 0.0247340527963702 0.0240697834168048 0.0194201945688195 0.020550779954009 0.019211650031834 0.013391616365396 0.0190873989511937 0.0244936571932471 0.0395248923686507 0.0401526140462408 0.0385517861753607 0.0393231993779287 0.0327814261645286 0.0254113106802452 0.0363968996799532 0.0385541281178959 0.02220622502112 0.0238451246048087 0.0487951799975292 0.0519005214317134 0.030512539398487 0.029318654816 0.0343511352542369 0.0405198134623329 0.0420686689651617 0.0525532582230414 0.0418437624906284 0.0325708712933036
0.0279882498631638 0.0235344463784299 0.0202832266348702 0 0.0237087070873901 0.0174127354175033 0.0289326582549253 0.0244953943720227 0.0223433747056441 0.0208659778942987 0.0231468445258488 0.032050766012391 0.025477572896994 0.028477563302053 0.0221337134939906 0.0138043464434335 0.0662230119364459 0.0646005655798804 0.0522213951453483 0.0498176783930082 0.0224039216706752 0.0167439925594076 0.0390346452677491 0.037501661843053 0.01652401639703 0.0253793242802367 0.0201050077701574 0.0168091257140879 0.016556885245155 0.0211191287598559 0.0176923061503405 0.0172546761105036 0.0122313974242244 0.017815327554569 0.00574158180043737 0.00251065113437116 0.0156296159500523 0.0109820763575682 0.00421097837600556 0.00503690783125075 0.0171057752065845 0.0216420705691137 0.0155314736226324 0.0110493581991842 0.0184157750715464 0.0173865928777996 0.0142237335141358 0.0132716731895328 0.00837482869609993 0.0105797654372304 0.00980383856917225 0.00626763481823411 0.0108708727601722 0.0139393114924647 0.023856520633829 0.0238780974594028 0.0243413989919874 0.0227545929427057 0.0194078322823588 0.017048553632853 0.0255049767640433 0.0248682422187597 0.0134195074164883 0.011551687109769 0.0305133953195006 0.0280952617024735 0.024422526995988 0.0200640647431717 0.0212745359945661 0.0210209057627266 0.0295291636958584 0.0259761591884302 0.0224955525119509 0.0165483492888193 0.0181268216660147 0.0145962668015532 0.0247035729473229 0.0221602840071415 0.0129544194267505 0.0135245914318876 0.0133286305764184 0.0159216590531233 0.0171185478476734 0.0125478290037559 0.00880457591714405 0.00702900927267553 0.0322757560689985 0.0300097951402102 0.0302835739302004
0.0137798566615519 0.0262819110613748 0.0276587881765785 0.0237087070873901 0 0.0259276107296497 0.0113476200798531 0.00863947043284356 0.0245299837645542 0.0201419440616784 0.0110671638258801 0.0135579342948187 0.0121648981280366 0.00951543423365235 0.0103613911837192 0.0114668937992476 0.00987433215392404 0.00984684582603169 0.00819355441732808 0.00545263000488582 0.000748020303741013 0.0125069445180861 0.00877391023242652 0.000234228750874223 0.004484221519531 0.0144459634610786 0.0180241076337833 0.0111828734449367 0.00889078829512912 0.0145384666267074 0.0151288318074114 0.0126195348096114 0.0112433814548584 0.00800105355786395 0.00977648155721096 0.00702933792782411 0.00678711754838321 0.00939141599622286 0.0123269837100949 0.0176618312516683 0.0181068866146822 0.018139705554996 0.0167868356419396 0.01519788114529 0.0135098863652435 0.0192775623208565 0.0188526785119598 0.0100487954039033 0.00962330679279825 0.024664679806328 0.0238391953393307 0.0181841803965001 0.0161536315456806 0.0160736674961306 0.0170552732208257 0.0237425898089433 0.0206736195077296 0.0223871503093561 0.0145164865982153 0.0154163316762519 0.0118018458156079 0.0192780184230785 0.0191033602580734 0.0101649633111846 0.0105385511621251 0.0104477957769511 0.0144256532608803 0.0124112065749347 0.0129694714622143 0.00768930137705404 0.00570512010570195 0.0237242527471442 0.0247340629212658 0.022965232400202 0.0213886144127767 0.00973198056484834 0.00804535787911081 0.0190604660258159 0.0163720408546475 0.00846868506043657 0.0108239061375451 0.0113257375912784 0.0079832723379858 0.00998155658914628 0.0093285136055283 0.00830259131411684 0.00779010271073898 0.00795511754286635 0.0011073380345609
0.013122371312632 0.0309192658255962 0.0274851702796759 0.0174127354175033 0.0259276107296497 0 0.00931034978367122 0.00577731239907928 0.0011323654382018 0.00483632003515485 0.0082142371842213 0.0121866174368312 0.00835719309598364 0.00625297281563282 0.00930749096592732 0.00896606857714102 0.00889355319109089 0.00959054013614865 0.00557061410696331 0.00470566697199965 0.00805988256125717 0.0046566958046777 0.00558771355707959 0.00631519415269093 0.0122358561524917 0.0116360992057415 0.009015407507748 0.00921555611173995 0.0091659964584557 0.00710173160589905 0.0104893559053011 0.0110146713445211 0.00739675622028269 0.00844826415741053 0.0091449522850837 0.010720488778932 0.00605840093810062 0.00651072303120289 0.0089085524133979 0.0112024029714958 0.01154085189064 0.0149996877362689 0.0173611404219376 0.0105922210958014 0.00722070016335025 0.00494429379333706 0.00323745614561945 0.00389698316329027 0.00649524513493775 0.00677954905158533 0.00583365180819443 0.00715239099070747 0.00780537981734724 0.00734398824684499 0.00669206855127152 0.00464314313136891 0.0146896223249434 0.0139769928792471 0.0115878638511219 0.0119380715696546 0.00884393393819218 0.00611347929409729 0.0118284429546149 0.0116411523588553 0.00528504934696276 0.00849186875337825 0.00707523116582563 0.00690987279277323 0.0039340786362191 0.00635298193884582 0.00522181207769988 0.00528394295563678 0.00321765205478694 -0.000495193738050881 0.000268948688087008 0.00457761353270549 0.00100347749016088 -0.000836783516008703 0.000247187699005037 0.00228114347539819 0.00101627115043378 0.00149845839775122 0.000675906854320554 -0.00517925260195081 -0.00443734171179008 -7.26155901796651e-05 0.000120829219230612 0.00138034579308884 0.00095098628207036
0.012050223268694 0.0131354196722908 0.0155303195900163 0.0289326582549253 0.0113476200798531 0.00931034978367122 0 -0.000697503279256199 0.00134029781887047 0.00324822561829789 0.00461773091424683 0.00184512571773423 0.00319286493118959 0.00346945725414014 0.00372807741183367 0.00472105753612176 0.00550748475184968 0.0030309634694771 0.00196016505005697 0.00279422999828665 0.0019027793376748 0.00220515878281249 0.00164439280235383 -0.00230715001891855 -0.00135690497672306 0.00124449740606555 -0.000777069202108217 -0.0073018084561643 -0.00775430822705207 0.000945717414574585 0.00023689687468478 0.00299238699225572 0.00367572251700637 0.00268060866139026 0.00111124461484273 0.000470771349553612 0.000497863113100768 -0.00692781220888227 -0.000304921487054613 -0.00241058001027568 -0.00138260848129167 0.0024707339412517 -0.00103264249464338 0.00219979246453491 -0.000539575804147627 -0.00161362018974629 -0.00126388223623122 0.000483225755118855 -0.00160373967135598 0.00169048691065207 0.000436200696819724 -0.0007072265051168 0.000344309268371462 0.00115836923711445 0.00141578189442656 -0.000329503059409785 0.00167342274381761 -0.000296403372479447 0.0215615046887912 0.00716211885520889 0.00976329348609176 0.0185618148692854 0.0230494055570711 0.0229575161887909 0.0173232047200262 0.0234579834998293 0.0188250601182574 0.0264527031174886 0.0210315539161036 0.0106522454735026 0.0120182220666962 0.0117430687248688 0.0108246588745552 0.0113181838285324 0.0125354091075962 0.0270762520778659 0.0267206539641997 0.0259412346986801 0.0250491378947704 0.0213309631502577 0.0192267600045836 0.0273959479034801 0.0302689399303552 0.0143861205636289 0.0165053251029668 0.021400102348994 0.0258273570920768 0.0188603982081084 0.0195587947252877
-0.000259068643511754 0.0113537358255756 0.0153288136884557 0.0244953943720227 0.00863947043284356 0.00577731239907928 -0.000697503279256199 0 0.0232907290926367 0.020266692382254 0.0238558822936726 0.0207406741464332 0.0444253681264878 0.0282831796866588 0.0231769327875114 0.0162411731511331 0.0131279680578125 0.0125433612875739 0.0130941594826045 0.0139028250891611 0.00935522978183017 0.0163226875164434 0.0131512520990556 0.0131044402576233 0.0147438241414603 0.0102264106555632 0.0287649510583618 0.0334790457258464 0.0240442657283497 0.0258809020340836 0.0142496695161589 0.0120398138126772 0.0275888831527043 0.0272488577172353 0.0111841252696613 0.0160843082676649 0.0153671444032138 0.0157696415939075 0.0104568991303653 0.011947969864881 0.00965813509773615 0.00944784436018481 0.00911075417373594 0.00933369827987879 0.00946387657270619 0.0143570379911975 0.017978211343102 0.0193312445503905 0.0161430222126011 0.017156285213071 0.0156179529067762 0.0183624701918273 0.0184748311780793 0.00897345928757127 0.00993521254560546 0.0100380456240314 0.00829978893474611 0.00851858346947487 0.0101304529696169 0.0207882574096882 0.0196917831707202 0.0185209972990778 0.0183089272055918 0.016430627202863 0.0142441112014835 0.0209265179118292 0.0240408636402667 0.0110759512198097 0.0137238293478653 0.0138468560274684 0.0177635029882809 0.0133278134134101 0.0129911147118919 0.0178760833698567 0.0209993110734099 0.015180346342649 0.0171244610103478 0.0289006823744494 0.026513011138913 0.016804213131938 0.0143311758251343 0.00904228573744917 0.0067325159148795 0.0114660450597126 0.012560904088694 0.00736997755174959 0.0131796005931251 0.0128198384933201 0.0117504073386311
0.0200866541189859 0.0199363025582775 0.0445045997968012 0.0223433747056441 0.0245299837645542 0.0011323654382018 0.00134029781887047 0.0232907290926367 0 0.0117059816278028 0.0092494775171745 0.0240195513180936 0.0255932568213716 0.018548005624695 0.0195248144682093 0.00974671154124129 0.00903501584257464 0.019772918326917 0.0236962139112027 0.00884606742619225 0.0134066904031879 0.0132299070410282 0.0118466454159261 0.00762114801640182 0.00920971279121852 0.00857324212442664 0.00852329342276746 0.00648083005958334 0.00311167056767959 0.00385857141537138 0.0051986583666773 0.0105652903517332 0.00702265301906126 0.00572661325866755 0.00454439047723959 0.00339803124532279 0.00706516076094047 0.0010952472532381 0.00363241884279215 0.00206508519688492 0.0031971990084011 0.0034392826892376 0.00433759251812232 0.00901731356294029 0.00757287646736954 0.00732085813573864 0.00942856134754977 0.00538746341425428 0.00437863472231877 0.00703167870143229 0.00930635605820976 0.00460662090362287 0.00457069634951424 0.00462937183413644 0.00462364844023084 0.0032195388418608 0.00155798028514311 0.00211723922272099 0.0036062131806528 -0.000947115637463022 0.00087204892842533 0.00177038202750776 0.00695043380476331 0.00359175179973718 0.00487617830652919 0.00389803942957282 0.00222165199200724 0.00629579308066811 0.00409725744389195 0.00327765676257168 0.00515740261355591 0.00304029477782074 0.00520650770576986 0.00198429742876025 0.00190801818954644 0.00960661280871095 0.00914371989205692 0.00626353395935096 0.00515200772784313 0.000664679637061028 -0.000552706275942594 0.00613272748958015 0.00800391580878265 0.00311929249384703 0.00418348490783023 -0.00114804849508817 0.000779400453061768 -0.00141849450484747 -8.44502354786234e-05
0.0132312132379518 0.0115805904525372 0.0424602241134059 0.0208659778942987 0.0201419440616784 0.00483632003515485 0.00324822561829789 0.020266692382254 0.0117059816278028 0 -0.00010378363146478 0.000782783865307984 -0.00127525527025041 0.00613131461225992 0.00875201025471367 0.00760685114823934 0.00679226845272877 0.00855886721806627 0.0080165933879364 0.0116314764230818 0.0136828695703855 0.00530041218008763 0.00296356120025177 0.00799902158181822 0.00352565551389668 0.00512615529906984 0.00560343604153306 0.0115666171188176 0.0103504232116478 0.00993460658866382 0.00815132906522261 0.00899723474797515 0.00675841540691814 0.0120323762395499 0.0118846221974714 0.006618017046816 0.00740188918193743 0.0080442964444279 0.00955317037950325 0.00676166736157455 0.00561708658523435 0.00801130002460664 0.0067616536233699 0.00654815235693901 0.00916194572035524 0.0174957619463852 0.0107596430691825 0.0086071119482792 0.0070011190957152 0.00499381598344736 0.00380456667908315 0.00461767054549693 0.0068284795046888 0.00194124917658455 0.00429155402038085 0.00704245949977169 0.0051354027439089 0.00371194863118979 0.00455413412781427 0.0114805366908837 0.00992438425119953 0.0102318424914038 0.0115529466490207 0.0083629079705145 0.00742158188935838 0.012275514545611 0.0145640765800916 0.00536015692453055 0.00905951484278333 0.00818801871706625 0.00827139887463199 0.00311435972207572 0.00466728907439698 0.00469366721623653 0.00496129616603834 0.00357479182122066 0.0277746063434163 0.0197134157059941 0.0159511301515387 0.0195630383044459 0.0187860396024756 0.0168129850402548 0.0169070013422261 0.0114550443141195 0.0135363569603899 0.00975456708963853 0.0100156685871854 0.011773575710812 0.0148245495101058
-0.00383248145823595 0.0115551785049953 0.02513347762839 0.0231468445258488 0.0110671638258801 0.0082142371842213 0.00461773091424683 0.0238558822936726 0.0092494775171745 -0.00010378363146478 0 0.0225957780013597 0.0224471744589218 0.0211152204911645 0.0229657367331202 0.0190440095758345 0.0158477254222583 0.0207640634287986 0.0221530262934679 0.0126382874762607 0.0147212630484656 0.0253257482020751 0.0268492262750185 0.0151644466194905 0.0170148304588729 0.0235576369318066 0.0257720125472167 0.0267818268338368 0.0276519836658749 0.0306172844609198 0.0256332089917113 0.0154274340615186 0.0126854543689157 0.0158742903179323 0.0144922521163377 0.0147589385292227 0.0128680011238953 0.0137752255845255 0.0187506789870886 0.0187998297399829 0.0180584315420761 0.0148903042162877 0.009535920313663 0.0375365742582241 0.0382180481841433 0.0300760191269674 0.0283647144873545 0.0128246207398554 0.00921773305571657 0.0238692503621267 0.0226829428658659 0.00982287455454416 0.0135328511685522 0.0126292145542597 0.0091549416281047 0.0108188889115138 0.0116687104222692 0.00981375342496151 0.00883779524336444 0.0081703743499823 0.0261434075982655 0.0211093085213859 0.0253437715570485 0.0257688529056168 0.0222813235696044 0.0252435803060081 0.0150177811166737 0.014064675575006 0.0167172043520685 0.0103246307785439 0.0122561040018509 0.0172309340153007 0.0338007273768751 0.0332305457940352 0.029866641580585 0.0322666539736226 0.02639657542434 0.0208433644607491 0.0289818396673611 0.0312942279286715 0.0175260376939684 0.0206845234659397 0.0323866552724815 0.0365684879244839 0.0210354363079223 0.0209323784577677 0.0289970104027924 0.0353849734853597 0.0300484732260703
0.0134114163620689 0.0148888982512785 0.0246864616535509 0.032050766012391 0.0135579342948187 0.0121866174368312 0.00184512571773423 0.0207406741464332 0.0240195513180936 0.000782783865307984 0.0225957780013597 0 0.0404852652407485 0.0365093859497516 0.0341929147824459 0.0188081211268831 0.0165650232614534 0.0182449822414801 0.0149283086155711 0.0181267595904304 0.0170389681322155 0.0177976572638561 0.0238069869041866 0.0222785347150764 0.0215460460877697 0.0185086967566035 0.013671725288876 0.0529710600036208 0.0503940973214307 0.0389604218836189 0.0377034666562452 0.0186963755160609 0.0147293558339541 0.0314655550175898 0.0331711554424315 0.0126534695216372 0.0201061685826458 0.0154021688188788 0.0115424739884321 0.0109467005575362 0.0154558131097126 0.013377301384728 0.0127229207740352 0.00835421887278998 0.0210286440484782 0.0240568388280217 0.0210423829871026 0.0205480879065277 0.0238283484748896 0.0103831578993968 0.0118790616819152 0.0124404320390854 0.0104373776301281 0.00833811406666769 0.0130784264444724 0.0284053681634054 0.0284129881787363 0.0237282991264968 0.027286727773389 0.021728543450592 0.0188369349595712 0.026607788016105 0.0320565091339244 0.0159912387669603 0.0191460751002236 0.0174050132916741 0.0232359050314577 0.0165887636936053 0.0152958307541585 0.0194775752652496 0.025187653618897 0.0188727361682171 0.0254199892389687 0.0290328730357232 0.0277657273042698 0.0189701194936782 0.0174103771511938 0.0103967954447684 0.00948031463229319 0.0168356576830537 0.0156881700233637 0.0135521137443292 0.0198622722464944 0.0157614936058785 0.0163532351919939 0.0167913918294217 0.0123974789162 0.0383938743083449 0.0373412868122521
0.0155132059856626 0.029889290598004 0.0309284914400408 0.025477572896994 0.0121648981280366 0.00835719309598364 0.00319286493118959 0.0444253681264878 0.0255932568213716 -0.00127525527025041 0.0224471744589218 0.0404852652407485 0 0.0254874163605468 0.0234460140063184 0.0116388640220747 0.0101897400450849 0.0233543490540956 0.0262159010175522 0.0108446822911848 0.0164349180450414 0.0120290441123304 0.010898355310621 0.00862682856290954 0.0119510284451071 0.0101844529766461 0.0109820559363551 0.00621448632072956 0.0161929927349481 0.0159418624913314 0.017331695004542 0.0191911103459769 0.00836479141080857 0.00780921829545167 0.0099390633615007 0.00612270636447508 0.00494490798764035 0.00893978834703266 0.0207176623869602 0.0207461390571465 0.0178304596859948 0.0210258559742585 0.0154388916419419 0.0138169437154963 0.0174855572731153 0.0206351443027751 0.0104258257066366 0.0129122623480669 0.0135114691492042 0.0178054074608388 0.0100038360246578 0.01052497114574 0.0158221065546424 0.0213939234335341 0.0132949179903049 0.0189604263925791 0.0254738205433221 0.0269940766186993 0.0131978361827417 0.0135528342895291 0.00795808011025158 0.00654155204776193 0.0121350050201007 0.0118192081488802 0.0109144295218419 0.0138279044585863 0.0116237711369395 0.0103959239517126 0.0134819641389727 0.0102497331373624 0.029163066064238 0.0288356537333602 0.0195176355079682 0.0192198195080236 0.00935426137514474 0.00943473523189265 0.0184548098321914 0.0222182490055752 0.00694970245953061 0.01103614463195 0.00882391242662968 0.00706378947791166 0.00556822416522941 0.00849626690888636 0.00704678880145761 0.00669368761874414 0.0043383876577957 0.0243589178233224 0.0253002698559747
0.0228057816227459 0.0278761881688642 0.0347520992309724 0.028477563302053 0.00951543423365235 0.00625297281563282 0.00346945725414014 0.0282831796866588 0.018548005624695 0.00613131461225992 0.0211152204911645 0.0365093859497516 0.0254874163605468 0 0.0267421441911014 0.0135554091858832 0.0139784702994149 0.0155976928023129 0.0129025292284672 0.0131593121900684 0.0153770220924087 0.0332604705901943 0.0326380596423653 0.0280726605381932 0.0282569437495609 0.025937219249161 0.0226828283531283 0.0344244046721725 0.0381542545828619 0.0195740610923944 0.021979763340129 0.0240004398572445 0.0281131444668378 0.0247314034101788 0.0221347354230363 0.0262184712040234 0.0280939893372312 0.0266939393385247 0.0289265333091546 0.0394980579452587 0.0301266203498691 0.0264588203063166 0.0211978699802977 0.0169922201217424 0.0149438680031634 0.01680747828312 0.0175653874948579 0.0135480222753556 0.0205943828389954 0.0196144079902362 0.0166975764122834 0.0147215320411434 0.012667328289407 0.038904693709157 0.0392678835972024 0.0293218157658383 0.0270058006865772 0.0157071566311011 0.0123366498601329 0.0290409579925132 0.0294338919723006 0.014435674114553 0.020934746885489 0.0201586484744902 0.0189205192607772 0.0146064936233389 0.0170717540085377 0.0150684068892856 0.0165821732617828 0.012001664211584 0.0223096544827618 0.0256507001990184 0.0122458030493364 0.0113368947756036 0.0150343018043309 0.00996807422214807 0.0111519791541827 0.014465518755556 0.0304172169128676 0.029711259659466 0.0253789435675803 0.0257740449961766 0.0239307584029958 0.0199719934444539 0.0303412940389387 0.0334380529437222 0.0173124229340002 0.0198237673666053 0.0240364684249875
0.0133538529275095 0.0224635725347277 0.0386151344075001 0.0221337134939906 0.0103613911837192 0.00930749096592732 0.00372807741183367 0.0231769327875114 0.0195248144682093 0.00875201025471367 0.0229657367331202 0.0341929147824459 0.0234460140063184 0.0267421441911014 0 0.0270886430509959 0.0215268664188518 0.0194529107954008 0.0237642327130948 0.0297380097787624 0.0250145122425329 0.0313289009300792 0.032876058690895 0.0295253435788646 0.0210724261749242 0.0186752748441842 0.0152845406268158 0.0131824811902837 0.0153505003610391 0.0160329246996073 0.0136401239813958 0.0190106726950705 0.017033268071616 0.0162908307217256 0.0137342943262647 0.0121295603041941 0.0385919051716289 0.0371345067610236 0.0285132979456196 0.0264863059531984 0.015347729961176 0.012771019831686 0.026197958031714 0.02855767622575 0.0128785716929867 0.0199250759956131 0.0184874130381024 0.0150576558804957 0.0123986451607492 0.0151863476199403 0.0145445965448302 0.0146408485536751 0.00989778535377501 0.038699500874356 0.0120480823419401 0.0081907916541302 0.0167083885084517 0.00845474134229595 0.00943578992994108 0.0117545101625034 0.0308112891043178 0.0287733204666977 0.0251445725392831 0.0253855229450778 0.0223757557846816 0.0194376245198099 0.0277397704039773 0.028934202244704 0.0169289066273007 0.0188489406416262 0.0191758872563764 0.0239158474121133 0.0194453751814053 0.0179071833947134 0.0256288489848283 0.0210413592069283 0.0223208080916303 0.0249221254588674 0.0572046384588758 0.0378332792551517 0.0253084112886807 0.0219265165134036 0.0130251404896473 0.0101238040996696 0.0105792488075387 0.0142662278852259 0.00946513578416882 0.0109630454096783 0.0212303143686337
0.0124165180679155 0.023897455467593 0.0400276943988705 0.0138043464434335 0.0114668937992476 0.00896606857714102 0.00472105753612176 0.0162411731511331 0.00974671154124129 0.00760685114823934 0.0190440095758345 0.0188081211268831 0.0116388640220747 0.0135554091858832 0.0270886430509959 0 0.00989867499761845 0.0138410023783742 0.0139339462521966 0.0304635473283832 0.0341451803434029 0.0251095087976219 0.0286799383295004 0.0207759814900137 0.0194456634331902 0.0323489476542459 0.0364327436316159 0.0114860710089393 0.0203470413702862 0.0202038560897863 0.0189245303174531 0.01150374089506 0.0140482059086365 0.0143639699196024 0.0133070460866262 0.0120190331644109 0.0118830469125228 0.00457227123691543 0.0205709726364942 0.00737316105034718 0.00784394427362978 0.0132234145692793 0.037013038635163 0.0321468811669911 0.0284495323714919 0.0289235231307542 0.0239280975181018 0.0192308147942318 0.0326718970607453 0.0349298643724313 0.0190464315638718 0.0237771640238017 0.018000613413776 0.0220702783674785 0.0198557158694563 0.0162815106243906 0.0235979246675553 0.024989930447162 0.0167107597049897 0.0297739467119519 0.0503896115200323 0.0418446711755178 0.0259082744625903 0.0282668308356266 0.0115707596165814 0.00658669321582695 0.0134263462377626 0.0171665999726428 0.0106555713792513 0.0120562070943135 0.0282909913685504 0.0100599506656071 0.0124736339275072 0.0156874622935563 0.0382774122701203 0.0345521464350027 0.0267759072727174 0.0316077213337121 0.0228061899271969 0.0199843268710187 0.0341242004914468 0.044620217902126 0.012325894576272 0.0251725651355725 0.0216447663520123 0.0185282254469826 0.0094273525178627 0.013174958253396 0.0169181776174075
0.0204956093445346 0.0216811112091231 0.0290332054799006 0.0662230119364459 0.00987433215392404 0.00889355319109089 0.00550748475184968 0.0131279680578125 0.00903501584257464 0.00679226845272877 0.0158477254222583 0.0165650232614534 0.0101897400450849 0.0139784702994149 0.0215268664188518 0.00989867499761845 0 0.0162855841649206 0.00906800499516041 0.0114260560057602 0.00889550512480407 0.00883830956762633 0.0107114028378861 0.0108090331323075 0.0153417918906786 0.014464790810668 0.0135453247136217 0.0119013266653414 0.013102240874194 0.00996194848402188 0.0170615775606673 0.0191836495196967 0.00965672117728074 0.0123070834349943 0.0118312300106391 0.014450412433257 0.0100596348718381 0.0104058391056442 0.0117147033545002 0.0139965308956257 0.0119837481790161 0.016689302504617 0.0197586291154536 0.0137170478533759 0.0122070138899212 0.00907674964923695 0.0076783753765821 0.00546815541764905 0.00961822865726216 0.00914910789096438 0.00777081365663694 0.0134508740406436 0.00895124665340696 0.0127516478333672 0.00977635007857904 0.00831596684175039 0.0211391608233169 0.0213378610205582 0.0162693038246192 0.0148899837985954 0.00996576283871261 0.00562522154910244 0.0144455723617138 0.0144335608417021 0.00728495040253923 0.0111890987024693 0.0123559168883458 0.0108692595731349 0.00928207327804954 0.00992814810427998 0.00975292577616714 0.00955299212118001 0.00716945835007145 0.00406659727471854 0.0138911770404393 0.0146934922422186 0.0145791840265317 0.00984608549257055 0.00904820807628793 0.0109976447055031 0.0102875438263597 0.00983945873336925 0.00738991702857823 0.0120002046946272 0.0149965838409703 0.00689891469816008 0.0103764738900169 0.0133246360853649 0.01588969244913
0.0188577570497774 0.0171420285935135 0.0263342076825551 0.0646005655798804 0.00984684582603169 0.00959054013614865 0.0030309634694771 0.0125433612875739 0.019772918326917 0.00855886721806627 0.0207640634287986 0.0182449822414801 0.0233543490540956 0.0155976928023129 0.0194529107954008 0.0138410023783742 0.0162855841649206 0 0.00871662765243799 0.0120221305623312 0.0104787973759271 0.0136442884627872 0.0158088104060208 0.0119052292858315 0.0178110259398709 0.0128412710026352 0.01263839199871 0.00888807412754165 0.0109120321833056 0.0118514394552056 0.0126068275363226 0.00908204670779467 0.00925649468613387 0.0187743328150388 0.00784380865089308 0.0167825848523891 0.0121170862539547 0.0068100175740205 0.0178922390637395 0.0236361327759844 0.0167115759771434 0.0146105412379163 0.00709587653550354 0.00105097849393402 0.0125927841857397 0.0088992767616798 0.0065507871114441 0.00768329509823159 0.0101942925605879 0.00882285706371663 0.0121499200375644 0.00936350455126527 0.0077708554790959 0.00694176714638403 0.0083605538358056 0.00488069093513709 0.0078678608469513 0.00743281543402551 0.0214209476164181 0.0188675235069827 0.016837573331938 0.0148186656781806 0.0162749468704173 0.0126158594988712 0.0210581273208017 0.0207762825050617 0.0130510140054117 0.0146134391513492 0.0134256707418178 0.015643611425619 0.0145892186113506 0.0102062118925632 0.0166040949466194 0.0184786092618065 0.0153564593010425 0.0234063391815118 0.0249305029916076 0.0175254407174265 0.0139713605439767 0.0120811442638697 0.00764897185783022 0.00427488745222334 0.00811194265572843 0.0117126651629174 0.00799320955220957 0.00779427450709707 0.0102350675459117 0.00630392280684729 0.00674568764854962
0.0253641834547007 0.0270224831731937 0.0184766667192952 0.0522213951453483 0.00819355441732808 0.00557061410696331 0.00196016505005697 0.0130941594826045 0.0236962139112027 0.0080165933879364 0.0221530262934679 0.0149283086155711 0.0262159010175522 0.0129025292284672 0.0237642327130948 0.0139339462521966 0.00906800499516041 0.00871662765243799 0 0.00808504982018985 0.0251955619209185 0.0208771625405408 0.0188668193550099 0.0179176339955409 0.0142660667199065 0.0120198622688004 0.020217483410971 0.0228164188818849 0.00979531225121591 0.0160864284690496 0.0132763948121333 0.0131497570363988 0.00598375819049791 0.0111086866308436 0.0100750624743514 0.0112649509195927 0.00569733312863159 0.0120570642972118 0.0105403534328211 0.0114914649238251 0.0108078087359016 0.00999903797156049 0.00976005383947317 0.0107722280533144 0.00949616090205182 0.0133936076338898 0.0169263812968419 0.00810991370536819 0.0118166774849895 0.00905731531318371 0.0115266971895189 0.00711072402007182 0.00911089268571968 0.00753161779829668 0.00915203536736706 0.0108076987470312 0.00955597432027876 0.0185481061696223 0.00994701196483913 0.0120827220383043 0.00870879692674895 0.00710232980728902 0.00846915212670665 0.00920152020527408 0.00648963594991032 0.00672948833094018 0.0133567296011839 0.00503651651791219 0.013008439098856 0.00738953758785033 0.00510428774736133 0.0140084912733903 0.0182136391108988 0.0123790403011846 0.0110627088506172 0.00659878826945337 0.00214995322897327 0.011810660484445 0.0102023765814768 0.00635873124090696 0.00828106068686708 0.00849824824126012 0.00854647515646452 0.00918770839694513 0.00741194312210069 0.00619378109079676 0.00644213640778701 0.00688714589819142 0.0129470679321388
0.0234456587989284 0.0299889846590922 0.0138023884363816 0.0498176783930082 0.00545263000488582 0.00470566697199965 0.00279422999828665 0.0139028250891611 0.00884606742619225 0.0116314764230818 0.0126382874762607 0.0181267595904304 0.0108446822911848 0.0131593121900684 0.0297380097787624 0.0304635473283832 0.0114260560057602 0.0120221305623312 0.00808504982018985 0 0.0113462336643486 0.00898034653878579 0.0130975450609989 0.00934609718653973 0.011889859211829 0.00981787986129339 0.0166583266045001 0.0179868791612581 0.0096793448893752 0.010954660497826 0.0155181567196237 0.0143949568433349 0.010262094089267 0.0110011341549397 0.0120955614917797 0.0116529857079543 0.0144097057730991 0.0132432585444862 0.0194277931353082 0.0125135330406855 0.0131290313824729 0.00866231817274454 0.0118117114659028 0.010272608551042 0.00956620358377229 0.00853817954025999 0.008275307324204 0.0139152181565377 0.00976021186656626 0.0136161523797176 0.00718760662482179 0.00498650776592624 0.0175646745478672 0.019047626139577 0.0170897914877895 0.0150474457784522 0.00932445233445678 0.00407574156519211 0.0153229479256457 0.0134781249564298 0.00898140214794513 0.0112546322870278 0.0117100496487398 0.0117721263122187 0.00947562141087917 0.00889185910282009 0.00847678888464409 0.00839141458786039 0.00733297940685762 0.0358507979850389 0.0255104838339261 0.0211003640492155 0.0063124882799894 0.00579790711958858 0.0337856926717931 0.0277390120004877 0.0214287616831363 0.0105036840141815 0.0301446112752131 0.0304727133537521 0.0347542440761545 0.0289471045328581 0.0251700526968583 0.0229891238670268 0.034456749310767 0.0397715769907587 0.0269680174039067 0.0211761756469407 0.00929323855540788
0.0122588885561283 0.0169174360632587 0.0294738777521595 0.0224039216706752 0.000748020303741013 0.00805988256125717 0.0019027793376748 0.00935522978183017 0.0134066904031879 0.0136828695703855 0.0147212630484656 0.0170389681322155 0.0164349180450414 0.0153770220924087 0.0250145122425329 0.0341451803434029 0.00889550512480407 0.0104787973759271 0.0251955619209185 0.0113462336643486 0 0.00224678781370325 0.0227118581347539 0.0162745035017736 0.00319468851440566 0.00852381657708913 0.021985472458758 0.0289669724431123 0.0188997576223034 0.0146716082428576 0.025485884862015 0.0239175293727349 0.021545220811165 0.0190265239741792 0.0124343521930936 0.012914826820783 0.0158967371921416 0.00911068002342474 0.0137479844065035 0.0163143133784674 0.0358481850289912 0.0351639079193337 0.0367661889848427 0.0330904322813574 0.0294128692861655 0.0252931707798709 0.0391028172315443 0.0382642022807769 0.0202129082598085 0.0189439090547713 0.0403003640028181 0.0379759610691321 0.0347167602149996 0.0312687789850753 0.0364647035313299 0.0335128786599778 0.0409904708695679 0.0367936718758824 0.0387927489583735 0.0273919388748978 0.027224717170148 0.0204076988201687 0.0289077201397989 0.0232712945207043 0.0161866674134242 0.017429559799536 0.0147307392764765 0.0193327121191746 0.0167498082512083 0.01421905794752 0.0113815487778448 0.0109637791678422 0.0415800423396455 0.039342052429513 0.0386653015610349 0.0340256691079054 0.0165060766313558 0.0135390002657571 0.0357303058928992 0.0308786618782951 0.0166081036804595 0.0209656280633648 0.0199816507030566 0.0164868156959189 0.0149430631913228 0.0175220110446416 0.0151676055318335 0.0158015801068555 0.0136897529274183
0.00629756016989809 0.0222270597690149 0.0252915418565284 0.0167439925594076 0.0125069445180861 0.0046566958046777 0.00220515878281249 0.0163226875164434 0.0132299070410282 0.00530041218008763 0.0253257482020751 0.0177976572638561 0.0120290441123304 0.0332604705901943 0.0313289009300792 0.0251095087976219 0.00883830956762633 0.0136442884627872 0.0208771625405408 0.00898034653878579 0.00224678781370325 0 0.0245255463959125 0.0208641567220916 0.00644605391954666 0.00830772368962459 0.031053822739299 0.028998827849984 0.0194436657523409 0.010483464199865 0.0296710964649318 0.0361924678063878 0.0329788791566905 0.0315348135686818 0.0240283724322173 0.0263081592949572 0.0397337268148384 0.0478752319452668 0.0260318128095479 0.0222840340012207 0.00981857929144183 0.000998702429726126 0.0229913950334118 0.0177623280149406 0.00326841113316301 0.00946395056543437 0.0252039655767191 0.0337875938065332 0.0201356801169887 0.0161724210025942 0.0251501432827439 0.02516242881345 0.0204464165816791 0.0184431179937864 0.0148757985612454 0.0165982130173184 0.0142614951803342 0.0110140105812243 0.015184342356042 0.0199010315410995 0.0340019785203527 0.0342126016781118 0.0357111455035567 0.0344199228643964 0.0286121939193049 0.024095782821301 0.0366472766993249 0.0387381272109177 0.0187653390017455 0.0196602262133209 0.0419687437249437 0.0437546476211711 0.0294021055403844 0.0298405435671354 0.0327358428699826 0.0349457693349719 0.0345597458451589 0.0375119692128319 0.0363498986085746 0.0290092895017294 0.0241174887746863 0.018448016552688 0.0282566098885136 0.0242000048585955 0.0177244830898435 0.017511930014876 0.0156532231721189 0.0234508942165164 0.019974491509718
0.0204108126511542 0.0214270694560143 0.0188325648168813 0.0390346452677491 0.00877391023242652 0.00558771355707959 0.00164439280235383 0.0131512520990556 0.0118466454159261 0.00296356120025177 0.0268492262750185 0.0238069869041866 0.010898355310621 0.0326380596423653 0.032876058690895 0.0286799383295004 0.0107114028378861 0.0158088104060208 0.0188668193550099 0.0130975450609989 0.0227118581347539 0.0245255463959125 0 0.0203831740205262 0.0147431479905805 0.0117445948716326 0.0458664477338996 0.0463754621900596 0.0399992335550931 0.038371278485854 0.0163370752916735 0.0142105112614496 0.033204173022386 0.0319336386067695 0.0145968559818027 0.0207076713333523 0.0193337327140158 0.0143518729587422 0.0152144192963406 0.0165875255848759 0.014695249113747 0.0142197543327021 0.0126951085166021 0.0243275862504524 0.00913086152190612 0.00939195216192539 0.0355976648570542 0.02511192380498 0.0158444188765995 0.010204852247937 0.0305445657172397 0.0226125172054817 0.0283129906954283 0.0185217969277372 0.0186119919149835 0.0206995811775194 0.021810680139604 0.027051951516444 0.0184607332682644 0.01479269535417 0.00733796382133872 0.0010646581165053 0.0288356957068692 0.0216830033358781 0.00763947604633235 0.0083291747342761 0.0183466470376367 0.0214498118613511 0.0235692389835272 0.0182500621170857 0.0250992553545265 0.0198720771469677 0.0240269998209314 0.0191226965147944 0.0107758873832064 0.0136531888679821 0.0113147095314544 0.010677616004932 0.0114798008446099 0.0138502323275272 0.0277735436392438 0.0281271039654623 0.027461455001752 0.0257924469592123 0.0224123753987719 0.0207611063781796 0.0311112192079469 0.0338110680942863 0.0157648975098275
