0 0.400491569317672 0.26826143940957 0.241370875649999 0.164496561332442 0.135683590149444 0.258358191350102 0.215057510198116 0.134151525232503 0.137147651812677 0.305088646980911 0.290880550015612 0.391632475323929 0.37397994351159 0.275490003666592 0.325383878327451 0.435489475989379 0.462720219532974 0.37545942713342 0.333948015873439 0.154876122328616 0.12456545267061 0.328479903642977 0.277232676245318 0.334280044377148 0.228336236203412 0.357630024993787 0.394226710955941 0.270052102644024 0.276430221778426 0.300661390404958 0.22791137392648 0.154366843331394 0.198580537709917 0.146848737718776 0.0825211274218088 0.26176558839583 0.229810379671408 0.213101873598327 0.215323966605167 0.366218751049025 0.342787257918872 0.395858531596717 0.382138196737707 0.37182469951537 0.316195243016319 0.295538516611115 0.311583757536746 0.295213652895753 0.287226504636999 0.436024848799405 0.46296427983441 0.244133511976758 0.293060726018501 0.24389446333352 0.209447670444013 0.340029731208235 0.277097129626959 0.28971932040976 0.226004224052157 0.184474785021426 0.206462752095759 0.342806385077203 0.324963720762426 0.219100547295681 0.189322620606107 0.0919036099217707 0.178142105893009 0.341906656513383 0.255380710621184 0.0290189195811498 0.0669693601210294 0.443821225378302 0.434556580107937 0.453929971668608 0.466017759786397 0.279761408380567 0.288173360950494 0.359903236613282 0.317732169279234 0.112912045456894 0.200751425201657 0.132151329370085 -0.0107409889371468 0.139346923058324 0.0857585778204033 0.165290666336138 0.128466658658659 0.177950203022889
0.400491569317672 0 0.269008992105341 0.254431186734254 0.147586812331531 0.146103569061761 0.267813021860735 0.230884279857127 0.138818206993095 0.141126100650855 0.272567328758089 0.267691104545647 0.360730949903233 0.385686307916021 0.285605736315905 0.349539078987362 0.497910706123796 0.54991661854068 0.40529422371631 0.393415202729188 0.208122767757412 0.143080149699661 0.348576002386618 0.294611450875205 0.370229318280545 0.257248844037818 0.384299764210228 0.453244815311553 0.290486538784692 0.317459161769484 0.325482354686328 0.285573712684197 0.21327352510818 0.264756402809658 0.180291744855844 0.0900468122679077 0.286395132109901 0.235198522773085 0.272955154171041 0.259452540358047 0.398643772549197 0.424404942676606 0.448938960591893 0.401804728737909 0.437586133454134 0.37925995571711 0.324628921703052 0.344090574272908 0.3263909302116 0.319532074370539 0.493415457798839 0.540990664564705 0.276005954615809 0.323811560848448 0.224600132743188 0.218668774632526 0.364480556740216 0.289448750331693 0.297735261331695 0.243670055878917 0.195394902664801 0.237419443938005 0.38989239199521 0.403608153812611 0.237552277805577 0.244574060532813 0.130166223494949 0.19569827236151 0.347869230181975 0.321893055288266 0.0307834860529427 0.0893301609613977 0.498176206360352 0.518162194450433 0.470122626009706 0.476082051903871 0.346203459246173 0.343641212257555 0.362431543762545 0.357126773168784 0.14823728610921 0.197315313575008 0.121795757613678 0.00667403188601363 0.166926768197196 0.113424705985645 0.199671543735707 0.139343382911522 0.190481005556983
0.26826143940957 0.269008992105341 0 0.344921828734889 0.257471231297944 0.179574109002137 0.42100813893604 0.379899569097539 0.28687483949538 0.265675228956652 0.144403673288557 0.225658884049842 0.313209677711824 0.223420333239934 0.282737994764869 0.277878285109088 0.333465177611734 0.342244333713971 0.293280672014699 0.213674060706457 0.143842261297515 0.0675860944211336 0.342952652731763 0.265430399560112 0.300624633726924 0.240360874185973 0.287634205627746 0.335288288998247 0.35055543189664 0.372132454948535 0.414635620097234 0.354945493723557 0.452997848382098 0.397685736203523 0.291280902866522 0.160233387430672 0.236970266527229 0.192538417263264 0.280003907843055 0.320876364996714 0.492858632176926 0.446622449526268 0.47271748433986 0.447884594604183 0.467456645696602 0.423787574302745 0.429959246227921 0.405353309654829 0.337482508780711 0.289439113299455 0.366370928713252 0.388840657856542 0.427059433831585 0.401752792793985 0.390692257747123 0.387264737452841 0.376211504673601 0.355929079495552 0.431046716688891 0.429915913319431 0.47591565040167 0.439722607718693 0.287883342786907 0.462003843828878 0.34245619732901 0.336435465057222 0.292384076187987 0.370509426457535 0.333983957085461 0.368907235113442 0.292694323688922 0.338245338486313 0.45283357959284 0.413374129766129 0.431618748846479 0.342921536912081 0.236183709595047 0.256783952192933 0.418539364173769 0.397510125498258 0.285784984167126 0.333899377688576 0.379102479508739 0.29651047601314 0.358563312822028 0.287742734752388 0.322619123009263 0.303695671025676 0.302536045089884
0.241370875649999 0.254431186734254 0.344921828734889 0 0.227612179439112 0.172605159049664 0.375400553746509 0.376708697216756 0.237408144472811 0.248267871301471 0.0904275888735837 0.195020419899827 0.244535107979063 0.213650936375009 0.218013017302717 0.287990265889435 0.297278901658545 0.307521162785923 0.280204421079292 0.201359002788896 0.130943267214349 0.0378660560831777 0.315766664490154 0.293835111446631 0.263196211199161 0.20312201793807 0.251974683923342 0.300798580848139 0.309186477109672 0.342486821001157 0.344321435759338 0.327471674547327 0.420215860962125 0.366423517641687 0.229215099578521 0.130723254910158 0.215944638030643 0.161711018544458 0.220582587686091 0.246916672201295 0.449545445305294 0.400414747854266 0.437664127938805 0.397898497619899 0.422002266403896 0.382263155921471 0.382092433118117 0.383121390633951 0.314026265434683 0.259752897511132 0.324189705730183 0.33423667593589 0.397198087187792 0.374928448761406 0.334410883769511 0.378936156683489 0.305223871665728 0.324483016890095 0.362339867497549 0.441931559946222 0.384598914170975 0.387697773913717 0.258523243311965 0.412695143777921 0.316279685425579 0.267452407576443 0.237450690195237 0.274694045283917 0.278221943054449 0.308154853970752 0.262794935692238 0.290827484357988 0.40153956697395 0.397599623702828 0.394595988667986 0.320616900826944 0.230308006183939 0.235445189180339 0.356919596056803 0.372819932914297 0.242063640643565 0.28286072097905 0.319095628437093 0.241684118119465 0.291964509158404 0.239184142189873 0.269382249196848 0.237369607498245 0.276002720096767
0.164496561332442 0.147586812331531 0.257471231297944 0.227612179439112 0 0.131025223219491 0.302605930971898 0.263112222004251 0.250655012583197 0.221794093311386 0.0936070254496594 0.131795102767636 0.210588487837226 0.142970520906611 0.209820020430379 0.201573462508615 0.197818152905617 0.220704623550607 0.208245429049487 0.150468214848389 0.106402709721472 0.0580423344972143 0.247701189469407 0.186715793508838 0.181315841688039 0.141928378647398 0.188292386545245 0.226868836975052 0.245582548848677 0.261416654279415 0.284144360859991 0.252566891214527 0.314648688135655 0.257914471845839 0.188562937065985 0.105433052725027 0.138548861033424 0.112461800969708 0.179242552216073 0.212149698895434 0.314192885134794 0.297215000677322 0.310194647664655 0.281170795315359 0.326360187973396 0.268114556941805 0.280988589028661 0.25988374591837 0.198666792120904 0.181547299021216 0.205438848479712 0.240651627307896 0.280467715585398 0.250616941179282 0.279523471399115 0.259239801183384 0.232379432360988 0.229409770432543 0.26075407504535 0.26403801246327 0.297804230839585 0.270615793337443 0.187140515209708 0.301469877852651 0.231807693375847 0.238004718879891 0.212971732261283 0.252507400398863 0.224174972676808 0.250141110875506 0.202300887054743 0.234302040802574 0.294391126889016 0.298238000084575 0.273443482059327 0.204233426444856 0.157359258347075 0.146841072686402 0.262758607392479 0.255949994506747 0.19483534759588 0.212083636942804 0.25813713243916 0.218910843281514 0.243488617724444 0.194318872198955 0.217785149824384 0.218523645423723 0.207792696803448
0.135683590149444 0.146103569061761 0.179574109002137 0.172605159049664 0.131025223219491 0 0.190526011163048 0.211009287363352 0.122551201585279 0.195358875454736 0.0842128682627718 0.13021546784528 0.140607806530361 0.166901268647459 0.12967233760546 0.161700497682107 0.214096148257515 0.201572174615244 0.146743007930697 0.161574742420693 0.0847338177012535 0.0513357750657267 0.197055387889097 0.150978418243262 0.180291779503835 0.108908249039814 0.182815806526771 0.227563261921767 0.195644616751567 0.210154446760371 0.190099712530456 0.206533583697796 0.214152112442555 0.165966949358163 0.136397903261269 0.0808335527880597 0.159664188137559 0.10855904106049 0.124897581118961 0.141551895490174 0.273809341826677 0.263395181940014 0.26511411214111 0.257018255809402 0.290541469626901 0.241936243773333 0.225592280376926 0.23718869965041 0.170369434213625 0.152268353703973 0.207417041245617 0.191920429416198 0.20968998646381 0.190286010960673 0.15116694279945 0.209256848192116 0.189989693240052 0.175346529396788 0.152380159707788 0.208585494956986 0.218407326832809 0.200769963364035 0.140736082332814 0.226907385107893 0.174670441906144 0.138537309915773 0.119913828816644 0.156183341677678 0.164345798766841 0.19889724574289 0.133445802592905 0.171382053013555 0.265973525200189 0.249035534166256 0.22200354486821 0.187678509799538 0.119980955460285 0.145600832434107 0.197212732695173 0.184881309745976 0.127726604154687 0.177337043225718 0.176571531507424 0.137295877591007 0.209508053202583 0.138905489150306 0.152436895701256 0.134259805979076 0.137568365261953
0.258358191350102 0.267813021860735 0.42100813893604 0.375400553746509 0.302605930971898 0.190526011163048 0 0.466567549516719 0.361909485535347 0.34025510341959 0.114465290471176 0.209415443001593 0.318010276712545 0.20255783184884 0.26306653042997 0.286858019813546 0.319379489902348 0.340399938428492 0.312564860571379 0.254966630511413 0.130580738119145 0.0353225853247975 0.363718129603045 0.257769339840283 0.247175758300461 0.195827242353013 0.317962864020565 0.374885522157782 0.400520502708801 0.409085710045431 0.487403986057707 0.425899031045518 0.506518908375662 0.434770262264678 0.327517640057686 0.186604664217058 0.243569079413276 0.176435547935276 0.316992081601214 0.364579784266669 0.551811248477899 0.478583616467997 0.517899922603694 0.479911380778723 0.512855008042426 0.460357474161127 0.490553611722497 0.465046224952261 0.356333205814 0.290282797935985 0.35807954667252 0.373566019724811 0.520818283830595 0.452408527878364 0.455786434903019 0.452984747706565 0.41698453544261 0.391391840228155 0.403873536722527 0.442252200362982 0.510542900449585 0.507074548990268 0.311655517378956 0.539965805416071 0.414714349769775 0.405965351900315 0.377452222348042 0.45077342511701 0.376823989479202 0.421131333656652 0.382852440448106 0.438040483550535 0.490740669318634 0.448838793210868 0.459045901577741 0.327979303526509 0.234921856947423 0.230983266724047 0.410344171413177 0.394859368669487 0.345293213851733 0.3797377477129 0.459078540867716 0.394307091480198 0.463820268985835 0.35023465916357 0.397581170682046 0.366225882585201 0.363866962149473
0.215057510198116 0.230884279857127 0.379899569097539 0.376708697216756 0.263112222004251 0.211009287363352 0.466567549516719 0 0.331778730864885 0.387490483500778 0.0966060834620496 0.267534651654827 0.264335652559367 0.233081937449038 0.217993345696933 0.263524478571511 0.302941967555531 0.302279265634897 0.261644328969598 0.227115414264036 0.112790073358972 0.0191544458734808 0.314925096309219 0.247768818327898 0.221920146106232 0.177214713162468 0.283478159914461 0.367179375538007 0.383708465102671 0.391103747998163 0.440678493036794 0.429357713153554 0.485380127823116 0.414917331259113 0.305998800649609 0.186047738729894 0.21230290828258 0.153673615355427 0.252330535294922 0.337311710429295 0.519830756816839 0.467044369435756 0.521069083802129 0.472730890567514 0.488303221268813 0.451702253427243 0.480220304576239 0.459011620509931 0.343958001879307 0.271914653470653 0.306639818990912 0.349872290312872 0.480659820948441 0.437139131841431 0.425123678465189 0.481024553286007 0.380361685709923 0.419278190850926 0.322581846601907 0.454181874506698 0.470751738795775 0.504984158145128 0.282615889484734 0.497620478871361 0.400030620969129 0.365464026765798 0.353113213998158 0.39831716596382 0.313277517826455 0.385713344516644 0.374859900241566 0.423896543677026 0.453611098117994 0.460159389546705 0.41077595584584 0.316440453563394 0.201956701968188 0.207338186959839 0.369463102604538 0.410355106280234 0.304533426650325 0.374097664932403 0.417313239242846 0.379400673630075 0.445923189537018 0.360305192819209 0.374982484434336 0.339089879868543 0.343746548646777
0.134151525232503 0.138818206993095 0.28687483949538 0.237408144472811 0.250655012583197 0.122551201585279 0.361909485535347 0.331778730864885 0 0.287752104967595 0.0956638338809968 0.154159552901643 0.207654099164877 0.119740299653407 0.22156267298628 0.191057630026653 0.160942283710676 0.18725174410956 0.19463989446927 0.134660321466886 0.0754323807391163 0.0121934609107276 0.260411573601279 0.176286077241487 0.146294281649271 0.118025308719492 0.19993400950101 0.243634665682814 0.287342456659995 0.275617361332835 0.350377168147847 0.294846778554585 0.422686501581326 0.309916699782567 0.24124540839408 0.158791589090745 0.118276192301286 0.0743557632551214 0.231366432570195 0.251586467594443 0.366086112529042 0.330587480646494 0.334306263959561 0.324121204551797 0.356426523657756 0.321259902183534 0.332041797078367 0.320518940593577 0.212511188820175 0.193486944654384 0.179876942352467 0.203842055064186 0.352883765373948 0.292251809116321 0.353513246907715 0.332688160900325 0.287399477668063 0.278505480159169 0.248514044875923 0.296226504052287 0.362556501100479 0.350053466544847 0.157868090654656 0.3448756651963 0.316233120159932 0.293791786491687 0.299696131933017 0.340759878697287 0.264285652774737 0.30377824890297 0.303318370371754 0.344160689416059 0.321441677900828 0.322116109367054 0.295601433988003 0.174540453616435 0.155210040011424 0.123503126732521 0.254204451169437 0.245788885391089 0.270722747671826 0.26389924959639 0.347594705172483 0.32904784870364 0.355790686524963 0.270269844295582 0.274667307738393 0.271897223425134 0.264087891869782
0.137147651812677 0.141126100650855 0.265675228956652 0.248267871301471 0.221794093311386 0.195358875454736 0.34025510341959 0.387490483500778 0.287752104967595 0 0.0498184145488448 0.197803363750982 0.186950314600579 0.188764634832249 0.136541070451663 0.242880313619365 0.234276479912242 0.233904051038665 0.194505491315206 0.18058996009835 0.0716763647951484 0.0163611240035739 0.248940837463727 0.166211152454016 0.197289287465964 0.120870792076308 0.21963531454089 0.318932186558952 0.314533785133111 0.341266813024168 0.338775622403094 0.343845870013381 0.381589509313694 0.283332739637603 0.228470088937591 0.153751752398745 0.185312009285526 0.100130701322116 0.239676443479878 0.232190118918125 0.437717463172921 0.396581510188124 0.397302471677534 0.381445847669361 0.398812294117647 0.370902334872133 0.3771523917601 0.374993154891161 0.286246126842661 0.221611687768187 0.272357592338587 0.278333232774533 0.363929892715128 0.332378420284679 0.308726028936439 0.385584340235375 0.291191109642804 0.325851668628324 0.21618840390062 0.331228608088064 0.362399353923793 0.365009634706553 0.182017404650654 0.381343753935681 0.296327056364525 0.275691421367228 0.268739755973643 0.313616940347443 0.258821216438266 0.337761148982822 0.302718347983453 0.337166574451617 0.376068484631689 0.358289689428373 0.351418307028685 0.236099875664059 0.162806881185712 0.175113006720451 0.283364887159862 0.288012284935908 0.254853596427288 0.293511125102158 0.333163024896048 0.287296756301197 0.371215972615897 0.286805441056227 0.29065800866617 0.27383822242704 0.27713501730519
0.305088646980911 0.272567328758089 0.144403673288557 0.0904275888735837 0.0936070254496594 0.0842128682627718 0.114465290471176 0.0966060834620496 0.0956638338809968 0.0498184145488448 0 0.25958391498095 0.363588700186631 0.286468371546566 0.21913662555632 0.222749878778008 0.288792135207086 0.309035387965181 0.278786555237626 0.264999328789206 0.104213232207806 0.131502987211221 0.202220380647422 0.155682316735809 0.212440541092412 0.134850927658875 0.274098475019165 0.276776824508265 0.133752649387968 0.136937473744188 0.156755318312783 0.114538714735959 0.0110525289352658 0.0328262684568226 0.0248035398211638 0.0178370341580348 0.144901658618735 0.119905176719748 0.0986249276450316 0.0992426277410156 0.158601326990835 0.153553329921171 0.160777243906868 0.155567312940084 0.150594021760032 0.121866696481868 0.0823974562798672 0.0948014449301939 0.144755623474858 0.120421047853684 0.261808798129784 0.256681065478763 0.0740116358803351 0.115166618180277 0.133775822812347 0.0919090757725758 0.185975895073616 0.167631760469182 0.167023150768079 0.0451883095330514 0.0211737657336083 0.0196072655369908 0.166145958679695 0.126212943747651 0.0738107750029643 0.0887713965619348 0.000394725296601157 0.0598927484680202 0.201235072681407 0.150135696222134 -0.0755462202581077 -0.034235357244585 0.250649658039553 0.259407521312051 0.244076861431002 0.271289596911965 0.175885187624202 0.153746812614555 0.196770689681758 0.153028095865861 0.0329631296144327 0.0613615542340975 -0.00509486064135366 -0.0956134381995813 -0.00546953988740728 -0.0351151058642327 0.0318652170113436 0.020435843813573 0.0270849201541258
0.290880550015612 0.267691104545647 0.225658884049842 0.195020419899827 0.131795102767636 0.13021546784528 0.209415443001593 0.267534651654827 0.154159552901643 0.197803363750982 0.25958391498095 0 0.310039452827094 0.363632964247958 0.17172177035719 0.262635274169532 0.318622448746783 0.330805030245964 0.234815895574616 0.251721856084343 0.0926070511345404 0.078614490527981 0.207432133647384 0.185673825133173 0.217820215976014 0.130371889704499 0.275834957025485 0.352296773447676 0.207166143406283 0.219731220098399 0.215594586391577 0.224766795170329 0.150814825123821 0.138090671870379 0.124537780236781 0.0570697102282002 0.186290942590158 0.147322827830897 0.144374244515151 0.183498480095449 0.277392252290116 0.276291283889037 0.288457149651421 0.25167701724899 0.275248667268151 0.209909235679651 0.229962069201969 0.241859002913252 0.240095788415864 0.191381881099177 0.308421856339591 0.276316984733494 0.229995317396957 0.234482638384333 0.20567235796411 0.278370246072911 0.278753558704623 0.328465264872633 0.156664475195173 0.211084113029166 0.164837732619628 0.217804173626951 0.225691046140567 0.235364227252957 0.177605058944745 0.143965506160899 0.126043327259402 0.157860662176905 0.247946419321192 0.230023049990393 0.034470868313878 0.109207914555775 0.316586238017341 0.315111582431359 0.325320064265136 0.318149653201624 0.185229211783888 0.216787862834286 0.267701240393949 0.276766768208272 0.133708507922211 0.205845775180379 0.140415951539158 0.0393040898591795 0.0996262358599556 0.078146770547024 0.150536891047281 0.125866519362383 0.125715069811295
0.391632475323929 0.360730949903233 0.313209677711824 0.244535107979063 0.210588487837226 0.140607806530361 0.318010276712545 0.264335652559367 0.207654099164877 0.186950314600579 0.363588700186631 0.310039452827094 0 0.408543667864251 0.369328901377291 0.381322706065778 0.449581821653966 0.466111242045492 0.375036649778282 0.337264892992171 0.200640578108488 0.151109570455456 0.372874292253978 0.296089692797967 0.351355826840402 0.249051632045402 0.399679492975819 0.425349611858492 0.312683452825333 0.314023365327294 0.308161211522445 0.261889448505129 0.228579044144818 0.222321360197899 0.168687188227716 0.113882853616414 0.280100525216857 0.230075752875569 0.253022038823529 0.251710708087791 0.375698120233661 0.354028550744991 0.382622972516538 0.344890674977641 0.384278336778599 0.321903130302945 0.276838296578402 0.310541042732601 0.301180772394095 0.284271231764431 0.421936428144065 0.427042205483115 0.244473227287295 0.269736374250499 0.293059079308577 0.225444993239656 0.381014099890923 0.307546137306418 0.361463931374616 0.254385275464874 0.209964340521104 0.227232956910236 0.305958268407777 0.336669494956792 0.220205840069197 0.231155425238168 0.122073729579789 0.182590353634955 0.349781934159031 0.317367215094909 0.046476103897059 0.0924649246726527 0.45614502851083 0.470119380345565 0.463524890161915 0.460046408469347 0.313769118093876 0.336400993681169 0.405364483732277 0.350657307313923 0.165112919753603 0.206123989618623 0.180665990327926 0.0543617832220539 0.166593513546731 0.127966621802895 0.197972740046495 0.151235996477001 0.177543539680945
0.37397994351159 0.385686307916021 0.223420333239934 0.213650936375009 0.142970520906611 0.166901268647459 0.20255783184884 0.233081937449038 0.119740299653407 0.188764634832249 0.286468371546566 0.363632964247958 0.408543667864251 0 0.257735163900246 0.392338037391816 0.419439368699363 0.479711578299691 0.325119587056408 0.341221220704248 0.190235215719953 0.137359483765122 0.310258934065331 0.306729386277414 0.359302902866512 0.234985306244398 0.370827551559389 0.44258410034913 0.292970239377752 0.301189086401204 0.255559255012973 0.243863421185122 0.128328850903973 0.177220090058119 0.11726862457201 0.0905266576567962 0.259930388349818 0.216416882510844 0.22506288674172 0.213219360420816 0.327690909376764 0.351766157755591 0.354227702387139 0.327063819609535 0.362198491105379 0.305873233263216 0.260707692516495 0.294902232107566 0.286455225307643 0.280269607719401 0.396607911252 0.383446443689389 0.19457602025516 0.20892529379765 0.188999187300652 0.205056886392029 0.336841603623329 0.315832102093065 0.235332665522004 0.2239948179104 0.134595087426471 0.192647914908761 0.287857435274623 0.270654286577194 0.166474214859123 0.175400761341027 0.0906418135237002 0.15406274305629 0.290887413194287 0.280162429834278 -0.0206914270411282 0.040941218713661 0.447861075314682 0.461412848237073 0.440195499521927 0.470265127177339 0.312198095390988 0.322193493642215 0.334774074658217 0.349023329343245 0.117216146325186 0.193901074708655 0.11007764618407 -0.0287835445949812 0.104515356678134 0.0605596345258468 0.145665560416699 0.0884924108224619 0.146126919620601
0.275490003666592 0.285605736315905 0.282737994764869 0.218013017302717 0.209820020430379 0.12967233760546 0.26306653042997 0.217993345696933 0.22156267298628 0.136541070451663 0.21913662555632 0.17172177035719 0.369328901377291 0.257735163900246 0 0.319037847240192 0.324623199379796 0.342583948920975 0.306963176171633 0.2266894312045 0.184486817141075 0.0989370211871735 0.352994405748166 0.283099076020525 0.338415287595209 0.232495855653661 0.278370148217431 0.317711724071441 0.278194600439819 0.278728048365614 0.281412268838028 0.215531486805802 0.28118591762349 0.254823294070881 0.148165840418185 0.0882316896555512 0.196654882132357 0.17122290695593 0.183795118148708 0.187444809923672 0.337328208999064 0.325838677396646 0.340543110462378 0.314855720776242 0.353248351309683 0.289858417242264 0.249600096409547 0.293764047866903 0.238548505342755 0.22251847400684 0.328287590506835 0.355426852592595 0.232354338695186 0.235041986291373 0.250310902091353 0.205794862645422 0.276662092381188 0.209458775436249 0.384531187777002 0.254058542651832 0.239803766276405 0.225127315733929 0.243179479576021 0.286884967240423 0.216070871121523 0.190599024791562 0.113277617211721 0.188962367350705 0.286662256009734 0.277497822513288 0.0892031003527163 0.115588728096105 0.365020109018586 0.388699043703605 0.375904706987795 0.337141372688368 0.311352239901531 0.290289524021823 0.358999493480912 0.309076688669793 0.1560845924027 0.194545000671611 0.215483640490425 0.11830174379342 0.167857588341554 0.122154736380608 0.183979521283586 0.145932898665341 0.177428409203638
0.325383878327451 0.349539078987362 0.277878285109088 0.287990265889435 0.201573462508615 0.161700497682107 0.286858019813546 0.263524478571511 0.191057630026653 0.242880313619365 0.222749878778008 0.262635274169532 0.381322706065778 0.392338037391816 0.319037847240192 0 0.428948166541362 0.46955162482306 0.356119003171838 0.32793162962151 0.195309432201318 0.112604077344816 0.396304082744389 0.336890705331683 0.377157685481133 0.276498317020064 0.364488435035802 0.44328191255344 0.314972626227926 0.35957326697432 0.346725136942783 0.312347243013196 0.268296010740157 0.297885943061988 0.215758490628786 0.127755163599601 0.286348458853043 0.214655779416175 0.254686107418192 0.253515608631452 0.43629483388248 0.413457150674973 0.451836918996384 0.409163487676371 0.446396665129959 0.398754507936538 0.330504951071761 0.361847000887331 0.314713107698067 0.300205655458702 0.419990524778171 0.428256959889799 0.279469004481543 0.318988892832469 0.265466683122067 0.274174817697907 0.348843322384221 0.276332700100209 0.346357563188001 0.286166543076013 0.255923729945159 0.288294711121353 0.323189850116585 0.389709196115227 0.242631332611862 0.241912509249089 0.134447184473576 0.217605253492853 0.343957039983356 0.331452263959912 0.0665960667885175 0.156845127995357 0.504453708848594 0.489399626392644 0.498748366420533 0.461014941618146 0.349545487695249 0.351172790859773 0.398034641645822 0.366116471623598 0.182563858703622 0.251985234980446 0.207181162879831 0.106650471480251 0.207271988498913 0.180418582842537 0.232203391181498 0.190841497338599 0.209534685820506
0.435489475989379 0.497910706123796 0.333465177611734 0.297278901658545 0.197818152905617 0.214096148257515 0.319379489902348 0.302941967555531 0.160942283710676 0.234276479912242 0.288792135207086 0.318622448746783 0.449581821653966 0.419439368699363 0.324623199379796 0.428948166541362 0 0.643403949910906 0.447246410239671 0.450952487586192 0.258945567170415 0.162850635631839 0.424622797448012 0.319357065708199 0.448238034927762 0.303125699174253 0.531842313582094 0.576075676190343 0.421238272189363 0.442474564055318 0.428201206240646 0.389530795379633 0.267048935513443 0.297587182078462 0.216978572249861 0.162344466234282 0.36564109562635 0.305275082969584 0.365088598841237 0.351848989928361 0.497969645310868 0.506564243801905 0.530476386515766 0.522985671068746 0.532974214181632 0.486857738230951 0.388014479949885 0.406361493034145 0.397846935506078 0.369419847133046 0.572049180324287 0.558308083480779 0.30420305431343 0.365772131233362 0.289908179565429 0.259669077622063 0.444225050657208 0.374126294396835 0.334759901229462 0.269699792164897 0.254311716687241 0.291843829401359 0.426549335624179 0.480699384923239 0.314663201043055 0.315190590833507 0.185730614007477 0.295487272413084 0.441195672755555 0.391450186937055 0.104465617603896 0.1694887470226 0.644178299184069 0.634620030962393 0.610438786354462 0.573501065190275 0.388549289498003 0.371180754211348 0.436237924740307 0.386035698825058 0.180275073932035 0.258309810927707 0.182854303458468 0.040741260117671 0.291649082337357 0.193792907716088 0.288914083674228 0.229290998451933 0.27996313656997
0.462720219532974 0.54991661854068 0.342244333713971 0.307521162785923 0.220704623550607 0.201572174615244 0.340399938428492 0.302279265634897 0.18725174410956 0.233904051038665 0.309035387965181 0.330805030245964 0.466111242045492 0.479711578299691 0.342583948920975 0.46955162482306 0.643403949910906 0 0.471453980941813 0.469250644875791 0.25309635291084 0.145608603846314 0.44287889539514 0.331371833619429 0.479517709865257 0.349727620452257 0.528580062322852 0.617177512689611 0.433341282275068 0.431725642517849 0.440871326962124 0.397410582973167 0.266001497859729 0.295953655508886 0.217018618886222 0.166249393479366 0.369853638343211 0.32355396311782 0.378358438619879 0.39179191983253 0.545569632815878 0.524953029678819 0.54989575764553 0.544120241206212 0.566069820193155 0.506827545247578 0.395074038985188 0.435871754627697 0.415430237490741 0.398502421101086 0.609529820590325 0.615975422257329 0.315375939903395 0.393138439557387 0.269018157526356 0.277764261417401 0.453448576468798 0.385471382209542 0.355225555417134 0.2859304017344 0.24876928025284 0.331619941832975 0.449226926316785 0.512253189091177 0.312894866032818 0.289106530628318 0.221787843423741 0.294495952630068 0.465674491729934 0.433147920904727 0.0824738055591855 0.168908533481177 0.676981205949471 0.695620880601042 0.66207124897188 0.609585650764542 0.397639069214419 0.399502823607499 0.479531773506407 0.426155580412774 0.176765068479361 0.252179465354653 0.184643408970697 0.0330340848088296 0.279440647743234 0.185509319868713 0.294554709050995 0.200251461591499 0.283513691188002
0.37545942713342 0.40529422371631 0.293280672014699 0.280204421079292 0.208245429049487 0.146743007930697 0.312564860571379 0.261644328969598 0.19463989446927 0.194505491315206 0.278786555237626 0.234815895574616 0.375036649778282 0.325119587056408 0.306963176171633 0.356119003171838 0.447246410239671 0.471453980941813 0 0.394480237179905 0.208043428180933 0.140253691706603 0.377098601055796 0.255751443087893 0.364865112651431 0.255138605429608 0.407269603699829 0.43966794379417 0.353041879022542 0.35341776707207 0.374558196541514 0.332579100587574 0.269435810142208 0.274284499030253 0.194546101070625 0.116870933640539 0.26446451493918 0.21808282805405 0.257833831781569 0.252072781544915 0.428601102056412 0.418207016185788 0.43782380730883 0.402717891811141 0.402563462905042 0.368827221627832 0.339446357890644 0.33603109055129 0.305225817876446 0.272952958510534 0.437149155188489 0.430151529635754 0.296562932891738 0.320498851881472 0.261599192163028 0.24217231682957 0.336585973083196 0.295232674780427 0.324147429466486 0.230830304525647 0.266993526414127 0.280268184672964 0.346371839952811 0.403064070381925 0.290158917561951 0.261987884931204 0.160239596067776 0.238161567104868 0.368152858094827 0.322678380476408 0.0874715895830516 0.140353599204176 0.49280082047861 0.488404255269902 0.464882624705756 0.421662939433715 0.317575702616255 0.323451121756764 0.376737595094375 0.321668648048075 0.19176611716715 0.227760326761591 0.187412729068984 0.109929891976017 0.226971730881063 0.171306775170888 0.260738070259641 0.186945799410842 0.207048527886994
0.333948015873439 0.393415202729188 0.213674060706457 0.201359002788896 0.150468214848389 0.161574742420693 0.254966630511413 0.227115414264036 0.134660321466886 0.18058996009835 0.264999328789206 0.251721856084343 0.337264892992171 0.341221220704248 0.2266894312045 0.32793162962151 0.450952487586192 0.469250644875791 0.394480237179905 0 0.188305954637388 0.131416270935844 0.325880644273326 0.272530556267253 0.332896171377018 0.206218707413296 0.396892030536796 0.462435104682554 0.326390236030619 0.328658022619339 0.320687228727889 0.295116444280623 0.168934065650916 0.205369045639039 0.128810333586819 0.0908462857998398 0.248936807112026 0.197215758371073 0.26395598025729 0.226497059975391 0.40111253856839 0.366866039400745 0.408159829567658 0.355062845858698 0.369417148371095 0.340760556581531 0.287901160241427 0.303563364532899 0.281940424956202 0.284611286385629 0.435071187125673 0.413907938701637 0.220754099215289 0.265202046045167 0.186193153290818 0.190563256508611 0.326863667568623 0.300229460102329 0.222215461881097 0.166546834492683 0.184719724079996 0.213087967012041 0.322511244831027 0.332807576688044 0.207340251125242 0.195525560990599 0.121274089605206 0.192435010682025 0.307867720965851 0.297496557679552 0.0393804180947299 0.0992806789966504 0.479809461779122 0.466503531195241 0.430032714427504 0.404437859821713 0.295672854145243 0.291271329772459 0.298278846292312 0.261696273313967 0.13576554852302 0.19579918815941 0.109806999491787 0.00720144682296568 0.191273911545182 0.137281049313542 0.184382875663109 0.140287951168878 0.181550256544026
0.154876122328616 0.208122767757412 0.143842261297515 0.130943267214349 0.106402709721472 0.0847338177012535 0.130580738119145 0.112790073358972 0.0754323807391163 0.0716763647951484 0.104213232207806 0.0926070511345404 0.200640578108488 0.190235215719953 0.184486817141075 0.195309432201318 0.258945567170415 0.25309635291084 0.208043428180933 0.188305954637388 0 0.0800348645860106 0.225072118258669 0.153637338902667 0.204696197860929 0.15713399331175 0.220521115605646 0.255692945915438 0.209237685296245 0.226881331386289 0.214059628392137 0.185571076264507 0.138202284576409 0.150592013034153 0.106496149217227 0.0752016675024409 0.133379772428705 0.111840825989739 0.15416619809995 0.123167216365775 0.239105013702415 0.233125334162652 0.226712741948934 0.21187482233382 0.226479696798189 0.215778503476558 0.133936150549319 0.154871821600515 0.127134129688026 0.139716798453987 0.210825623248054 0.220641323820106 0.106658006003189 0.11176407096092 0.0894031133618342 0.0936699692803674 0.185083192426188 0.125321903877359 0.172955303374736 0.114854527871477 0.0994312323090011 0.110429525833011 0.166879264731069 0.186151607627172 0.123944957582037 0.13474683155958 0.0794991923648284 0.116081564930314 0.168029012021149 0.164139196185841 0.0487969407604058 0.0862940519753435 0.298438556436315 0.285040410750217 0.260545175219975 0.232554820710017 0.184941997766724 0.148115161873544 0.209489897493843 0.160951963325588 0.0867687979103347 0.0947351125590979 0.107922867792972 0.0168723143027806 0.121257308606875 0.0909338226290163 0.1125521103842 0.0936339266025095 0.155036883251479
0.12456545267061 0.143080149699661 0.0675860944211336 0.0378660560831777 0.0580423344972143 0.0513357750657267 0.0353225853247975 0.0191544458734808 0.0121934609107276 0.0163611240035739 0.131502987211221 0.078614490527981 0.151109570455456 0.137359483765122 0.0989370211871735 0.112604077344816 0.162850635631839 0.145608603846314 0.140253691706603 0.131416270935844 0.0800348645860106 0 0.124886483345913 0.101037567504972 0.158465632890424 0.127913683883683 0.128655061682625 0.145501077682497 0.0874364339983489 0.0939413635673292 0.068996714345903 0.0407078686846319 -0.0212963331879871 0.0229982760963707 0.0401285182672881 0.0193427925581812 0.107829275024931 0.0985901726705868 0.117563133175244 0.0818442315076594 0.0796709255904178 0.0787004410066997 0.0528100358202219 0.063935097324807 0.0602195010228203 0.0660079924424815 0.0346096483262267 0.0562154565651592 0.0850886954651403 0.0816860907601458 0.135628457216299 0.153006572196363 0.00931697145290656 0.0326908131370069 0.0208464625843559 -0.00614218186459463 0.106304384391837 0.0609572030916757 0.0933316615293436 -0.0073257700112098 0.00954888448841936 0.00911433251394397 0.0913829683227682 0.0433405254931628 0.0286101102672102 0.0737887480471564 0.0190397770876172 0.0421429648239498 0.141480677385086 0.0871045418173381 -0.0744931539349528 -0.037505333251724 0.137136637918332 0.117751762027384 0.143953438817778 0.154915835745825 0.144824112466971 0.125309987707856 0.106366950545844 0.0790915009943232 0.0114549804945232 0.0202577014477325 -0.0262143734450639 -0.0443305169556417 -0.012466495648553 -0.0127448696946611 0.0187253771740987 0.00189715641358037 -0.00782975373508103
0.328479903642977 0.348576002386618 0.342952652731763 0.315766664490154 0.247701189469407 0.197055387889097 0.363718129603045 0.314925096309219 0.260411573601279 0.248940837463727 0.202220380647422 0.207432133647384 0.372874292253978 0.310258934065331 0.352994405748166 0.396304082744389 0.424622797448012 0.44287889539514 0.377098601055796 0.325880644273326 0.225072118258669 0.124886483345913 0 0.359818595675324 0.386743330842572 0.266081153424203 0.363691080177715 0.416397880322418 0.394485581998331 0.416060183396832 0.403623546111582 0.357688818565347 0.419003727589476 0.359571201325082 0.226083525053631 0.159056402392508 0.277875935745443 0.209152777603154 0.289827059567855 0.287371673111787 0.49508476282694 0.458418671728661 0.484855073378043 0.451752013374755 0.481566085542927 0.420619076730414 0.408109880417735 0.413370834234785 0.316639192233574 0.315118965110239 0.439601371848693 0.436782357753504 0.345763539580586 0.357213271882668 0.317761238130658 0.291626983849804 0.390734370822332 0.28828129039779 0.42895577566605 0.339647614284399 0.36620430351641 0.343693760553233 0.321759335308061 0.435765417936591 0.319051917463354 0.319758966005448 0.228430954059094 0.288265110060162 0.369098707543691 0.394214056066791 0.184599646152444 0.231602174983792 0.52808909660803 0.536125007431578 0.499853359856193 0.428551608939882 0.355106149857868 0.343470144107159 0.453706840176597 0.378563672202078 0.241601916118606 0.281195260737469 0.305800235659537 0.180147347686923 0.34165594524595 0.232938768206054 0.289793088307818 0.267369235915759 0.282992025941622
0.277232676245318 0.294611450875205 0.265430399560112 0.293835111446631 0.186715793508838 0.150978418243262 0.257769339840283 0.247768818327898 0.176286077241487 0.166211152454016 0.155682316735809 0.185673825133173 0.296089692797967 0.306729386277414 0.283099076020525 0.336890705331683 0.319357065708199 0.331371833619429 0.255751443087893 0.272530556267253 0.153637338902667 0.101037567504972 0.359818595675324 0 0.337859996217354 0.258729512897116 0.258754666581458 0.305511359155992 0.271315366798678 0.291833484353761 0.268925038120557 0.259880399940694 0.281306999745093 0.303016871431911 0.14365278444665 0.108654673759933 0.215922133588744 0.171771190777357 0.2259182126865 0.203109938578372 0.375145435211763 0.332150435586561 0.371231308874466 0.337384665317604 0.385795273583559 0.32303583189445 0.318706563971874 0.325546352175709 0.266964051234496 0.271201591922985 0.352927573365341 0.349249991820455 0.249587051765006 0.289036136352885 0.252058134786 0.264847759311197 0.295317836328637 0.254352110278742 0.341580740512568 0.344142531359265 0.254433827898508 0.300294013324821 0.256633973751644 0.314297371140717 0.204306982029254 0.194108609142183 0.133196369306307 0.186125523776291 0.267790442425023 0.291170109857069 0.0858061722034484 0.1536965326872 0.420348138661005 0.383012934520749 0.403966854946421 0.387582960131817 0.308902987792411 0.303944700982611 0.369211194043374 0.349170633471036 0.18648990464915 0.224620300774812 0.199456502067634 0.118918580333912 0.194700477027759 0.143780383638111 0.189692298271821 0.179941128343828 0.17710651057878
0.334280044377148 0.370229318280545 0.300624633726924 0.263196211199161 0.181315841688039 0.180291779503835 0.247175758300461 0.221920146106232 0.146294281649271 0.197289287465964 0.212440541092412 0.217820215976014 0.351355826840402 0.359302902866512 0.338415287595209 0.377157685481133 0.448238034927762 0.479517709865257 0.364865112651431 0.332896171377018 0.204696197860929 0.158465632890424 0.386743330842572 0.337859996217354 0 0.304430306296926 0.36927902098041 0.438214658945933 0.340716889599459 0.369843015268451 0.300483040657529 0.280776413586168 0.246201943359424 0.261586282238985 0.163633262742175 0.136514647741445 0.293787037432671 0.254312594997321 0.259734690820056 0.277911488707281 0.409976561777131 0.415403885801951 0.42985238621338 0.420756781399626 0.439023625707095 0.395387104608882 0.333580300601799 0.360140263079185 0.335195946253649 0.318441914651409 0.437645553213854 0.445331781758403 0.281404050222542 0.347900738954888 0.225489296952039 0.201170948421987 0.342890623732546 0.243225488301049 0.395977845656689 0.272572009650065 0.225535670445125 0.258028633354495 0.356498480296349 0.36184798109676 0.245414913893681 0.20192635771099 0.120499478124721 0.202078792433254 0.360949100037691 0.35015273228139 0.0627974802675872 0.106916428295185 0.505554053928467 0.485649554772648 0.479235928618138 0.454125211450703 0.352546140587378 0.371552178529934 0.384367515819645 0.350241087180134 0.149667656910895 0.223425072562709 0.166371617367511 0.0695332860276394 0.188398630607477 0.136976715914389 0.219488993091342 0.166445836445475 0.202649360570999
