0 0.0880754068221614 0.0591105614112682 0.0493946239650249 0.01761075683452 0.0410476096368758 0.0872108988941509 0.0789323180779032 0.0876832355862088 0.0473235461589388 0.153485095740119 0.104136115105685 0.102373661796563 0.0614810711122852 0.0697974501785836 0.0140162373667188 0.0414487778647332 0.0818320073110516 0.0766308582388346 0.0462868964702958 -0.0126069473949778 -0.00999141377783537 0.0378572416030094 -0.0225889992470031 0.00525857723126605 0.0207355167538247 0.0798317160952644 0.0794962294633833 0.0128772463377181 0.0178466707395053 0.077906161988803 0.0313093517970404 0.0205914478475292 0.0384772547085501 0.0333895422438028 0.0166129140080872 0.0396956258616579 0.00630237587002572 0.0928229616421661 -0.00234115365135956 0.09651162460161 0.0719643085587814 0.0780916012428719 0.0990325089340965 0.0732394654666223 0.063558786707617 0.0910581072932575 0.0969978273753674 0.0782529329220535 0.0499683432756558 0.132679403976184 0.121753132487913 0.180697517778321 0.150788944149709 0.140360988409931 0.0632138796716927 0.0670170503433729 0.0723830337563306 -0.0223563305905601 0.0146755627578943 0.0640215557509379 0.0661654383381884 0.0634611079288186 0.0552703128484632 0.0736638937356005 0.0690004168697283 0.083688515953544 0.081473296100316 0.0366255561808772 0.0615610676891689 0.01629979281446 0.0415535696916698 0.0223406106000023 0.0638406963091515 0.099923667393288 0.0646055366677879 0.0201893201135952 0.0159206079260762 0.03210995732718 0.0656764131525265 0.0490687321981037 0.0603556012189315 0.110643073122834 0.118523901594502 0.106712039757287 0.0941797995968707 0.064052618357822 0.0751929291843128 0.0473254924180209
0.0880754068221614 0 0.0559237774815425 0.0527923815924959 0.0316798908618863 0.0359928971964453 0.0695402423332836 0.0577205747841161 0.0432840636792052 0.0461590882970035 0.088091424343935 0.068985712438083 0.0336085351650769 0.0366122583026775 0.00894100921429395 0.00114594696750768 0.0750616163415387 0.0911319154787883 0.0629309576824323 0.0757643490756532 -0.0230801610769286 0.00127119372626859 0.0359132035573214 -0.0165479971971596 0.0229953219794296 0.00986998172319678 0.0751546524044533 0.0867259246993785 0.0193522379131366 0.00490306148518123 0.0630056324828566 0.0529585769117667 0.0387262570012655 0.0450894037869626 0.0189896217807325 0.0139631116726188 0.0194808938562238 -0.00802157559693358 0.0986146040758141 0.045780096670642 0.108901728477584 0.125614077492768 0.105937888756828 0.128949996527402 0.0987516213482013 0.0635540628074122 0.130622078471285 0.146014256080988 0.0641824343265117 0.0460489030111902 0.145637889400808 0.128309168208482 0.137388648348142 0.123351282540123 0.0615635529755447 0.0408678316030561 0.101528569987645 0.112995613670523 0.00270985480736123 -0.00564710995589629 0.0492373118395002 0.0584609235447806 0.0563727950388978 0.0883204038344793 0.0777215871511292 0.0656801418150677 0.0888507491130215 0.0736605753349099 0.00582543335802556 0.0304732883308977 0.0391119554231786 0.0369939680296356 0.018175449043473 0.0671085116346664 0.0968953277237811 0.0828947972497951 0.00526568659952236 0.0261610021298932 0.0340540459298868 0.0483177949718388 0.0272590182392034 0.0482391085261817 0.0995428110378327 0.102799990265283 0.091046242271708 0.0587402923743642 0.0603657480387034 0.045478554909599 0.0260896267513131
0.0591105614112682 0.0559237774815425 0 0.0965539634333691 0.0794052569215235 0.0430790343520709 0.150357044377115 0.0573257266890081 0.100303431045874 0.0277952754549358 0.011886904914517 0.0144132770359325 0.0709432050626826 0.0113190552056079 0.0377642809497247 0.0170844431057121 0.0181912733747945 0.0407174907197736 0.0501010301838402 0.0101805285385471 0.0721765476166539 0.0428919341141658 0.174483916398172 0.0745478873040649 0.108840543462208 0.103643276368321 0.00425386706391032 0.0247675440429249 0.105827433959986 0.121863626881239 0.0816062885859075 0.0413659644214888 0.230840405111243 0.1044813459766 0.0501282198673972 0.0563765227226495 0.0447567606045674 0.000357910257027583 0.0682071870793854 0.0520221610755194 0.0627487061782087 0.0635815129549705 0.0670820390964034 0.0590574624664524 0.0296557172405641 0.0520372726356961 0.0714806881330908 0.0736736896495081 0.0504979693139932 0.0279160811276204 0.056780891972096 0.0748807590040209 0.0640331900753291 0.0641568091967374 0.0907177556777025 0.0634908101944377 -0.00598404720247196 0.0208355833830021 0.170917573909836 0.128681759891701 0.145823419116931 0.0690650916797681 0.0644706070172055 0.0580553510350367 0.0926988086227215 0.061703656455873 0.0494732900433754 0.0393641382772946 0.0328463729961198 0.0460251456008607 0.0204571562006878 0.0483831275421734 0.0143431348739457 0.0994588037513848 0.0965070831845612 0.106427212917585 0.0379428597327307 0.0539378700700925 0.118027104152666 0.0822411922293807 0.0583785231158144 0.0437867154476938 0.101148458996158 0.141483160684297 0.0554506576606062 0.0640067431077144 0.0500010899450212 0.0658767217149329 0.0395559266263047
0.0493946239650249 0.0527923815924959 0.0965539634333691 0 0.0562348096210064 0.0767900304255194 0.122931337434379 0.159528061977201 0.0628176987617138 0.0521842213167884 0.00817573151030842 0.110367147944656 0.0570588831482515 0.0724223515922878 0.0348965194532679 0.105717449922184 0.00168182115292897 0.0356744644454464 0.0148470891546034 0.0309452006969849 0.0239289481279405 0.037775565693018 0.0880192346565394 0.131651136717942 0.0496059397777335 0.111777733828197 0.00666624153888748 0.0226873967536636 0.0490307338219398 0.162825765778645 0.0432967292832814 0.0862329908680713 0.133329725057778 0.159971666804103 0.0315672027779376 0.0517421861331685 0.0563437125360974 0.0102910815724891 0.0617337538655818 -0.0336087281232981 0.0466599385387191 0.0395042800475113 0.0651190342365517 0.0418942808328771 0.0245365669732163 0.0402031603559763 0.0405528998906095 0.0499544706846036 0.0515229408809377 0.0528439934001754 0.0754503141753978 0.069345985189402 0.0722044828706437 0.0809056683447369 0.080427202590146 0.122323399993778 -0.0289528943457471 0.0213626240813768 0.131274336165312 0.225152295624915 0.128477726045335 0.123182382968093 0.0443469519143819 0.0348877022372145 0.056981692501646 0.0676779237854714 0.0380571560582982 0.0136019079382971 0.0045511938991324 0.0607425839424063 -0.018575054620751 0.0879077840399975 0.0203411688966482 0.0596025406908464 0.0514514725320637 0.105952534063067 0.0234914571163924 0.0457640239944376 0.0647457384008926 0.151036592434081 0.0198956834567356 0.0664260306786518 0.161920684049001 0.0754776872943871 0.0634481958479435 0.0712272038038091 0.0381913918253011 0.0354838881538832 0.0357771416365539
0.01761075683452 0.0316798908618863 0.0794052569215235 0.0562348096210064 0 0.100852762039063 0.0782178679884428 0.090324341129345 0.182201619720598 0.140982965759288 0.0127888799482557 0.0287024360437929 0.0764542824094056 0.0300075576855093 0.0849892711973486 0.038147059448822 0.0218152890229428 0.0516007323626471 0.0599315558362123 0.00310148353133996 -0.0279702580328043 -0.00675434115736926 0.108735706982402 0.0482791785472327 0.043270483384214 0.0416132380057109 0.0277962778537594 0.0247996435861818 0.046519245857578 0.0509526992604945 0.0299472511292829 0.0170710753500019 0.0474261878536845 0.0711259363494567 0.00658007559001078 0.00889807603794616 0.0151592720381779 -0.00495980289131269 0.0449395793552432 -0.0318843114022788 0.00148420941517602 0.00395614136854858 -0.00908325101075977 0.0163350293402424 0.00709103759835956 0.0145222340948084 -0.00164919969865476 0.0233597764806237 0.0192890713889742 0.0175017811409545 0.0106373686980502 0.0274501550347055 0.013204099843129 0.028186781516639 0.0459111975001539 0.0802989828367493 0.0105931642862383 0.0292979396958987 0.0838698782574537 0.0422371411589102 0.00527246355744057 0.00847167713828548 0.0253404598030469 -0.00165644215620511 0.0296446876790734 0.0337404907475549 0.037926428072944 0.00578987199245337 0.0290670927780127 0.0321951984076533 -0.000521839239971125 0.00257695941880968 0.032151263458863 0.0455215426240543 0.0339001740003045 0.0280316236882894 -0.00236030966328856 -0.00576216019462109 0.0622210164939469 0.018164012868028 0.0416393782487882 0.0366688830306764 0.0607670756947534 0.0692622874348325 0.0299856891453468 0.0359727525613012 0.0224386741160092 0.0258286878588406 0.0356775269074719
0.0410476096368758 0.0359928971964453 0.0430790343520709 0.0767900304255194 0.100852762039063 0 0.0841561799670629 0.165156722754891 0.169597601270064 0.19620328596304 0.0174805713895388 0.0734590542234335 0.0334655220539837 0.0547709493366136 0.0228356813136637 0.0265157335412108 0.0118706446243868 0.0629389533363099 0.0413930680176341 0.0156752532513109 -0.0562452056565432 0.00146902689690527 0.0432863827805268 0.019256654005787 0.034576043276081 0.0567898292985647 0.0655807303573057 0.0493480701125161 0.0530542293261433 0.0571084212598342 0.0566485097128868 0.0571704455320713 0.0569636712177062 0.12584170136477 0.0104979158046204 0.0332550871455217 0.00837388874341803 -0.0113039335885485 0.0477215003973857 -0.0396011465015238 0.0628610007536552 0.0485548773146886 0.0685518282593069 0.0581430878563794 0.0233813189684605 0.0390460126358951 0.0376773329888202 0.0740553088913232 0.0318661815242331 0.0338058080495119 0.0327737172741849 0.0262678851881259 0.0536703291448563 0.039738956200235 0.048829828801627 0.108580184771038 -0.0209619622881757 0.0238624272756355 0.0102412406115818 0.129670457141977 0.0390634417815384 0.0564896462788427 0.00877183761584098 0.00656911581611462 0.0283591983617552 0.0463508027114587 0.0139576155858699 -0.00233234634365694 0.0221333765982553 0.0275058889272545 -0.0210096925540256 0.0223219691516609 -0.015049688469042 0.0366913076693582 0.0449709430121886 0.0397545904613757 -0.0143970993916786 -0.0204422444450979 -0.0209043430680992 0.0428000244753194 -0.00976880243349312 0.0370030800638917 0.114462537075781 0.0646071864362701 0.0569235690321881 0.0449218106035522 0.0340682310652723 0.0314224501908577 0.0312402307180888
0.0872108988941509 0.0695402423332836 0.150357044377115 0.122931337434379 0.0782178679884428 0.0841561799670629 0 0.125622160061625 0.129484258359907 0.0698235319644073 0.0783240178842115 0.116811467309071 0.112641918193343 0.0935893053956626 0.0752024147175328 0.0271142886965129 0.0447556570453999 0.0654082981680863 0.0701146226147536 0.0331721515211465 0.0340724058512289 0.0150196253179752 0.130681806804814 0.0605916130805441 0.0557070502070157 0.068758927508769 0.0586326522985868 0.0457463902944357 0.0936058962828906 0.0853477396134581 0.104746215330625 0.0541153378922312 0.13454772900255 0.0986364911981111 0.0472292851638414 0.0284058934685492 0.0366242918582227 -0.00906537951532213 0.0589721150054867 0.0195613577726724 0.111815629895319 0.113209789634279 0.111150037592051 0.116107072902896 0.0724191830890657 0.0838209920402754 0.104912228323199 0.104127005841953 0.0758515113194075 0.053857945642852 0.0527342954748881 0.0663955572710321 0.0941063200684067 0.0911977324824986 0.130535550159096 0.120890862953405 0.0475537877479413 0.0865277806425915 0.099074288429619 0.108837663615307 0.121125597392777 0.0954322712560662 0.0416562571826173 0.0343663828178938 0.0855717891063879 0.0755405113054889 0.0794526703343304 0.0594865615677301 0.0598231394417449 0.0574580049753312 0.0244205338903782 0.0628909999671429 0.0445807948676499 0.117068101842743 0.10234301683623 0.0945500697872579 -0.0139140895087832 -0.00480767225357784 0.0740533849731688 0.0821804385545523 0.0500694723313242 0.0469345744943534 0.128414107585745 0.142964866507715 0.0847103000338415 0.0971160791643856 0.0574498589587686 0.0831017778719246 0.0421650643388683
0.0789323180779032 0.0577205747841161 0.0573257266890081 0.159528061977201 0.090324341129345 0.165156722754891 0.125622160061625 0 0.164596013571995 0.169179145482923 0.0298622701958296 0.142944034678261 0.079558576250915 0.132354243001536 0.01173205571568 0.0499325536051827 0.0147152002117813 0.0616108053529985 0.0518065439935555 0.024464986210256 -0.0276842880676551 0.00745524423471149 0.0164730551020376 0.0814281238310571 -0.0101868159978635 0.0647420610353394 0.0397381247567912 0.062870340426402 0.0326481867747676 0.114195403491724 0.0300176410594163 0.0683872349140545 0.0209901138316914 0.166545908162027 0.0140299386132478 0.0338994354822903 0.0196911897330856 -0.00661906909334426 0.0249178469779231 -0.0903550413094763 0.101749228809199 0.0939645527440344 0.113595017516021 0.115742613601717 0.0694297557837234 0.0671699977419334 0.0709913915379241 0.101069267855739 0.0311150678562018 0.0475864695313539 0.0378720945847103 0.0521268663446291 0.084484153857928 0.0972359982049265 0.123940134907 0.22176362985766 -0.0450233487966287 0.0321626103615101 0.0249508432288999 0.25297840674528 0.0665926598341614 0.13987300894133 0.0144731720466845 0.0249737131639371 0.0446778470223329 0.0634208320358227 0.0349214801191494 0.00526382377276653 0.00226582059666589 0.0618599722368392 0.00739361523430121 0.0540166538766208 0.018141602271565 0.0655042575099296 0.0382189496096775 0.0679399012683291 -0.0534043660817836 -0.038166784962814 -0.013120762229221 0.0964297363781552 -0.00203702311765254 0.0509784273904183 0.174763461708268 0.0611670461963699 0.0634420536885801 0.0659094457264288 0.0455491935393993 0.0426351045546691 0.0498870710233764
0.0876832355862088 0.0432840636792052 0.100303431045874 0.0628176987617138 0.182201619720598 0.169597601270064 0.129484258359907 0.164596013571995 0 0.204927449548222 0.0842826947227569 0.0683140319259965 0.094482321889737 0.0443724069325123 0.0702845138332891 -0.00765034831860721 0.0151244304949421 0.0787804360128789 0.100187035845514 -2.49340262781068e-05 -0.0535365634049435 -0.0345121457399287 0.115085200541759 0.00605757035862906 0.0173745991864552 0.0299306418523336 0.0762145196711492 0.055245707171951 0.0586890401412467 0.0635877893398957 0.0663871836389161 0.0349125778002893 0.015752859619046 0.0939131241032674 0.0172841960567915 0.00829288292789461 0.00852662222931666 -0.0265470591084943 0.0345089303665153 -0.0713519626741351 0.0491128763438934 0.0593071329156315 0.0341190373374826 0.0796129975515285 0.0293446206521793 0.0290282213540435 0.0460805679074333 0.0754383731946803 0.0367038340632253 0.0299686653732556 0.0437066774344056 0.0390321161222109 0.0588821080512533 0.0691839890549129 0.111678865316794 0.137606505670802 0.0108923017327691 0.033862557798114 0.00553074313169911 0.033771757306093 -0.000825612098024987 0.0247330964836931 -0.00392952706687698 0.0010201344308151 0.0312670176728029 0.0422502743335956 0.0229236682148422 -0.00307447699314666 0.0476273841720696 0.0258997612319441 -0.0133015838844766 0.00152502305674062 -0.00467235017097246 0.0846912574285896 0.0859077344750169 0.0533746095617275 -0.0426702061261322 -0.0424040850434858 -0.00297025251284155 -0.00196527247955592 0.0204706847737611 0.0537055605859818 0.105009692191199 0.0993608882705831 0.0563400645979421 0.077657351570059 0.0334713543532741 0.059174072155076 0.0481105625440515
0.0473235461589388 0.0461590882970035 0.0277952754549358 0.0521842213167884 0.140982965759288 0.19620328596304 0.0698235319644073 0.169179145482923 0.204927449548222 0 0.0525858219592292 0.110562293702962 0.0550052952428857 0.0939058140367671 0.0815148950310087 0.0845066320035949 0.0277887188287688 0.0718633507021521 0.0475326416161768 0.0135489189023994 -0.0465499751879519 0.0245685560528555 0.0334044012712053 0.0364641683352131 0.0532836192472192 0.0502707251693094 0.0904446891007177 0.070208344982045 0.0760807391508057 0.0895863722366644 0.0444597242372248 0.0705050531853569 0.00796488514686877 0.116816893614522 0.0308761767895758 0.0339256234075272 0.0216953146051775 -0.00795367180431405 0.062978797003108 -0.0734573403572247 0.0652533866334984 0.0601190001882151 0.0411503702658276 0.0601215792739942 0.0232723768710563 0.0317275358454571 0.0340373619029435 0.0807303590278432 0.0349875168895619 0.0372046606700847 0.0152482154266676 -0.0018777760307253 0.0366703984089113 0.063141482610809 0.0280175484865887 0.149548931366889 0.0195268743272509 0.0753843379232059 -0.0306036233348037 0.0641013007458231 -0.0168332617382629 0.0303808168126313 -0.0304762487334307 3.88090930857256e-05 0.0566804965973191 0.0664777274113798 0.0333726023546974 0.0174807036540848 0.0120672443143762 0.0406064904153349 -0.0091848505367631 0.00400755341438775 -0.00571426438918983 0.0629032802332447 0.0518974028975712 0.0312750499583529 -0.0145312753685705 -0.0372730572864714 -0.0338182572941771 0.0142361810255129 0.00594963428372873 0.0624983933654482 0.0960659263930971 0.0539613649546518 0.0498794988840965 0.0631564061466491 0.0373667452659947 0.0301968105165336 0.0468248237267792
0.153485095740119 0.088091424343935 0.011886904914517 0.00817573151030842 0.0127888799482557 0.0174805713895388 0.0783240178842115 0.0298622701958296 0.0842826947227569 0.0525858219592292 0 0.121853058932254 0.159388248313986 0.122296070355746 0.114118157594863 0.0285765171818856 0.0918188777608173 0.113220249080022 0.118981314176551 0.0514456122927744 -0.0436108929896746 -0.023324515474065 0.00877693081246883 -0.0584420764642532 -0.0215668162807923 -0.0481913103201613 0.111245900327416 0.0903721933856369 -0.0266259386932568 -0.0529481195139333 0.0635810708624354 -0.0040624486804069 -0.0762641104316501 -0.048679167398741 -0.00383943257821334 -0.0273649842510204 -0.000164410115053922 -0.005842933069037 0.0776262543940854 0.0246846897067285 0.0838182754551814 0.107096997260873 0.0566406790250116 0.113011662343749 0.0937022760494793 0.0564091768921549 0.0791927455989956 0.10027781761376 0.066146963245644 0.0386695174005452 0.122195759494655 0.114512454546055 0.175977238344456 0.191781658199266 0.134356470115094 0.046348110458901 0.171251936355897 0.126600976017382 -0.0817889450404423 -0.105350212556299 0.0142182711132772 0.0347147921971939 0.0299212022878976 0.030110415370102 0.0682977886695634 0.0496916893609108 0.114239973761886 0.0830892787582566 0.0775859100448711 0.0406271343311654 0.0338829457255673 0.0266583051287094 0.0967690336275779 0.0748300033443072 0.126073036118162 0.0439535081748152 0.00966111747092042 -0.0386296974058847 0.00980427507529576 0.000314551353471422 0.0592415446082789 0.0389468926457322 0.0832153501195141 0.131383627777097 0.102273831274015 0.115558843007109 0.0960002827213708 0.1086411358653 0.0296028154542689
0.104136115105685 0.068985712438083 0.0144132770359325 0.110367147944656 0.0287024360437929 0.0734590542234335 0.116811467309071 0.142944034678261 0.0683140319259965 0.110562293702962 0.121853058932254 0 0.0947146473322917 0.225542057987258 0.066368530740321 0.090195999538081 0.0470514455656789 0.0818769028859591 0.0669563077694239 0.0610660081376393 -0.0197202797555067 0.0440358411233417 0.0380514409196525 0.0551791027595788 0.000957072591275675 0.0425647858122514 0.108740987655301 0.111783072905098 0.0371127509961235 0.067520221649631 0.083259188746266 0.0926588232181854 0.00104015302020652 0.0769205194952402 0.049902796267512 0.0132564869246545 0.0356233550212972 0.0203261262360139 0.0909402955455296 -0.0167659520514038 0.116718941230914 0.0952019751204509 0.0982467321866884 0.100438049413754 0.110721582648087 0.0741337690273078 0.0827667359592475 0.0957397192372795 0.0891329495557848 0.0568114381901749 0.0577059588246533 0.0423332509506737 0.129452879949016 0.172733772956423 0.11998689732358 0.165247973526481 0.09762153958178 0.177133930840366 -0.0250217446125927 0.0922954175420835 0.0976556155654385 0.131390585143855 0.0109545740479543 0.00238894879131823 0.0904379911285788 0.087683190967803 0.123291360736977 0.0960103774636956 0.0604936460890628 0.0726373522563385 -0.00270768306635051 0.0752360014746165 0.0545539837840551 0.0711022660752282 0.0693519199341981 0.0511993410599171 0.0123085114352355 0.00691094652971358 0.0175262906244552 0.108097642269144 0.0498504502368965 0.0815877565533524 0.134222970065347 0.0841870570978267 0.124278294891805 0.109613438704073 0.100101076214124 0.100356689291681 0.0495511891479724
0.102373661796563 0.0336085351650769 0.0709432050626826 0.0570588831482515 0.0764542824094056 0.0334655220539837 0.112641918193343 0.079558576250915 0.094482321889737 0.0550052952428857 0.159388248313986 0.0947146473322917 0 0.108195241594213 0.1678491518271 0.104967710557394 0.0267429481348316 0.0503315712533353 0.1066595612876 0.0234813776813585 0.010218619730755 0.0132672716406976 0.100518671832421 0.034105508078801 0.00720041913816097 0.0171757020690534 0.0379830395554442 0.0292048006525751 -0.00210241243983458 0.000453806666986111 0.0552821801528689 0.000755675026015039 0.00469836884568859 0.0194781836160025 -0.00982426153477761 0.000652564867709481 0.0184245634573204 -0.00562869170831895 0.0210872923051355 -0.0224607472983853 0.0248302304045591 0.039805148610003 0.02952806029046 0.0520145950670288 0.0355822933858 0.0307985208514617 0.0287454322609481 0.0459138983721352 0.0529468310909798 0.0300917240618652 0.0673592616077911 0.0792327247454526 0.0898517332441179 0.0896391775300452 0.116513620309447 0.0820199274491664 0.0681179507374039 0.0356139573748372 0.104206632841686 0.0309750545844613 0.0517507520945278 0.0296373708473621 0.0276473293053589 0.0332349251393394 0.0685619243193796 0.0531861263405285 0.0564068319856125 0.0149105614376692 0.0560709574312204 0.0269932997743889 0.0254509452598589 0.0334002283103209 0.0703681950541066 0.0772384845367905 0.0846244000086282 0.0708128272040218 0.0393614084324063 0.021989589185402 0.118410472532477 0.0709572050928013 0.0688934444382172 0.034848288262437 0.0825655819934956 0.113167018940179 0.0437373454554449 0.0696407312020184 0.0416424053910387 0.0670598764761441 0.0255947291810899
0.0614810711122852 0.0366122583026775 0.0113190552056079 0.0724223515922878 0.0300075576855093 0.0547709493366136 0.0935893053956626 0.132354243001536 0.0443724069325123 0.0939058140367671 0.122296070355746 0.225542057987258 0.108195241594213 0 0.154970188817223 0.140224418230086 0.0411776912875896 0.0714123601511527 0.0484284420511081 0.0442887798241849 0.0153313919054116 0.0948630950696833 0.0454619066387021 0.0505821374969619 0.00186531764678433 0.0554495740615511 0.0746276087820312 0.102098909811377 0.0450615254336708 0.051306247753488 0.0652233512616578 0.0799370939170962 -0.0126655398887339 0.0333318139426595 0.057558507189808 0.019208542644361 0.0592440281185254 0.0463361553853595 0.0862960567645567 0.0303400915652827 0.109279546474253 0.111275651788085 0.0944064611097569 0.10902886599439 0.0998487980066958 0.0822835053361104 0.0538468507012393 0.0676900886617095 0.0726857990320715 0.0546289115827155 0.0335532081099704 0.0207543818083929 0.0836384044563846 0.142520634735216 0.0890349351636822 0.0889044389800563 0.0695781794136828 0.137381365273483 -0.0367749459796633 0.0856903940752164 0.062421770486618 0.0972693577913671 0.0207243642924676 -0.00555949044410934 0.0857520169864334 0.0897634814336928 0.0973081562048012 0.080984709355249 0.0454156806823246 0.0599141620137711 0.0189057109914194 0.071624546730475 0.0525497928209422 0.0490889548567262 0.0571921896301409 0.0311816079670642 0.0233740223196385 -0.00963389530641004 0.0135265834431136 0.0913568870386975 0.0718850810932069 0.060801628628021 0.102777659656959 0.0777512351616182 0.0862116331729078 0.0861619579989849 0.104939294439015 0.0796839289914847 0.0416476554917283
0.0697974501785836 0.00894100921429395 0.0377642809497247 0.0348965194532679 0.0849892711973486 0.0228356813136637 0.0752024147175328 0.01173205571568 0.0702845138332891 0.0815148950310087 0.114118157594863 0.066368530740321 0.1678491518271 0.154970188817223 0 0.163690680341629 0.0384879172766999 0.0687310056488789 0.070465693419229 0.0165682091328197 0.064375959188437 0.0503549464588255 0.105122356330098 0.0710747257073423 0.0327449999121363 0.05387344381908 0.032671180354649 0.0508566527506265 0.0352891397030721 0.0363279078035428 0.0558704198190727 0.00602373773483745 0.0263986274081465 -0.0260242048468505 0.0606066499200035 0.000689368644900143 0.0675605879335697 0.0580123286173212 0.0969631184266752 0.0389574705018801 0.0161187621690572 0.0249737387279743 -0.0280401283867429 0.0121710471950575 0.0199571774553886 0.0200191822343498 -0.00827852161765466 -0.006340546070344 0.0642425171799229 0.0432326521810527 0.0476836495581093 0.0493300984135382 0.0541016545141036 0.0752888838221728 0.0705564367393258 -0.0008403431313932 0.0476152899127604 0.0405722425357453 0.0842713388706968 -0.0192573949018001 0.0148410944214272 0.00262592658333943 0.0342846894499214 0.0226465849616859 0.0768664455446313 0.0606152872095308 0.0570888536547843 0.0349717764433602 0.0666018191011764 0.0421152689226941 0.0158335879933077 0.0296382650960034 0.057060277632025 0.0533043307736733 0.0804025820216604 0.0406140641651549 0.0812772623674669 0.0347127796867133 0.119682671416471 0.0597083417390616 0.11372317986722 0.054312033529679 0.0371032047994199 0.0857647697613416 0.0414563434415314 0.0741509547113393 0.0387101430533888 0.0643414699428507 0.00924092284822974
0.0140162373667188 0.00114594696750768 0.0170844431057121 0.105717449922184 0.038147059448822 0.0265157335412108 0.0271142886965129 0.0499325536051827 -0.00765034831860721 0.0845066320035949 0.0285765171818856 0.090195999538081 0.104967710557394 0.140224418230086 0.163690680341629 0 0.018621681594969 0.0415078630535884 0.0127820236225478 0.0164696447914985 0.0701007622746066 0.118872264581016 0.0951512810315761 0.143471283548235 0.0682213778346017 0.112445371365584 0.000386053610692082 0.0237571758931101 0.047727061971212 0.0960010342869465 0.0411555229367253 0.037302717951259 0.0779521165046979 0.0620138957136153 0.0360142553219609 0.0388467083539441 0.0549499429846187 0.0546484207158417 0.0794496817905772 0.0506947707194551 0.0363600684033794 0.035098939166105 0.029029997714281 0.0292690929826861 0.0339666820363903 0.0398823494433386 -0.016445494891581 0.0224577691402626 0.0465036637454302 0.0537699205228807 0.0248684648762183 0.0194691362266457 0.0052656156481761 0.0371657418833708 0.00804991711432803 0.0289883370975617 0.00839731321272365 0.0184533057364841 0.118324862220511 0.109692779660236 0.0348172780469336 0.0447681399433721 0.0343188344504159 0.012624309023225 0.0695331419963348 0.0793295404009292 0.00544616398316786 0.0196762357079754 -0.00618893460019436 0.0321375600313908 0.0166549325206208 0.0633112573121939 0.0515241717905617 0.022437865784542 0.0410463933324043 0.0530907007059684 0.0907708278131353 0.0836562764026072 0.116635824844942 0.151003945668296 0.0884942835495133 0.0535069065406913 0.11353978288059 0.0931862790841558 0.0215208759332781 0.0519014721416547 0.04836831598492 0.0449932744740686 0.0192575948244122
0.0414487778647332 0.0750616163415387 0.0181912733747945 0.00168182115292897 0.0218152890229428 0.0118706446243868 0.0447556570453999 0.0147152002117813 0.0151244304949421 0.0277887188287688 0.0918188777608173 0.0470514455656789 0.0267429481348316 0.0411776912875896 0.0384879172766999 0.018621681594969 0 0.16644376729638 -0.00650202705221565 0.0388665731898343 0.0115186500767004 0.0696221727521081 -0.00546453149030876 -0.0082042552394442 0.0477190366548896 0.0413651858603738 0.116815613807092 0.100236213892423 0.0206046792689375 -0.0100955471072996 0.0941371934901646 0.053523658292587 0.0425412752188013 0.0446994774892696 0.0704108055719626 0.027199427524079 0.037219681217942 0.0248443128161846 0.163793279394507 0.113139874046839 0.0928525041129751 0.0876547187928036 0.110421030813462 0.114782058623858 0.083754789055684 0.064431141290553 0.0747559363059076 0.0771240111533057 0.0793987007386533 0.0509803626113312 0.115184720120259 0.0906004006128171 0.0460468733306893 0.0782903698881912 -0.00864622113692869 0.0133856848020902 0.126415465302374 0.149476119912137 -0.00215129675463254 0.00437342017559677 0.0880774787938258 0.0920966578307959 0.0583223931680018 0.00260600259353961 0.0299663685487 0.0176397234796902 0.0855565538173608 0.0873638994103602 0.0184135838658996 0.0314057844148009 0.0159811835823386 0.021222369921999 0.122360365386699 0.120119259138423 0.139407375358489 0.0888950241375024 0.055218053620534 0.034375713546989 0.0414578091428219 0.0595101970227279 0.023114729997768 0.0479374940785464 0.0828691163596441 0.0781149292079096 0.114229469235169 0.0724376414093832 0.105075234016223 0.0727972445456312 0.0433145060274051
0.0818320073110516 0.0911319154787883 0.0407174907197736 0.0356744644454464 0.0516007323626471 0.0629389533363099 0.0654082981680863 0.0616108053529985 0.0787804360128789 0.0718633507021521 0.113220249080022 0.0818769028859591 0.0503315712533353 0.0714123601511527 0.0687310056488789 0.0415078630535884 0.16644376729638 0 0.0469547583041371 0.0530372987170668 0.024159093784667 0.0612174666974042 0.0538765489390751 0.0222913823867936 0.0652464247221821 0.0794225879497782 0.14982293787031 0.149920309011604 0.0575850742438385 0.0382450458175957 0.123732422775984 0.0885635431053911 0.10196646986027 0.14327828126341 0.143619701715105 0.0687733429660689 0.0965478312924883 0.0547386125708863 0.198917921233889 0.0471031277410107 0.109696232123026 0.111070462254863 0.112696752525902 0.151368129426254 0.0777465043839076 0.0730533983241564 0.111093487033494 0.105112053506866 0.100741696857867 0.0543421502151627 0.167101980275352 0.127660526225897 0.0963532528749086 0.112730155012246 0.0508544669568134 0.027511733721921 0.124444626440005 0.154387799915518 -0.000820629857348963 0.0242423507917705 0.0998938258490679 0.112454761241298 0.0584938462950412 0.0411047249051468 0.030989946641149 0.0199849755532179 0.11445580306473 0.113281733804137 0.0869619908195718 0.0502290639138411 -0.0181906479850891 0.0536632202729672 0.0868262525362474 0.158184220646718 0.159752532219203 0.105169400264376 0.0632335703327827 0.0515769197558693 0.0274709185816764 0.0685471520272443 0.0407046590097242 0.065077954698271 0.11193083585535 0.135275940092279 0.161664421362471 0.132090112149682 0.114413565201286 0.107400658707546 0.0660683668588097
0.0766308582388346 0.0629309576824323 0.0501010301838402 0.0148470891546034 0.0599315558362123 0.0413930680176341 0.0701146226147536 0.0518065439935555 0.100187035845514 0.0475326416161768 0.118981314176551 0.0669563077694239 0.1066595612876 0.0484284420511081 0.070465693419229 0.0127820236225478 -0.00650202705221565 0.0469547583041371 0 0.060541419191344 -0.0444143454365108 -0.0548576747868739 0.071327922338276 0.00201925347843874 -0.026379172722809 -0.0300941590846908 0.0661113155220881 0.0545344276213304 0.0328217005497757 0.0120526227882391 0.0653047604745685 0.00556195281202761 -0.0459783576333122 -0.0111776655340891 -0.0365269341375433 -0.0352826703670007 -0.000796183703424473 -0.00399527466637452 0.0133853565797338 0.000805332203314228 0.0496387192110486 0.0427406391551865 0.00824162895313093 0.0583374606289691 0.0645106139232985 0.0396281953334454 0.0402444130099812 0.0562940198396299 0.0198835548801457 0.0252835925420626 0.0496258632378346 0.0562976982996567 0.0650525982298806 0.0591838101138365 0.0651715765081754 0.0446968317741496 0.0839331339101551 0.0387944832675489 -0.00339194618159244 -0.0421767194284212 0.00968276810625511 0.0012723531827196 0.0328667098975182 0.0460987726557344 0.0740064638815996 0.0601621004297884 0.103055387172504 0.0313423942787947 0.104368366328183 0.024607598900324 0.039578608140023 0.0381457394776574 0.0359308903058657 0.0549137118496669 0.0515207720566109 0.0308505803467237 -0.00305860257136919 0.015366701972947 0.0312323623327515 -0.000289681963888734 0.0558243138379635 0.0275976107303724 0.0403028976490954 0.0706728739666462 0.0254457259570541 0.0647752877285205 0.00850209385667847 0.0515511387952217 0.0103286545655349
0.0462868964702958 0.0757643490756532 0.0101805285385471 0.0309452006969849 0.00310148353133996 0.0156752532513109 0.0331721515211465 0.024464986210256 -2.49340262781068e-05 0.0135489189023994 0.0514456122927744 0.0610660081376393 0.0234813776813585 0.0442887798241849 0.0165682091328197 0.0164696447914985 0.0388665731898343 0.0530372987170668 0.060541419191344 0 -0.029594352779565 -0.0131571216257613 0.0266102131273256 0.00872445228948272 -0.014237247864652 -0.00406803741234604 0.0532587993579301 0.0541964846970606 0.0366054958823712 0.0255920593545061 0.0430693618923208 0.041732432578353 -0.024128303874394 0.0120288502992576 0.00664302164545914 -0.0104734110443202 0.00270862448560901 -0.00639112854040517 0.0254140472744803 0.0260162062213566 0.0549753310916174 0.0700804611686682 0.046587296177562 0.0785283438382912 0.0670758332201252 0.0384714420905687 0.0585459650884152 0.0542744690142178 0.0463684508679628 0.030499069113219 0.0553358668001364 0.034525724706898 0.0575863682089635 0.0491621811729872 0.0325405430451795 0.0197242481792212 0.066916629612838 0.0598394065519565 -0.0219653742178617 -0.0133934469941941 0.0293711245496143 0.0352163252613739 0.0633144928102927 0.0519264694331758 0.0451065002738214 0.0380854336896523 0.0818131799102538 0.0469417185897675 0.0488978134343894 0.0130943133958137 0.0324390917989766 0.0441718850276412 0.0241154247001616 0.0516892042912745 0.060193521024287 0.0525312607138471 0.0158523326421866 0.0291655380659375 -0.00947921895949905 0.0312033191728671 0.0222005203727373 0.0298789558504535 0.0327154744312042 0.0181489139312779 0.0263556559657618 0.0188006775271526 0.0293788280733059 0.0316883250459445 -0.000342016843836631
-0.0126069473949778 -0.0230801610769286 0.0721765476166539 0.0239289481279405 -0.0279702580328043 -0.0562452056565432 0.0340724058512289 -0.0276842880676551 -0.0535365634049435 -0.0465499751879519 -0.0436108929896746 -0.0197202797555067 0.010218619730755 0.0153313919054116 0.064375959188437 0.0701007622746066 0.0115186500767004 0.024159093784667 -0.0444143454365108 -0.029594352779565 0 0.129560371577188 0.0965198212446355 0.0782242511919892 0.126340846797192 0.109634306774406 -0.030698701356956 0.00089605270652016 0.0908737701771973 0.0850476203587345 0.0246784716948691 0.0131090791700882 0.206833013890634 0.0741071493885219 0.108936193486779 0.0635331889256478 0.077989696579773 0.0405213696308069 0.0891799628377436 0.0625978757885328 0.00569885961515758 0.00896790732634608 0.0280891681921718 0.0123038072524915 -0.022429761085673 0.0145973814399433 0.00493186728779612 -0.018816875343392 0.0214244658251144 0.00705001890104503 0.00993343328047712 0.0246274656645135 0.00337892949086959 0.0208168818563307 0.00783460391389546 -0.0488827991310251 -0.00807915358440071 -0.00253780660311983 0.118715944852156 0.0914597118328383 0.0970036600568182 0.0574367237636077 0.028708046529502 0.0296689811346026 0.0609264878714864 0.0390572044755683 0.0168407647266307 0.0541982771019538 -0.0472045613358422 0.013354319303238 0.0199928376615748 0.0154277825004347 0.0103961124276361 0.0355374975881084 0.026167401609711 0.0275327197918533 0.0558479390952783 0.0679379136458303 0.097347856042429 0.0602013477501169 0.0331227382227593 0.0116345366527447 0.00283866730391975 0.0483747729200431 0.0146967262464413 0.00492980639970437 0.0153865705780782 0.0350991208853589 0.0153139625570366
-0.00999141377783537 0.00127119372626859 0.0428919341141658 0.037775565693018 -0.00675434115736926 0.00146902689690527 0.0150196253179752 0.00745524423471149 -0.0345121457399287 0.0245685560528555 -0.023324515474065 0.0440358411233417 0.0132672716406976 0.0948630950696833 0.0503549464588255 0.118872264581016 0.0696221727521081 0.0612174666974042 -0.0548576747868739 -0.0131571216257613 0.129560371577188 0 0.0919534211629186 0.101973127545039 0.1129325949433 0.142780085357365 0.00708644778624534 0.0437412238535164 0.0851796562628125 0.106041225807531 0.0510190785296971 0.0400917307245276 0.208170849958896 0.137815832218302 0.0956935230902305 0.0456170374927226 0.0656018528192098 0.0341563783200189 0.111413483235882 0.0980776052010456 0.0617384622575393 0.0668080047999995 0.104755213139106 0.0720905098156053 0.0255618193955935 0.0569989927998452 0.0229064263141993 0.0291478104098957 0.0452742175753381 0.0387566498980009 0.0286189620213238 0.0109661519126052 -0.00937521489642977 0.00907071860023196 -0.0302712920392253 -0.0207193952345181 7.72765430583868e-05 0.0403768825011705 0.131283741360896 0.150441644577946 0.105021008389271 0.0985773438844165 0.010454663880956 0.00432111176083344 0.052040006172276 0.0600044179764646 0.0166834191621948 0.0438501898793162 -0.00389340848196325 0.0257392963779671 0.00607889985015234 0.0251176291042279 0.0478913845177751 0.0345505628940826 0.053417035802854 0.050301108478424 0.0803985057308054 0.0850382665326406 0.102037888649717 0.112589956588964 0.0302684067065472 0.0311344587450465 0.0687006065869151 0.0646439844622968 0.0450161150037264 0.0176313828343681 0.048746757845668 0.0358023195366505 0.0340033972929704
0.0378572416030094 0.0359132035573214 0.174483916398172 0.0880192346565394 0.108735706982402 0.0432863827805268 0.130681806804814 0.0164730551020376 0.115085200541759 0.0334044012712053 0.00877693081246883 0.0380514409196525 0.100518671832421 0.0454619066387021 0.105122356330098 0.0951512810315761 -0.00546453149030876 0.0538765489390751 0.071327922338276 0.0266102131273256 0.0965198212446355 0.0919534211629186 0 0.15535659214245 0.120342356076387 0.129401734291586 0.0192129283504583 0.0215775853496292 0.139957385250538 0.141515259178936 0.115200169220605 0.0504337935205727 0.247208657238919 0.111014195464949 0.0432212235962184 0.0336703369149005 0.0635343694374278 0.0122020420569189 0.0364208031205069 0.0578834200332421 0.055105063402129 0.0632858942955741 0.0607989203922546 0.0601109090943585 0.0374026258390297 0.0427342824015877 0.0347126293902905 0.0542427307665493 0.0529880857548501 0.0398537363865548 0.0610973476121052 0.0554336427296554 0.0403208837861468 0.0454206327325772 0.0642720407624717 0.0129987805404191 0.0406083726726848 0.0385246497271537 0.262273604362427 0.0859134938788059 0.110540951290281 0.0698409358678292 0.043396742621343 0.0293627875946633 0.118236184227692 0.0922206367415361 0.0528018532241475 0.0315660630396292 0.0855001707436937 0.0125830314285261 0.0368563940964554 0.0664622515919721 0.0329834325472796 0.0933026957099915 0.0736010058822671 0.1043313118931 0.0841611994590588 0.0806530511589781 0.17618372612047 0.0934976657026366 0.0841085683877919 0.0437906692668352 0.0861270605308638 0.15032156611797 0.0400797030537639 0.0721873579671597 0.0335165124458222 0.0575842342110623 0.0403131724401432
-0.0225889992470031 -0.0165479971971596 0.0745478873040649 0.131651136717942 0.0482791785472327 0.019256654005787 0.0605916130805441 0.0814281238310571 0.00605757035862906 0.0364641683352131 -0.0584420764642532 0.0551791027595788 0.034105508078801 0.0505821374969619 0.0710747257073423 0.143471283548235 -0.0082042552394442 0.0222913823867936 0.00201925347843874 0.00872445228948272 0.0782242511919892 0.101973127545039 0.15535659214245 0 0.0895879832053417 0.118867435506502 -0.0127661362118181 0.00129243527540085 0.0887951033344867 0.158320972098185 0.0175951024713816 0.0558088817113803 0.176107957288367 0.132873530805509 0.0426074023122308 0.0366686406642046 0.0540398493527772 0.0281951088355769 0.0424646320817631 0.00986317954838013 0.0277080205201341 0.0155116401709876 0.0389986324805227 0.0227122342526506 0.0120682681121245 0.0373126500009832 0.00967166062063198 0.0138119072166088 0.0258133309837533 0.0415480979997077 0.0125959467021189 0.0142463746058445 -0.0246979977081272 -0.00674585802877058 -0.00763452790532064 0.0425145633981723 -0.0379285778801194 -0.0150861135324994 0.171440343601479 0.197927060532824 0.0839599020262885 0.0850036026027774 0.0326659642144576 0.0200981856634749 0.0461797042413605 0.0652508889285952 0.0130586360458731 0.0164364677933017 0.0148424932434684 0.0341845342974717 -0.0159969838792455 0.0629285792757917 0.051522296572306 0.049958105746625 0.0242239466621208 0.088504377829393 0.0770468681743722 0.113715782956492 0.119593405442854 0.134558523923315 0.0349305568380786 0.0440790523571436 0.101399796510666 0.0715189066766406 0.0264821874813682 0.0339460421475999 0.0259116814437303 0.0176761227849732 0.0363052579375931
