0 0.966520955054468 0.869895486208099 0.868375621176721 0.30389191690961 0.566794169531962 0.824015904833651 0.796658489011172 0.374113312671772 0.23898201901004 0.801498443304276 0.836860151789666 0.868043574109119 0.843335403653196 0.846087726491863 0.739040285127449 0.915621453413762 0.858067837191992 0.955984937996112 0.933032783167165 0.630489414296827 -0.0165354260663788 0.769804978571159 0.787681532128505 0.767395019147384 0.704752158461253 0.834203298446309 0.78484999476156 0.559583331429665 0.651628899012466 0.684435069793339 0.663887367598042 0.519881715912842 0.120828005468463 0.842567484299112 0.873774339287892 0.72750820565835 0.746221312364865 0.66192365151003 0.463161482057187 0.58164457730588 0.49462685146877 0.726033215275866 0.677668630947375 0.608762753707603 0.497734334238164 0.549567330516188 0.427897442458232 0.727911286265481 0.724921524878904 0.956574349626756 0.908638468263382 0.742704858045628 0.544657672387855 0.815815321084766 0.605660923095828 0.918767316267215 0.79305432810245 0.693714020866017 0.420112055686543 0.61488553467531 0.580187349599661 0.895107989533803 0.918749728547238 0.592234070690387 0.587147084661629 0.135373150327813 0.363005068999055 0.479584363901715 0.249632567910971 0.465786470235181 0.315384740973782 0.732549478513401 0.662428190599514 0.84313882236951 0.81220908171893 0.69710155291946 0.726145987626233 0.849325546382642 0.775893707087383 0.60163886658903 0.522666109813872 -0.0191655772836348 0.182661072081343 0.371192808688827 0.188410263575084 0.291388308200683 0.276238145035811 0.468357908357403
0.966520955054468 0 0.860038792645957 0.866065435826362 0.238212013553916 0.592352283879905 0.798610203456976 0.798472555011431 0.321756236013082 0.240808235154411 0.748136578316659 0.840014968741846 0.841550664661421 0.851427953477832 0.818014180634719 0.762515336506669 0.932895023582629 0.901134022163466 0.960523607703276 0.96461620914921 0.656733588603319 -0.0186697174971409 0.7515694337239 0.777617754536393 0.769777899995535 0.723860795971619 0.868129682720734 0.836286344574465 0.583677472583229 0.678233154025032 0.708609054042651 0.698771173300265 0.524037049036048 0.166630722122619 0.865909494681353 0.894825257319949 0.778624400591845 0.787603669219636 0.659903857566194 0.45622540037839 0.608340268945208 0.525201495134626 0.74769187832492 0.699921149044945 0.640355458713157 0.522553623785173 0.55794997610645 0.446566516081772 0.736313982167746 0.750161589602003 0.95261549507931 0.925387273747388 0.724822931361585 0.536526872455521 0.778298095014039 0.585184096488823 0.884557116504957 0.81508841682131 0.661234114281912 0.410875970163085 0.620908742654838 0.592910922168335 0.922843093468105 0.939092449887945 0.582678749276213 0.579412085177192 0.130542480165764 0.371478271078578 0.495302053357714 0.246451450262477 0.475247856429235 0.337357874933947 0.76541907871669 0.713310478495955 0.867062493543629 0.844709276297623 0.711948719018022 0.75074778806832 0.835083626328318 0.795631846666232 0.61260091553371 0.536202570729239 -0.00889328321100356 0.182547263427711 0.403040712832199 0.17816666071892 0.323104745629583 0.296627831367053 0.459650992324733
0.869895486208099 0.860038792645957 0 0.939986515719515 0.297309108391487 0.667308236590747 0.906534099142316 0.845470294535571 0.459779848052754 0.338558709581321 0.696342458364653 0.798914982846804 0.838015712575921 0.845894679656586 0.891505988969828 0.828420198884388 0.860835382595897 0.836075253470875 0.847916508642664 0.832205795545165 0.550818450890914 -0.0520195051676076 0.928142489874257 0.89832505953352 0.844157920935746 0.820033962198684 0.814508405468943 0.797649283107849 0.741592086139783 0.811950179892774 0.798086758076988 0.777001887665605 0.702041742496115 0.348451551841392 0.790468599531769 0.755866100767249 0.785259750502697 0.753981400749725 0.526325738235855 0.334908599649313 0.686925233693533 0.613343557102222 0.783840107086945 0.745488518146915 0.709721321783551 0.628882180300352 0.642532141209157 0.550139395517569 0.778355840103956 0.787312286300492 0.881837904957403 0.857412367416173 0.756793495323589 0.620931201999736 0.824790909330856 0.650530974748198 0.852071273333362 0.804403844537548 0.873449647845713 0.630568671578416 0.759191924723472 0.713624147222059 0.850241053165473 0.839903710126278 0.576780629059301 0.510359808689753 0.00977480048400731 0.208610202824313 0.457204640680596 0.132029132255538 0.629603248441119 0.483656728437337 0.790048410551413 0.742924075778948 0.86123074870981 0.852309942925116 0.784513017094011 0.805520511529859 0.901944849557422 0.838551558506694 0.727932441056145 0.628954709274456 0.223522054906753 0.388129642188756 0.452553843093758 0.328211744248805 0.442867123981412 0.425593598429835 0.583006032555859
0.868375621176721 0.866065435826362 0.939986515719515 0 0.334190679879426 0.642079468526853 0.888287218115144 0.889030226726841 0.458260229616734 0.378154808496755 0.696196587114004 0.863035962639252 0.835638231686203 0.881517698683553 0.846187324749893 0.818656398832958 0.876908387258747 0.847469037491854 0.866628961476962 0.858144180761102 0.590221447658038 -0.0434605582423326 0.891864899001838 0.915066987269473 0.807431134766347 0.780264647012724 0.835397855845966 0.831869143982091 0.718399584730143 0.819964278815839 0.773257239241868 0.776206242366692 0.653873738005942 0.282565041680362 0.762932958796361 0.739507957209049 0.751440972396993 0.728469600023004 0.497104194147842 0.344064077333424 0.641292269344682 0.571879867382177 0.738574758248476 0.702815956687657 0.674310439075173 0.586968667231727 0.594956539098205 0.505241190047924 0.750205290974681 0.768149164634041 0.860648308814408 0.832450592786751 0.735477762240359 0.572793617349327 0.806877836753083 0.680156874271047 0.877141656152246 0.815403899898493 0.809673232976147 0.648417679297624 0.709510285553613 0.670663779188669 0.846632862191974 0.831370809026435 0.580110859545848 0.530233353746582 0.032782389458119 0.260265563076619 0.458483991248969 0.162347516562235 0.57341733452684 0.430553557865585 0.77567357557438 0.727405889338093 0.87381296693191 0.854123010894153 0.764512889327943 0.78732647172902 0.883261589698158 0.827083491722016 0.674665129003241 0.604515490788659 0.16758475125304 0.33243932314648 0.411179249999683 0.237389824736985 0.408643969411388 0.364736351301322 0.512313161947583
0.30389191690961 0.238212013553916 0.297309108391487 0.334190679879426 0 0.0836307161543366 0.363419946381269 0.22284757238659 0.67917276606642 0.45243282855931 0.437433876417037 0.265524469668983 0.360802577867262 0.240666750881155 0.340409157288116 0.192705809186128 0.246898402211149 0.142818651524208 0.284395500649282 0.243815577537723 0.125750536736645 0.0299300598850534 0.275150802790646 0.276424248682039 0.165380966230434 0.118703898802437 0.208588703454822 0.158115910143331 0.149069072302176 0.118175881449816 0.105034453415474 0.0966984223122529 0.126039344608053 -0.0582722862765104 0.0863868282984614 0.219683051779413 0.12684673362796 0.0218670781547633 0.181025099024328 0.144520068429227 0.0275472159057775 -0.0174814959723904 0.0870215775442661 0.0531905669364319 0.0248757073099318 -0.00859307863444708 0.027143136233859 -0.0308575746798024 0.102668712373958 0.0588858338278684 0.245520732399469 0.156131969815028 0.104651230364016 0.0256010849883105 0.232649348435822 0.167428089613075 0.345369232321453 0.121980548103005 0.306556547243748 0.163127253013377 0.104628333664844 0.0931966575720855 0.245481948811919 0.248097957950891 0.259764281405966 0.222976125624982 0.279298578983579 0.281050337082676 0.108406984348959 0.177684398102071 0.0840137782967154 -0.0412952300522628 0.0811777298521257 0.022912037968529 0.184549299206687 0.193049758105164 0.196743379954176 0.170386068976682 0.267875989626124 0.145434780090517 0.0976270292232966 0.029510064740237 0.00977496716180415 0.0540621024614145 0.123281702830074 0.064960283129769 -0.0227789336397402 -0.0411589094638549 0.143987277065488
0.566794169531962 0.592352283879905 0.667308236590747 0.642079468526853 0.0836307161543366 0 0.710900637402567 0.797096519627137 0.389468262229634 0.449746713183641 0.348719570036359 0.631361236640492 0.644415362376173 0.693912752462068 0.681638566712525 0.815151503221616 0.6587289439088 0.733933705300463 0.526180199106187 0.519665752800581 0.35779166389217 0.0116492818242716 0.700468988812258 0.756425560614286 0.820013704743929 0.841660576320547 0.67382807290906 0.701970372407605 0.758659318062134 0.799041609006955 0.807990177785091 0.802163440804024 0.771534899652011 0.62583964219414 0.631242880580017 0.512679700564355 0.753476725471264 0.726018132978648 0.149948137514619 -0.0426178176129324 0.768799282534889 0.751920660444254 0.744223452327524 0.742103684803206 0.773949960068879 0.761474567338443 0.713464627144064 0.690649528535812 0.768449707280767 0.802153489870731 0.64819666057931 0.703706476571759 0.741520649150313 0.660696475421885 0.739682533804864 0.670235076689876 0.581628312896969 0.788019001089722 0.702912917219649 0.71316854285308 0.792863884092064 0.751466123800307 0.661401427731655 0.575443359161505 0.394837688039352 0.254696957587516 -0.391417882542126 -0.199658399430999 0.289922529978117 -0.121786674022272 0.716815447760132 0.680774211139652 0.787548175367682 0.785815495305533 0.744079903725386 0.752447412344453 0.728979997961534 0.785069043212766 0.773029522209937 0.811718981814169 0.767337442846044 0.799872813554515 0.456407662336786 0.551604102984296 0.443058333803813 0.481006190220403 0.628400164236704 0.641254918466099 0.51630003547381
0.824015904833651 0.798610203456976 0.906534099142316 0.888287218115144 0.363419946381269 0.710900637402567 0 0.917613065017129 0.55938343404139 0.456374754347308 0.656755966345395 0.774461835447191 0.829846969026572 0.808620603061005 0.840135550041657 0.772216455133762 0.806682543541746 0.790562583951489 0.764972585406175 0.733754160466998 0.490192694149381 -0.0440716592129158 0.887407064968706 0.882773446863363 0.868991553828372 0.816056941180904 0.776598933809796 0.74875204819486 0.773820577898608 0.795897323681796 0.83964961776972 0.814085864218498 0.747349869233824 0.455775122287859 0.728684770784616 0.679524019876859 0.776554645294971 0.768429172528985 0.385536366112703 0.222583444937345 0.761958140611204 0.704786571583936 0.822843672697099 0.796438114336795 0.768741895640109 0.713618171762385 0.742305099575384 0.668796658817789 0.830757560775292 0.828423540438069 0.834886716857231 0.839246799048881 0.857505020361555 0.728113279937338 0.912742032946963 0.780908795669076 0.831778610794706 0.84228438803537 0.868912127992897 0.717058471833797 0.830670776530651 0.790669904105301 0.849720203703337 0.789882079834312 0.583300776312476 0.449998294944339 -0.126282643883124 0.0961942921438475 0.340190586803157 0.00522064898017595 0.674435296799617 0.609018347326371 0.774292892943747 0.722309403460221 0.832288104123003 0.808909521632895 0.716640910822119 0.760167123259397 0.894750382045631 0.855636953614875 0.786351766568385 0.736377069062149 0.376056422548252 0.534423712169148 0.535271456216612 0.438381136327995 0.553924803643712 0.56814200219465 0.669690168436553
0.796658489011172 0.798472555011431 0.845470294535571 0.889030226726841 0.22284757238659 0.797096519627137 0.917613065017129 0 0.466570863803818 0.457363206417225 0.599270733617436 0.836176714650343 0.82111797372091 0.867616232456697 0.797860798057883 0.814598881359398 0.821915036053953 0.843832916688552 0.760560652996973 0.748318962237473 0.550780194294827 -0.0686053679398751 0.841017110974075 0.906315928505885 0.862197981611888 0.829115962822076 0.817119492477036 0.83055122136197 0.804786878401556 0.861394108782961 0.88506043940568 0.881517155094064 0.777705671564148 0.516706742671544 0.729351122396126 0.676269909202292 0.794158137698652 0.799792703286841 0.314751912302855 0.151358657762549 0.804239453184705 0.766992631733689 0.842858821804676 0.830692357048515 0.818383155565103 0.768089745203747 0.768231395857805 0.71812787319506 0.849986149165904 0.878322169966859 0.824867498239617 0.848465212734759 0.877674045124413 0.755585517895054 0.914632375285087 0.865594509929736 0.814267922471416 0.913210511563916 0.824760643853266 0.807328271704423 0.852156601025323 0.829574911351145 0.845339730140694 0.757119098392133 0.520564556549669 0.434434634773236 -0.208185976333244 0.0348631803151384 0.376507357131053 0.0102722098914802 0.68062920622438 0.641126712841022 0.846393875025387 0.812624058522697 0.87509198512165 0.861474569351867 0.751741491584793 0.821853679956507 0.902385358819746 0.912537971454814 0.800422965989685 0.803147458966667 0.384957880616256 0.52705025904367 0.514088570370141 0.428277982614453 0.603939550223216 0.583688591622853 0.605241754094801
0.374113312671772 0.321756236013082 0.459779848052754 0.458260229616734 0.67917276606642 0.389468262229634 0.55938343404139 0.466570863803818 0 0.55701148154799 0.449288063712617 0.419411625434795 0.490018044927047 0.416407278355486 0.540539760914725 0.41127446461778 0.38540861291831 0.351640012048419 0.332536792497538 0.293556174169851 0.159902069083299 -0.0796071733251852 0.48633377313309 0.460730541008498 0.411783886600957 0.370506634304497 0.394331515313249 0.345242487464164 0.409489257567568 0.380433392598989 0.359375629831343 0.357220654262241 0.401972531105886 0.259072870693174 0.269788263097092 0.303638944729207 0.388224641301686 0.280642640508773 0.104948418479367 0.0633388340981809 0.312477511608897 0.283950600494629 0.306591250923863 0.292373021518594 0.301564410941948 0.280104993362696 0.269364633137772 0.243077187803309 0.354905095915001 0.325206892316333 0.355360931680283 0.311717323618799 0.325445007904945 0.261174001586431 0.445792067081299 0.415911246734422 0.436163381452573 0.402039868928567 0.475003190024102 0.408790878705611 0.347846984132858 0.316480140540991 0.337772470835751 0.283242356802128 0.340808994613518 0.288861496547659 0.0205586368596387 0.0931600484791692 0.265776565470938 0.088585338066974 0.360896376797928 0.291900724547566 0.335750228168265 0.307872282275214 0.373953800976934 0.370335795304121 0.395884433364875 0.368944561784411 0.449002858291514 0.37525348232195 0.346986667045326 0.295107891225386 0.255250719446753 0.298382025217305 0.242998486057144 0.302714695368133 0.219277371157948 0.238536756200173 0.290318883945844
0.23898201901004 0.240808235154411 0.338558709581321 0.378154808496755 0.45243282855931 0.449746713183641 0.456374754347308 0.457363206417225 0.55701148154799 0 0.32773009483798 0.348425896584429 0.384521093145502 0.34714845288822 0.446702771864017 0.521265184328286 0.296881769952224 0.286624432694759 0.18213431868095 0.190342260383614 0.00708745610586817 -0.129817971580348 0.306171275592573 0.434490689602572 0.381220808637271 0.35103327206259 0.308448957069655 0.340660739625378 0.356189183248688 0.364154456696627 0.32858313746245 0.327660802881885 0.321087165098091 0.345232344055792 0.178802028187953 0.202026385213649 0.392872608227748 0.252574285749528 -0.00983018163699085 -0.115046680690311 0.282969223348278 0.265394481992631 0.260239472172443 0.233899024843749 0.26735768002595 0.269887064916467 0.242335333119487 0.240786179958261 0.294218878373442 0.298047684057832 0.28504181817769 0.278984416472333 0.265252626119453 0.2466554442735 0.389166727127885 0.439917480978697 0.310045192187242 0.41481966155585 0.457054780336784 0.507749947667432 0.325636667493403 0.350959458591778 0.268068765885292 0.231528792125698 0.143738223611612 0.108636294609304 -0.113061742470438 -0.00257365682017462 0.130134384902289 0.0642715984502288 0.320519484035552 0.365594729252082 0.283893376347185 0.284263412799242 0.329412945162162 0.354345362590347 0.456316749647048 0.452728257213665 0.414583930437268 0.404268825237825 0.340302336785639 0.400168460522055 0.348119273543611 0.330310747971901 0.293911605021367 0.366850723840925 0.381662250154909 0.301460931113918 0.235157562173191
0.801498443304276 0.748136578316659 0.696342458364653 0.696196587114004 0.437433876417037 0.348719570036359 0.656755966345395 0.599270733617436 0.449288063712617 0.32773009483798 0 0.797074179765635 0.849631051534322 0.760056827420386 0.783459094200574 0.560630840630278 0.694857964267634 0.614608113854288 0.794221068988129 0.751764200595898 0.4885216350176 -0.0142514245520541 0.603312470499138 0.588533697549265 0.48156491292785 0.438816265226064 0.658632955567787 0.605400862576477 0.306097393515879 0.390562525320559 0.381766251563089 0.351470606941407 0.231133606060428 -0.118250083714235 0.617188962232809 0.66981059626084 0.460615414857888 0.43378488075039 0.533898320643681 0.351933041314791 0.235422105912373 0.1620301664731 0.382672223305048 0.322843942917947 0.255195544744632 0.150802063021376 0.187620113176259 0.0825258098908957 0.394722869869238 0.394976266190106 0.696769929693246 0.605916568771131 0.424542868507809 0.205851911950516 0.621536358277062 0.454444000453859 0.795164070330848 0.579037430074846 0.545800916048162 0.286586074879217 0.290002322703356 0.260162886001247 0.610888979812177 0.625785109366475 0.375794733124679 0.487903673524801 0.283071643152613 0.405495025156625 0.474438263812571 0.432080736060232 0.235444820828314 0.0444121032966295 0.465228847004175 0.395950291342417 0.567461208411009 0.537073700535106 0.480981801147037 0.505311658710831 0.605220444417517 0.480177809087265 0.278875276585934 0.201496297281804 -0.197883217231588 -0.0375539477035222 0.165466217296949 0.0103446800702075 0.0162658712091131 -0.0388434861010228 0.262531252895755
0.836860151789666 0.840014968741846 0.798914982846804 0.863035962639252 0.265524469668983 0.631361236640492 0.774461835447191 0.836176714650343 0.419411625434795 0.348425896584429 0.797074179765635 0 0.892629121018824 0.962935250992904 0.855743061207649 0.813152549784392 0.865993280433941 0.858625011023804 0.849524839881187 0.855905767996267 0.582510163375649 -0.0828454855878398 0.782694806816755 0.831586471722981 0.714918518028326 0.691054528837473 0.866879618705889 0.866545771065677 0.619713522720824 0.726338682931325 0.693369017529782 0.692651181283048 0.545640869720549 0.149348045131644 0.769239218658813 0.729738978950851 0.700745344226529 0.716693701055914 0.481262849504253 0.30838719372101 0.534787635217537 0.480890579785208 0.622347940981772 0.588698307107436 0.566308300437318 0.471083711997898 0.469631381330507 0.387469042194702 0.659123460998404 0.697884693678709 0.799159531845935 0.771105053784997 0.649514136942343 0.443773297122453 0.769288182836681 0.67862804793671 0.875409414828293 0.844515914226897 0.692297300898523 0.580084619028992 0.571559936074431 0.526878838285497 0.756058226816571 0.716067688757154 0.471255695854104 0.486315760240099 0.00144861846999984 0.239321869304957 0.48213773559252 0.284254792101172 0.510932635344026 0.345647984211646 0.776464195485267 0.721868878410839 0.83806507605631 0.814878382075486 0.751726496538674 0.769471587565168 0.813491741281916 0.771954400411193 0.583496730944027 0.522622764776609 0.0190714357570946 0.175159435620799 0.286620359972788 0.113552464787266 0.301886975816743 0.22014189672728 0.390608397513722
0.868043574109119 0.841550664661421 0.838015712575921 0.835638231686203 0.360802577867262 0.644415362376173 0.829846969026572 0.82111797372091 0.490018044927047 0.384521093145502 0.849631051534322 0.892629121018824 0 0.91625738385447 0.902180563067557 0.801466336633137 0.835500320771208 0.81505870432936 0.862968676662086 0.83690252428227 0.561741233813147 -0.0468023757665979 0.790050876491878 0.823018377080898 0.753633055695233 0.727298825488268 0.822714058228911 0.795260370420167 0.619180014320208 0.684828362741221 0.678169267483548 0.659442367920427 0.577639425627859 0.191358197876331 0.762202505882642 0.730706586467862 0.697657766162675 0.675461710774814 0.474068941491217 0.273082332604601 0.558653477738637 0.489706689197117 0.653015268153416 0.606395542260971 0.580235240643322 0.481870003432313 0.49280927365212 0.400568579242511 0.674900618473661 0.689365838703583 0.815196210668147 0.777102276099391 0.677848743559031 0.463147835814626 0.800956283879061 0.638254681250668 0.856332186445027 0.786808938824642 0.749878216463256 0.532941618824833 0.604323490797344 0.554780097084696 0.770696190173096 0.75689234869036 0.455993424201762 0.465349229609905 0.0345864011633505 0.222559062953762 0.468122571952148 0.280811829816145 0.529647436438783 0.345479730100738 0.743860435707545 0.687014584696322 0.802060208465357 0.774683746290104 0.729635170276252 0.750092808290959 0.847878981533687 0.752580716165556 0.594784407363608 0.511223305546516 0.0409142965389571 0.202353861194522 0.324877039043087 0.167236875809663 0.296569371610498 0.244257405212659 0.428479856819584
0.843335403653196 0.851427953477832 0.845894679656586 0.881517698683553 0.240666750881155 0.693912752462068 0.808620603061005 0.867616232456697 0.416407278355486 0.34714845288822 0.760056827420386 0.962935250992904 0.91625738385447 0 0.890672333139428 0.854426513628168 0.880604924019714 0.877280070076905 0.855989779030365 0.863674522047956 0.5863020818067 -0.0437527754014601 0.831775712481157 0.871735415566364 0.779906660417361 0.76803380287436 0.890754779956019 0.889839727063799 0.686441587909832 0.789759733547726 0.747288626638176 0.74614418512881 0.625615529397773 0.238983175549217 0.795575542884828 0.740261284739661 0.750650238192985 0.736120423807835 0.493561545304048 0.274500595396586 0.603146693457854 0.545869687862239 0.689373972254512 0.656018487553256 0.637604595715205 0.544489800434856 0.544304379962207 0.456662123484054 0.724037271913104 0.756010528208267 0.82852866443571 0.799750241732451 0.696383030033149 0.499832942020642 0.791864903169871 0.694477743742885 0.867843063710417 0.859451371012192 0.741801174631188 0.611856073367642 0.641736775350437 0.592043536190597 0.789098668795528 0.757418953471926 0.455229319140943 0.463895696615348 -0.0386339677158553 0.196021926312197 0.479394704980132 0.239270034028526 0.537081856509338 0.392335543344648 0.810719153592361 0.765617989108082 0.863493120933616 0.836580878280518 0.787574790786397 0.806802836950525 0.847596902608846 0.81023209011545 0.635344547955879 0.578260746427455 0.0507769310134894 0.219843799876207 0.306717863403689 0.146195441052841 0.342901654945755 0.26819818507539 0.432784563810535
0.846087726491863 0.818014180634719 0.891505988969828 0.846187324749893 0.340409157288116 0.681638566712525 0.840135550041657 0.797860798057883 0.540539760914725 0.446702771864017 0.783459094200574 0.855743061207649 0.902180563067557 0.890672333139428 0 0.853797557038841 0.850667026400306 0.827791013755758 0.82719773490857 0.801879518304428 0.518546812766165 -0.0369326282644895 0.86137958827971 0.86307409402743 0.820411135467475 0.789454153191733 0.809019398543648 0.791367885255204 0.659864413874162 0.719996233300307 0.722911159994782 0.696079182735987 0.622505193461167 0.253623844620344 0.756855240225082 0.723934047658015 0.733787238947944 0.681457920623817 0.488482736459437 0.270473940703345 0.607937865158936 0.544206169991532 0.683882658008617 0.647572702941969 0.628646104552318 0.543587349728739 0.532871984253082 0.443152678391937 0.720857065884508 0.730996729426585 0.840113915197457 0.801401077457773 0.67130398531824 0.49825419515617 0.786919021092109 0.609120265862236 0.842765764364893 0.800747240443572 0.8348520887006 0.578547337524146 0.643030477134293 0.592335919338101 0.768006074933383 0.762757843100059 0.489462332347951 0.432255719384758 -0.0134196260723671 0.147534265193153 0.489956576339611 0.16569679211071 0.581965481501042 0.40435063881475 0.776433738207245 0.711327289649596 0.816348435199317 0.792680106318372 0.794869821647906 0.785227644679888 0.855581681510072 0.777432125832323 0.642659856543017 0.562369383842716 0.128269567212526 0.297919457311684 0.329792577526763 0.262129698444175 0.349338362633161 0.31110013471176 0.478616808173395
0.739040285127449 0.762515336506669 0.828420198884388 0.818656398832958 0.192705809186128 0.815151503221616 0.772216455133762 0.814598881359398 0.41127446461778 0.521265184328286 0.560630840630278 0.813152549784392 0.801466336633137 0.854426513628168 0.853797557038841 0 0.813720221746211 0.845683212592241 0.732346273490359 0.745018442151072 0.475752220815309 -0.0587117728669016 0.80283295072716 0.871123709866672 0.838895254696688 0.850951110646208 0.828702452079804 0.838943056982611 0.740890031635433 0.838526924861083 0.78116664538203 0.782137322059688 0.738991492533521 0.429685019663012 0.751402618288286 0.659168743540085 0.823409486191995 0.789152048943469 0.379791805267232 0.163849242775421 0.678466995268128 0.626720806232228 0.722819160640283 0.687254319453156 0.699792449437739 0.632206926642234 0.594976694490482 0.530630800358203 0.749811428480076 0.784362521104747 0.783645727615206 0.78681578970104 0.673195620000977 0.525354717104685 0.745003473700868 0.607475079198315 0.719199365149804 0.821592882371735 0.786513504983897 0.66089524309449 0.715737934671134 0.680698554234402 0.738101836394464 0.716027544926551 0.427520534415856 0.368673763712647 -0.194127957148689 0.0569930311348271 0.411944002103705 0.0816833262604681 0.659896548982804 0.531063999677161 0.819834414110395 0.783361805513325 0.837920573498731 0.841659537476724 0.849193048813881 0.876230057742886 0.858369813504837 0.848004249356251 0.704385715930238 0.684335557073183 0.229053354491974 0.343953254281628 0.381196742443407 0.319042272793682 0.475089008098118 0.426456294852533 0.450367891176936
0.915621453413762 0.932895023582629 0.860835382595897 0.876908387258747 0.246898402211149 0.6587289439088 0.806682543541746 0.821915036053953 0.38540861291831 0.296881769952224 0.694857964267634 0.865993280433941 0.835500320771208 0.880604924019714 0.850667026400306 0.813720221746211 0 0.968164844173563 0.928175498109846 0.92185230448963 0.640868415285536 -0.0154392373359524 0.797925748742311 0.837488645445775 0.802739351383569 0.757070446075923 0.924181165302427 0.906142181513317 0.698364066552244 0.772269302742507 0.78911130504314 0.795585374006027 0.609333328704393 0.264433948484567 0.854003437023997 0.838627008902402 0.810021121683954 0.783032446998764 0.577540645812699 0.392124260967152 0.644230578570124 0.582857442420417 0.739971258092884 0.7101711287901 0.68356879982121 0.587744012153188 0.577360087760116 0.4870564863465 0.756813640463728 0.773077684480685 0.946207205368664 0.915568919249791 0.724695971932656 0.537038560246338 0.776027615897434 0.603161250983916 0.884344206552489 0.869514908774012 0.694440871058939 0.50253510790265 0.661830467322827 0.617448544084585 0.89850338272015 0.887375437806177 0.566102644884053 0.515581949966708 0.0376341216766468 0.280528775200695 0.515865416341651 0.224428495723585 0.54373128660856 0.434397480606649 0.861010810875555 0.820369704033734 0.931149914233654 0.896037690627411 0.789107288972178 0.815717928808211 0.850464858382464 0.820648795398585 0.644468252359174 0.586186997054744 0.080388699317869 0.252652194509085 0.405148179498342 0.232880590177537 0.402925600543625 0.36139162343903 0.507365004281637
0.858067837191992 0.901134022163466 0.836075253470875 0.847469037491854 0.142818651524208 0.733933705300463 0.790562583951489 0.843832916688552 0.351640012048419 0.286624432694759 0.614608113854288 0.858625011023804 0.81505870432936 0.877280070076905 0.827791013755758 0.845683212592241 0.968164844173563 0 0.883528510284152 0.887663027642014 0.647693599235577 -0.0379461518011547 0.791604493725011 0.833134510607212 0.825477645036318 0.795083077328918 0.932098500806686 0.932382163493481 0.762216181217207 0.819045931236998 0.848421657423868 0.852317423924342 0.672965981707794 0.366109707129926 0.845890776067664 0.80106369373904 0.846939078953955 0.828586438596943 0.489076306171589 0.298910524307635 0.707846927462736 0.661821926277378 0.77928669365796 0.755019994769204 0.743045307190844 0.660050119189913 0.62134476070331 0.550185987631174 0.78176941336979 0.814336395498974 0.918044353163087 0.919793132023315 0.753617481050508 0.576088633608259 0.782739952126182 0.622799232677414 0.831902687447701 0.905953339900631 0.699760073832916 0.55698509611185 0.718930664947757 0.676052839940412 0.8905879199553 0.847743374095791 0.557108518592893 0.480973988292113 -0.0744661365062387 0.179657957383486 0.517523671390573 0.159653932604182 0.610992365742229 0.521127425703028 0.913848065588304 0.891758446556331 0.947645506881741 0.925925390281429 0.809490101116602 0.848467467755667 0.854695630997681 0.854800226602265 0.699187193431169 0.651620678882488 0.162622451505423 0.320699938660867 0.429564204606892 0.275502579853962 0.471493469425893 0.433408173550896 0.5163499261481
0.955984937996112 0.960523607703276 0.847916508642664 0.866628961476962 0.284395500649282 0.526180199106187 0.764972585406175 0.760560652996973 0.332536792497538 0.18213431868095 0.794221068988129 0.849524839881187 0.862968676662086 0.855989779030365 0.82719773490857 0.732346273490359 0.928175498109846 0.883528510284152 0 0.974202442736676 0.680371735667517 0.00467582555816663 0.757627576229959 0.76781386782792 0.726713835614385 0.680694546369582 0.864060704452438 0.829369506852363 0.565429439073923 0.656409575778042 0.671192495938395 0.665781441884622 0.482722613353961 0.0831297581617067 0.83640621937985 0.852070633985291 0.698151608210699 0.718867714148245 0.660933688186112 0.459747054976984 0.531689945899799 0.452910420872798 0.676723081590758 0.63056125812804 0.566328956380378 0.449561334933591 0.473088229155554 0.362625190678605 0.666218254806665 0.677052216189467 0.920989878962274 0.867313917279765 0.661394734029128 0.451120081492217 0.726496496471073 0.524354059454778 0.881077149938808 0.751760122498242 0.633170264658531 0.369696180313632 0.555856887074436 0.5146930632447 0.897847299085397 0.908375653651685 0.591484448100907 0.585866599435441 0.177030069955554 0.407677306444751 0.521426746487198 0.283341913333535 0.437712011395643 0.266459134508462 0.742430587933363 0.68405442324936 0.838699455094825 0.798918741553089 0.678748274614852 0.706349588982565 0.793666281238964 0.721580963631758 0.526990610337485 0.443395887909194 -0.077640911397415 0.115254589200841 0.320374607254511 0.102901743001745 0.223744037030499 0.200090978387711 0.414766551681158
0.933032783167165 0.96461620914921 0.832205795545165 0.858144180761102 0.243815577537723 0.519665752800581 0.733754160466998 0.748318962237473 0.293556174169851 0.190342260383614 0.751764200595898 0.855905767996267 0.83690252428227 0.863674522047956 0.801879518304428 0.745018442151072 0.92185230448963 0.887663027642014 0.974202442736676 0 0.681125564555639 -0.0365209159505612 0.731768567003238 0.753797968703961 0.704835334455022 0.667373463244193 0.876520882089178 0.849101757010806 0.544709072315059 0.655389080968095 0.646695433470386 0.645693073780888 0.458858593331792 0.0646978451342957 0.836332782735149 0.863268237847373 0.714565318327256 0.733776303833969 0.686752914922373 0.479039574401509 0.509597159656846 0.425920658641524 0.659813060145413 0.609156061639755 0.554175998891804 0.42499417175216 0.447599460646587 0.333538336283987 0.650461598385064 0.671901556974513 0.911414334223971 0.856536477925672 0.628951136521626 0.416294913599987 0.691145528501119 0.500285797421281 0.85553541431558 0.746896834810217 0.603326712893999 0.350893505063529 0.528996687108197 0.494742860198349 0.880625289201049 0.907795517739425 0.546505199171456 0.576420266907541 0.202429593680731 0.438607807190832 0.540437879631252 0.332075809871255 0.396166544297888 0.239312354783403 0.724908458168187 0.678507194081113 0.83735275696692 0.804696541789505 0.686187567526181 0.712169922113898 0.771682902940759 0.721167922995304 0.509589635633578 0.419775501888859 -0.124852228740312 0.0633281254620746 0.29359487101189 0.0606462871531399 0.20270000655341 0.163317148443683 0.364838707319251
0.630489414296827 0.656733588603319 0.550818450890914 0.590221447658038 0.125750536736645 0.35779166389217 0.490192694149381 0.550780194294827 0.159902069083299 0.00708745610586817 0.4885216350176 0.582510163375649 0.561741233813147 0.5863020818067 0.518546812766165 0.475752220815309 0.640868415285536 0.647693599235577 0.680371735667517 0.681125564555639 0 0.109701364982609 0.511265356239259 0.519684552394536 0.470523606007452 0.457577764689256 0.627453287319708 0.600705738119454 0.459538671305455 0.499674988205477 0.502076239126139 0.509341394447349 0.351855803414478 0.131695535280127 0.601017259337703 0.533126942105783 0.482982828283866 0.518757577215222 0.398280487471639 0.317275845399929 0.423046510700723 0.390237589821065 0.501916764152334 0.490146456674446 0.458206809491466 0.380706388627339 0.356607109280752 0.295689833203544 0.500914835701416 0.509556469857268 0.617149117493361 0.601578930602634 0.472684754134325 0.318994648021114 0.482968355596551 0.349971504787826 0.573037509170805 0.524889219556644 0.400572027997452 0.285747034554519 0.400100470141185 0.411034397849922 0.593641370249623 0.612173085547783 0.4098829280739 0.47313627436096 0.154029285833381 0.272834289301404 0.412472723412515 0.148808398288576 0.257032815629731 0.158035764383469 0.551021372242687 0.535466167857465 0.577461993340879 0.58390247092575 0.431026485920565 0.506716782608327 0.52602102941543 0.519298330530933 0.338186204911468 0.304692048583215 -0.0470016237224212 0.0817042813187567 0.218173612303039 0.0970609838811202 0.168889780681232 0.166875097720425 0.251067383247988
-0.0165354260663788 -0.0186697174971409 -0.0520195051676076 -0.0434605582423326 0.0299300598850534 0.0116492818242716 -0.0440716592129158 -0.0686053679398751 -0.0796071733251852 -0.129817971580348 -0.0142514245520541 -0.0828454855878398 -0.0468023757665979 -0.0437527754014601 -0.0369326282644895 -0.0587117728669016 -0.0154392373359524 -0.0379461518011547 0.00467582555816663 -0.0365209159505612 0.109701364982609 0 -0.0867445306720608 -0.0669969349696296 -0.0137867052978886 0.0262522626249406 -0.0676174582718194 -0.0685205733351693 0.034933640682605 -0.0296571339316646 -0.0257924919932761 -0.0197519354275187 -0.0301418629726393 0.0685772829599103 0.0352377657768385 -0.0356363377946251 -0.0732062850182805 -0.0811038363996873 0.0441629504002731 -0.0084383212815985 -0.0454062495382018 -0.0192089403408452 -0.0551446009786406 -0.032885958341806 -0.0322991653866622 -0.0101073574701123 -0.0246589495615612 -0.0352655741964313 0.0221812959699394 -0.00726893033346457 -0.0311957045258664 -0.0290153937004039 -0.0362582393020588 -0.0577571449264351 -0.0744189378162495 -0.16228768182002 -0.0553166066746656 -0.0898150170100225 -0.125847360362906 -0.140705556666506 -0.0564511920826718 -0.0390503133660019 -0.000882261402407252 0.0177734324560423 -0.04872939943395 -0.0760555408568637 -0.0669235881650442 -0.0644275704528144 -0.00511769479722388 -0.234121905605981 -0.0899728610610027 -0.100398529863858 -0.0536829721502774 -0.0488195539023054 -0.0747204588378706 -0.063443803682478 -0.120050649478574 -0.0503785314335777 -0.0951841808734663 -0.0604108311250956 -0.087929896123259 -0.0390113107439125 -0.0797135725754251 -0.0298732542538087 -0.0366857151205607 0.0071732707516301 -0.0807070897738995 -0.0268539054628794 -0.0112837175151964
0.769804978571159 0.7515694337239 0.928142489874257 0.891864899001838 0.275150802790646 0.700468988812258 0.887407064968706 0.841017110974075 0.48633377313309 0.306171275592573 0.603312470499138 0.782694806816755 0.790050876491878 0.831775712481157 0.86137958827971 0.80283295072716 0.797925748742311 0.791604493725011 0.757627576229959 0.731768567003238 0.511265356239259 -0.0867445306720608 0 0.937642066716871 0.866687588421407 0.861145686134448 0.754944061484914 0.755473482671306 0.798887601437224 0.842362285097468 0.832667641434111 0.815860848947001 0.770253287131357 0.412716814813499 0.732987177146479 0.653811044313552 0.734034170097025 0.730054619894979 0.433017590512814 0.229904434470875 0.7416875977168 0.693121839949827 0.794428933392097 0.776495716054735 0.766439503818397 0.706822768949462 0.700485351361045 0.63394491950576 0.804203623606493 0.811819386524259 0.78738379602751 0.786588445458761 0.76524772513168 0.650740211293798 0.819157829090326 0.702353665338856 0.795361934133347 0.796365776119262 0.895532845910481 0.726043927309731 0.795080063326327 0.735125355465558 0.790042278256063 0.740012405066563 0.571115511200314 0.459568066372005 -0.0973111524761156 0.0979885024304878 0.356712711982006 0.064430160823894 0.675146711552037 0.546325534422518 0.794350781886458 0.752502141297468 0.83252314437263 0.804902490605671 0.749410480857026 0.763703581740733 0.875845929281536 0.822845591382562 0.764764189623304 0.69055129093926 0.338581751953205 0.497518833486159 0.451211193862993 0.352298036130323 0.488739843779027 0.496073254240234 0.61401332474316
0.787681532128505 0.777617754536393 0.89832505953352 0.915066987269473 0.276424248682039 0.756425560614286 0.882773446863363 0.906315928505885 0.460730541008498 0.434490689602572 0.588533697549265 0.831586471722981 0.823018377080898 0.871735415566364 0.86307409402743 0.871123709866672 0.837488645445775 0.833134510607212 0.76781386782792 0.753797968703961 0.519684552394536 -0.0669969349696296 0.937642066716871 0 0.897796566280253 0.892052686956855 0.798472598610476 0.801768857531175 0.809283173516133 0.878061896072475 0.862935359720103 0.861454232322292 0.805748477224809 0.464985648978773 0.742987834789276 0.663725610920841 0.76987840115501 0.765796052306364 0.388750421645173 0.213077094247851 0.775400119057542 0.727515625812052 0.815152116359611 0.799887196257042 0.80564212179351 0.748928017780602 0.730877423951149 0.67180525268812 0.83950133942561 0.862781252786933 0.817244402944885 0.826631161869313 0.8075044576279 0.685992659641415 0.854292507798502 0.761935495081033 0.815576400855497 0.859810917742124 0.892329444719014 0.792990804105455 0.825665892952115 0.782165867504299 0.810512666908239 0.752628637946857 0.510220983446914 0.4059182061183 -0.162588295943521 0.0511335613527447 0.365528127304544 0.0404504376206456 0.680278154796614 0.584589981815683 0.833606563976523 0.79598739707532 0.881733471591336 0.85967980709927 0.834109861966063 0.858561736231085 0.923342699374281 0.899059228179508 0.801007650098231 0.764122057580369 0.353707710351479 0.500771833825853 0.46344383198322 0.358442554951439 0.543141140085473 0.517421757067845 0.564341610803511
0.767395019147384 0.769777899995535 0.844157920935746 0.807431134766347 0.165380966230434 0.820013704743929 0.868991553828372 0.862197981611888 0.411783886600957 0.381220808637271 0.48156491292785 0.714918518028326 0.753633055695233 0.779906660417361 0.820411135467475 0.838895254696688 0.802739351383569 0.825477645036318 0.726713835614385 0.704835334455022 0.470523606007452 -0.0137867052978886 0.866687588421407 0.897796566280253 0 0.925537129527512 0.751436513324033 0.74827826066465 0.799967323943526 0.830974604121875 0.882418391947714 0.86441220861392 0.824691158933689 0.545543974142486 0.756014470756904 0.677978240441811 0.84391929568719 0.828023607963243 0.390552348074779 0.182070093711073 0.841139634619991 0.79312651217175 0.874061866596005 0.858051151281784 0.853322074166467 0.809178105101063 0.798897046516107 0.731085751425926 0.899018358231183 0.89184524320633 0.821675509212971 0.857371742235204 0.851984830720763 0.739957562750984 0.852106345448535 0.701922896876184 0.753974589545458 0.839446166096314 0.847178800702859 0.696310248518049 0.873696642073227 0.832295190650419 0.834119394383036 0.783558097977117 0.558496491215811 0.392169072235177 -0.256486950716054 -0.0227476969121906 0.347430117540329 -0.0932447428298128 0.719020866686763 0.660711255757417 0.845210276251536 0.806826978425358 0.865964616657059 0.841381798330457 0.798399842119241 0.804278688968585 0.89824742844448 0.884374239589589 0.84716387274296 0.813137920502624 0.395233388287094 0.549221379821575 0.501712618175394 0.4339385775618 0.587165472517338 0.618069438812371 0.621762710370788
