0 0.83915437737491 0.816567306650003 0.811715248594009 0.487825388836028 0.565172767791835 0.803646882024129 0.820618232059742 0.540407886281011 0.479130928871734 0.562262069592728 0.487243077465973 0.761176742062041 0.646120845080975 0.604266875022353 0.584263543750171 0.691762418777933 0.709083883269539 0.852447368274324 0.834263998707453 0.285081954933192 0.138889530393172 0.722196597602877 0.703751727819306 0.4795578319647 0.303890621582857 0.697341810334498 0.678602970654961 0.68073888681757 0.646394885732365 0.817932973467808 0.763981004234061 0.539777646965742 0.598289271571652 0.599965009321742 0.521235919999453 0.538756485613619 0.565090347123703 0.383115424087667 0.405791128932341 0.837299581835068 0.812275594256763 0.814531633462291 0.840718757312402 0.817518016257315 0.851232601746912 0.8157312252251 0.791050796839311 0.826023706952327 0.758970563186961 0.913653714333148 0.841171624577752 0.735986321818691 0.692393140661304 0.722322558280296 0.589581820694484 0.742893876238751 0.707130137078633 0.456328715900445 0.643022710351513 0.780465499143888 0.807656141414589 0.870729830108049 0.886531943390263 0.606520613852604 0.638318025351485 0.602908839298355 0.542419844770807 0.450659585077916 0.301645731931979 0.635204002828176 0.508299676186927 0.658786137892684 0.693340185256834 0.78739474437832 0.70725023607086 0.637973688265219 0.683699179864395 0.725674077389757 0.771038581103169 0.664041065934135 0.691866923439837 0.691524722055818 0.627471193840121 0.587237872638732 0.640746443089401 0.660317069060669 0.703682420513122 0.615824454111832
0.83915437737491 0 0.690393399700429 0.761998502733832 0.357582894623682 0.435402497321266 0.582894710427855 0.722389998422745 0.292537758306379 0.362768077707452 0.544740436246691 0.600102301068906 0.651946517155149 0.720163689579424 0.457603113175476 0.529540722282952 0.831609573725568 0.885084554291674 0.83689971087285 0.940061085158339 0.31161097946465 0.0766318133396495 0.713792081833513 0.663025773578912 0.42468787502853 0.280988570830724 0.789239667817624 0.842331031676261 0.704663404130497 0.732254052671687 0.856332355476362 0.872641120648915 0.418396105325873 0.552932718417273 0.588813046186781 0.472118022115224 0.50633358838858 0.443217615554866 0.385891455506571 0.392349863282418 0.725086380284207 0.702301388896371 0.716056088037139 0.746842198997123 0.759837470294914 0.769409852778352 0.613338383442903 0.574394669063551 0.667148096153797 0.638832828278165 0.882008269441353 0.937056883869341 0.466739933842008 0.464092890850924 0.490992115831115 0.450739690571671 0.830148424213263 0.809324883838443 0.284064080594496 0.464723818438 0.62773231709452 0.724233621002275 0.885691082605423 0.850304485352477 0.53052128340698 0.608433504062577 0.657316150874527 0.694505392990554 0.463632678990186 0.446557489113716 0.568367801957806 0.425103336863227 0.754182573640849 0.805400618277139 0.847487888053979 0.807569398985202 0.586848816311499 0.606227104503813 0.61842995447398 0.688096505785883 0.354066084967215 0.469550664220248 0.460200371265031 0.364459767802347 0.432041344095689 0.495652946263806 0.510480337592769 0.480507503662507 0.428857757544483
0.816567306650003 0.690393399700429 0 0.844837254834805 0.564481368498002 0.528002818820175 0.87719629111291 0.754692141148657 0.578145910964636 0.350848476888588 0.354136604000541 0.252573353503663 0.727107743435357 0.506487772175173 0.634780419401868 0.51445567046399 0.502569340361452 0.564776358755351 0.747697659082088 0.688472608392935 0.257816474521221 0.129437267757 0.851202837451342 0.763560387563287 0.561019657594224 0.46152796044356 0.523742499779129 0.504286450376073 0.68205866256822 0.653297692844236 0.753422008837775 0.669274719232448 0.749564547254905 0.702747593689635 0.583841162036526 0.474864518331818 0.513952757358793 0.555058449155526 0.37535738308996 0.407651717043897 0.755149547172952 0.687847695214712 0.783146872525055 0.732226320751596 0.729658366329513 0.761946913111998 0.730547904956926 0.705169754969007 0.727754846975854 0.661212432659077 0.77969700816346 0.739044216688793 0.660352369747754 0.621225391576316 0.675141514332597 0.505134937793219 0.593186874912432 0.578009760371202 0.680924262088653 0.6718375825755 0.824759862813871 0.797436286308697 0.722432432268732 0.75881005877096 0.583409317281831 0.608250481184748 0.472126838521266 0.398155902509313 0.39564153039129 0.246355024425415 0.598974005919106 0.495117804164926 0.459524044580077 0.544698248538697 0.623886970546482 0.573816766442117 0.566449389287659 0.679665324003202 0.790904967401498 0.715894826640018 0.678123998696584 0.622770343538573 0.664572973736768 0.657348506660701 0.580343945160649 0.538297509411496 0.651147376924624 0.670699981982676 0.588796921073319
0.811715248594009 0.761998502733832 0.844837254834805 0 0.524407106936712 0.549258873662282 0.838805582722054 0.913382397757747 0.529574643117215 0.47154765364872 0.382093041873552 0.357964459314405 0.657540434950815 0.638910367260223 0.488080267980062 0.603045479000521 0.551412124789575 0.610535084531266 0.716180278147278 0.777074386651042 0.273464953553013 0.0662839663634224 0.802945025281496 0.860598492264017 0.432572816777469 0.496356656711316 0.584217272827892 0.62294841363909 0.711858471437832 0.748434618169032 0.778001188104286 0.804896269597213 0.653863048387387 0.652283455079044 0.669808072108838 0.519885387152775 0.519478925266764 0.469574459800968 0.415818228554294 0.492146856683272 0.765463053748257 0.748381187203044 0.768751704995094 0.780880839354903 0.731785995457943 0.800304939666945 0.756629743356871 0.733280189368136 0.726215973938517 0.684103047114475 0.774942591662892 0.790324782454954 0.680835774577081 0.677177844945166 0.693851326081021 0.669128731007056 0.67035444638594 0.703985470307746 0.596434552281447 0.776981946053233 0.836422419463856 0.851346118643896 0.7788430150243 0.806740732665105 0.549801545314694 0.689355285539764 0.577238036880852 0.49967902428101 0.35671782806817 0.303278651791706 0.700069681866586 0.604572146552861 0.495976470426083 0.593377086466811 0.673885423403928 0.641663056581127 0.607708081444322 0.726885505820448 0.755137906377244 0.796322806795962 0.65893983185577 0.740752712475824 0.754895518981991 0.667756439544901 0.673365708593414 0.655578243387073 0.747093546889665 0.737589424720661 0.660468529764851
0.487825388836028 0.357582894623682 0.564481368498002 0.524407106936712 0 0.462348975275396 0.620790855210086 0.508070934531882 0.708147979470504 0.365516429733178 0.376828761125367 0.167860212604181 0.666391773995077 0.460581748593018 0.643695486077064 0.439460576963702 0.277864433346853 0.296543264903415 0.392911327878954 0.404488877306533 0.385528121224287 0.0564970737269351 0.681215685650372 0.65890026538952 0.347679613044448 0.516613082389363 0.398845969936329 0.33878755259099 0.462853725322732 0.508164754691216 0.429110876937015 0.435727914794576 0.508472566075756 0.308598077495427 0.384682814671131 0.197201263997689 0.309163336152254 0.200763190075199 0.262549701701039 0.356945010237395 0.360781230274892 0.353330436585 0.425814139154213 0.358578221464502 0.324870459254462 0.358416646719161 0.358642576636607 0.38528629988538 0.371096604135507 0.32440454242578 0.414401824694204 0.37730860983927 0.333067824821706 0.302565256273173 0.410454790578737 0.355416579723785 0.322561501301338 0.27438737841458 0.581817381725585 0.443157464439677 0.445234418829615 0.358631751867784 0.42187252418986 0.451121187659905 0.499839182627542 0.563247950825465 0.421812375042475 0.271157230554308 0.166128655193889 0.178844238747234 0.491074723602855 0.399480742018923 0.211502006406871 0.322578482167294 0.362507735765739 0.348802510720909 0.562067272498429 0.449202756232001 0.628373635596733 0.455931825336281 0.582750488302679 0.473244639823914 0.553728976493977 0.594497669333572 0.449414778254926 0.416714619023654 0.444602531618778 0.49166930911481 0.396726126127183
0.565172767791835 0.435402497321266 0.528002818820175 0.549258873662282 0.462348975275396 0 0.599690819278618 0.606402571395275 0.49839122903164 0.528100220798932 0.4027804105647 0.377536583336588 0.597123134376203 0.576133801079399 0.536934769988826 0.622399310731867 0.334397585392162 0.350299577636832 0.464906089962038 0.462376440280796 0.129937335804787 0.25229388229646 0.555064070678404 0.610854193062177 0.433491519796513 0.408967267402011 0.378100948275512 0.399696836938978 0.448804599706785 0.562345919932648 0.468808163621645 0.440620402882951 0.501939831249588 0.46028660242555 0.432802510867731 0.320188365199733 0.266742229203744 0.512036453852567 0.397155098481592 0.347484862791598 0.506327973755605 0.481741127994586 0.51581246280933 0.480307342412009 0.553969482713913 0.537764802444174 0.543860485427099 0.552274459407385 0.527996606808999 0.593635188670154 0.51916046526634 0.446450339962724 0.504041348611235 0.496660066096521 0.532286091765613 0.536338732642645 0.425120709809522 0.377027107768645 0.487910408697395 0.607244707602256 0.585852582319138 0.553369141234461 0.476440838278333 0.578992540887521 0.466890931786584 0.428322101935959 0.458332632221797 0.376188275526524 0.294701324021277 0.144201560301075 0.470263973063408 0.311297029534717 0.283096360871282 0.295742985788684 0.45645633889711 0.408249426526224 0.380782729464876 0.540007113850859 0.585314589180851 0.669830840662148 0.499771794681701 0.591788437289077 0.619329145757222 0.537026499416027 0.530076525457889 0.492989448235252 0.518862610937258 0.515816980789485 0.560092825589426
0.803646882024129 0.582894710427855 0.87719629111291 0.838805582722054 0.620790855210086 0.599690819278618 0 0.856875927863322 0.761711959011837 0.51848576350207 0.389082451120976 0.20196570196723 0.728553355558742 0.457216141788304 0.635931282408129 0.540923473565717 0.43988743296989 0.462387710932003 0.645419775491989 0.621813290795053 0.241537375701906 0.144830286368649 0.776496779215249 0.714107289420314 0.446541295788427 0.379231479216042 0.511078952976715 0.446557112053732 0.675356477561941 0.610201485281461 0.725200987258379 0.664134397230975 0.697722295625822 0.587955644634686 0.537147895032175 0.410541280933932 0.511873456599092 0.475157086972926 0.371116266317348 0.407644349574139 0.749206179518126 0.720030710074145 0.780262670889572 0.733729957720536 0.672633147403351 0.747778586675393 0.773702044918774 0.774864040797189 0.744351108642538 0.682616574515946 0.728803007285215 0.644312372063147 0.77888632473854 0.713717557048211 0.84489184869832 0.708522846781632 0.580200559511926 0.576230561942798 0.713432032722155 0.727445895669227 0.861031063372142 0.795582995644574 0.707404259985923 0.768965007059782 0.613842838516313 0.637579517239264 0.504746196867554 0.358093944570646 0.294989815841052 0.152662840363483 0.682709101907101 0.596758640212207 0.401072573967536 0.473600852318694 0.581476972260502 0.494074493088459 0.595084915750233 0.689455885355286 0.742234900418822 0.709663155090238 0.819022035848158 0.781258607991069 0.824534111978822 0.836910178905411 0.748337963560032 0.716826534027775 0.778395114618492 0.813634264904878 0.753309419090593
0.820618232059742 0.722389998422745 0.754692141148657 0.913382397757747 0.508070934531882 0.606402571395275 0.856875927863322 0 0.588229438421203 0.616599864352298 0.447584876817816 0.459255525077576 0.653753632190635 0.626233595997209 0.505245938497497 0.650589162872647 0.554047915778843 0.590436963895378 0.673940245457226 0.719309765964988 0.231974857543791 0.10076281394629 0.709799305715479 0.753195687106034 0.419676889550466 0.420064342515483 0.591603346494844 0.620328482980914 0.670707313909863 0.709676967412662 0.737236782430782 0.779058454596002 0.567417575521977 0.578317061409405 0.639051728582801 0.473761022626324 0.501001221576479 0.512773945205324 0.402939404217427 0.48695603072351 0.773379681683185 0.778418036654559 0.768692794931803 0.789507818789699 0.745053051009109 0.814326557504786 0.792875296623216 0.790683273574415 0.792077017368485 0.753339757123689 0.766419631532166 0.743649053106922 0.731291106917997 0.711030977054493 0.771578114389661 0.782658280384784 0.666915112965055 0.707580171166527 0.518612887053007 0.772586708310903 0.815198282475741 0.854183988158661 0.766831652895046 0.799176739548443 0.546181218104445 0.663660828107675 0.620401549038299 0.52138900154214 0.341936512579996 0.28701635106459 0.723371629679287 0.579947031730293 0.52067796054849 0.588568271078558 0.680264460329539 0.604709843712882 0.579998180535927 0.665044233130306 0.665597338158276 0.765731400377632 0.683789419270709 0.793660104543879 0.787622444522195 0.679191485010793 0.704732988649146 0.734327953326519 0.770965957455399 0.745433225198224 0.705067415743022
0.540407886281011 0.292537758306379 0.578145910964636 0.529574643117215 0.708147979470504 0.49839122903164 0.761711959011837 0.588229438421203 0 0.566340023170678 0.334747227797021 0.139982849992168 0.630226378243474 0.352813962212912 0.698563210067898 0.486746044038341 0.166597572035164 0.168789686226434 0.333319989263069 0.338437651598748 0.186954549602316 0.0579902573345448 0.574454100265624 0.53610738383109 0.413467417137565 0.380275944652401 0.290139051185766 0.222758374829952 0.383746789284537 0.356083222275675 0.411877924080358 0.376392066404544 0.476509017176824 0.342055663701881 0.41057355681368 0.264545193956933 0.350710958018984 0.272697229736873 0.299137939452429 0.304849470070428 0.43584143232378 0.427412863680526 0.470138109397239 0.408044155443063 0.366357217771995 0.41445088943773 0.501255275277989 0.530363764080305 0.501791032217966 0.408449961240957 0.426097447241428 0.350240690652938 0.548184180930781 0.520725371647584 0.619409394906198 0.555886703981681 0.263861791834068 0.247305039510057 0.630958571280864 0.5341855178907 0.548278287981025 0.443813100196554 0.453711646785307 0.504493640672734 0.463043858446812 0.489475373028775 0.329867889608762 0.194203711592988 0.0926299541091266 0.0910705327101426 0.480303390068759 0.421764048257988 0.175259009931152 0.255701746726828 0.290961232279413 0.258178761086762 0.48407888206366 0.474220059840391 0.547498951581287 0.440790144127861 0.738831535721665 0.611731422189858 0.642777067379424 0.715428001544311 0.528017421661607 0.491468629162727 0.531582204119887 0.571938501869884 0.539438705686133
0.479130928871734 0.362768077707452 0.350848476888588 0.47154765364872 0.365516429733178 0.528100220798932 0.51848576350207 0.616599864352298 0.566340023170678 0 0.242570184028678 0.323218184026594 0.441214456098546 0.442487167029411 0.39340185056047 0.570680887365346 0.317825525525986 0.337221646119829 0.365929665788227 0.379349763587649 0.237677324022911 0.141500384484963 0.425563607592039 0.435385215377472 0.246444321210671 0.192163327976804 0.397643075784905 0.384342173850215 0.419312566226257 0.495415741773454 0.445839926188969 0.426368105767998 0.345834910363434 0.326215725552989 0.36565304663074 0.344612996983226 0.360514354638881 0.345051750986248 0.210763851550321 0.23295034007358 0.398488502274219 0.442738171868299 0.416537526472583 0.426745921490619 0.40255124565768 0.43913067212169 0.461429198981696 0.486013181305632 0.492314078273373 0.472976705459946 0.409529585008336 0.364780237139939 0.443778288726775 0.424078896186229 0.506274914063626 0.608404057086246 0.32663281302304 0.359526450049307 0.404286851036458 0.5229676403987 0.457956177668789 0.43957352817382 0.436855581793701 0.469341120230655 0.379413190950531 0.398558887174792 0.426034966316615 0.346173533242247 0.134405850715285 0.14402651857228 0.419821600851125 0.301915315047327 0.299093653763812 0.338074358306041 0.346616328914295 0.315079415384781 0.455681962703844 0.429583376402267 0.353862537775013 0.465772593455639 0.469096073335106 0.59378870468952 0.515522390898952 0.445212840922699 0.415400675313936 0.471946703512485 0.460149354383125 0.410322497329656 0.458596874864205
0.562262069592728 0.544740436246691 0.354136604000541 0.382093041873552 0.376828761125367 0.4027804105647 0.389082451120976 0.447584876817816 0.334747227797021 0.242570184028678 0 0.695728511405065 0.728827531940376 0.668267933592693 0.579916647531935 0.508806386692712 0.556178913857042 0.569944354582465 0.621971744315509 0.598593921330117 0.16279767079979 0.156736629918281 0.494868467461405 0.466847512721866 0.263214865472294 0.224767376586885 0.681265446185107 0.66650520121463 0.471629309468437 0.519346364315223 0.503029372740108 0.538798698228125 0.111607538331372 0.0882253413975575 0.325818538017665 0.196915175108723 0.213097422159537 0.234362104896842 0.201713566654717 0.296613998204404 0.266683401819419 0.252643645727121 0.249198734179835 0.257432487660715 0.335139402319887 0.319502681929825 0.180367590945894 0.185559591223075 0.30021624571477 0.311357188647592 0.484382923356638 0.450838832277209 0.147938630336921 0.0949495211782295 0.469324331928205 0.415314151333659 0.638988213789251 0.551814383495095 0.12592190710905 0.158051377180724 0.189507939899083 0.244721923274499 0.474879956639285 0.462269505925729 0.437549013255937 0.448796191243572 0.497562140529252 0.47448477728368 0.203255030721783 0.26211803821296 0.392549700230817 0.226333822926131 0.518087548792245 0.462697327815625 0.602874067175717 0.490349088055645 0.413950457573683 0.318697249871406 0.426076833895616 0.392505493909387 0.297760922588211 0.229732881814969 0.265332248113002 0.221203049349798 0.223249756574919 0.297198024718738 0.250549650497582 0.238308553288216 0.209854707269217
0.487243077465973 0.600102301068906 0.252573353503663 0.357964459314405 0.167860212604181 0.377536583336588 0.20196570196723 0.459255525077576 0.139982849992168 0.323218184026594 0.695728511405065 0 0.465997613630043 0.688519879327739 0.329755011556885 0.561496217895239 0.500051641414166 0.582729950713894 0.532469576810035 0.571203526005717 0.0962057602769594 0.130026347927905 0.333228187787234 0.348616940932585 0.340003615610253 0.204296452472869 0.541122357146659 0.700513825878844 0.30065525084605 0.442783752852583 0.357910788645575 0.471650007816911 -0.015361139153751 0.0827278689292531 0.316329142983687 0.21601334584426 0.132020535425596 0.24176534478932 0.171380464210486 0.285514858651895 0.240019188735315 0.219414076886814 0.201910539078374 0.245394281566166 0.360976235173621 0.30259236437637 0.190580510588044 0.19425948711725 0.312101743107327 0.341452779180207 0.416030596805423 0.494010955072779 0.140429862238659 0.141235808409806 0.301692286644151 0.402646225271339 0.480656504178284 0.527579103067534 -0.0644586580477825 0.171917251789181 0.104425356164765 0.2285687094351 0.409870758585504 0.362447297355451 0.258667255476217 0.274067918831987 0.459779871275432 0.565155584568846 0.301291190551589 0.329670392961801 0.193115425297146 -0.0152074891785926 0.412810840099371 0.413038690159605 0.498652879132403 0.447732779247883 0.182401029250871 0.23129440796705 0.213147109043392 0.336708937688637 0.0646011500473179 0.201819867349077 0.0658904822468215 -0.0613995339496036 0.0311928327970189 0.154617063888089 0.0968873684679717 0.00470975870057297 0.0155757557389825
0.761176742062041 0.651946517155149 0.727107743435357 0.657540434950815 0.666391773995077 0.597123134376203 0.728553355558742 0.653753632190635 0.630226378243474 0.441214456098546 0.728827531940376 0.465997613630043 0 0.749548291517956 0.826537697000125 0.664712244215972 0.564698587656394 0.60072287797277 0.771124557235408 0.687543214030972 0.334934643015758 0.194033427086201 0.816457536517441 0.742052999257248 0.418219844124739 0.375511777262396 0.684224712494064 0.637773999336425 0.673814243195499 0.667562340067056 0.718406692437564 0.657206282845016 0.531252720538655 0.447134042357162 0.494790994183235 0.347359681062983 0.503962563041512 0.425122378662028 0.323252212896786 0.378229480917413 0.57794094358802 0.552975215310535 0.599219195345651 0.560770555812434 0.602237699786036 0.606419529191508 0.49481187057212 0.518404446189613 0.603513019862748 0.589682854090583 0.680937670138132 0.620027878274683 0.443538946645752 0.406315742845643 0.625779654949165 0.49894952839811 0.637148294849792 0.56037416998871 0.569203019305595 0.494817496939102 0.564118213500353 0.551423114644301 0.661277554832983 0.689068650693312 0.625300721649692 0.622719845442461 0.546733945996986 0.447378296677822 0.35703585845057 0.266153743975215 0.561188661526035 0.448486454995375 0.550771770843534 0.595382473938292 0.692974410590935 0.665364107277056 0.701485392130369 0.638653863461913 0.786206183596156 0.669664797884893 0.611848858966757 0.549184169888387 0.576152586470959 0.580447790865325 0.485938385352587 0.524548411527533 0.555294061249328 0.565871558266941 0.493841134939772
0.646120845080975 0.720163689579424 0.506487772175173 0.638910367260223 0.460581748593018 0.576133801079399 0.457216141788304 0.626233595997209 0.352813962212912 0.442487167029411 0.668267933592693 0.688519879327739 0.749548291517956 0 0.570704878391367 0.76152202438301 0.56401721882694 0.636589951096486 0.654581996816998 0.682809779760518 0.267056674762193 0.0709656248177389 0.68790436432141 0.751996446414104 0.356348595260988 0.418891086724503 0.647506234775401 0.737209151504666 0.534298477957709 0.705156513870164 0.624087013717575 0.645477215045461 0.371148095008686 0.412493728282915 0.551060228090317 0.372018337183066 0.382304124753682 0.349237329195855 0.324326334087275 0.38977650732714 0.441001380166888 0.440262973565894 0.42334425001138 0.447561737634025 0.535215369289644 0.521735917606266 0.362300253208324 0.360838012393869 0.496566367309317 0.5200890500969 0.598489698145868 0.623946880559913 0.229552690608942 0.219882166391533 0.376597318031126 0.453922674328916 0.589653039991119 0.573225567868815 0.380499197528158 0.540714595170044 0.392661386793258 0.475245813520703 0.629966210784779 0.598033642263196 0.447933996503976 0.543249340662058 0.570998205949325 0.58329960967488 0.344567787732829 0.380975505487213 0.439346421013259 0.358154443118098 0.504694636843487 0.595188579753351 0.654823839769881 0.707003395822421 0.527187534408151 0.55745493583667 0.645654717047418 0.732417905878595 0.342033813882828 0.431251628127735 0.384723266371901 0.281677177577119 0.283045119548838 0.346650897182504 0.360422155609749 0.318777939887676 0.282355327454553
0.604266875022353 0.457603113175476 0.634780419401868 0.488080267980062 0.643695486077064 0.536934769988826 0.635931282408129 0.505245938497497 0.698563210067898 0.39340185056047 0.579916647531935 0.329755011556885 0.826537697000125 0.570704878391367 0 0.660135675809405 0.398996473070427 0.394531623864058 0.533496220261369 0.470675520231261 0.184379581991023 0.156293418895562 0.698074226373517 0.607747248287166 0.481781547289187 0.473677189945166 0.520677523092536 0.436586438261394 0.546107697208886 0.553565584268647 0.547794611843626 0.441852836645116 0.506296803305326 0.354769526135308 0.428288367300331 0.260665137009374 0.415313272082425 0.404850372217993 0.381076990521701 0.348806270998969 0.47965874569535 0.450753819544008 0.485110134250619 0.428817102299261 0.496802465465837 0.480237369917912 0.402724696317597 0.419963336249917 0.522061979679955 0.466127626176878 0.550378290877344 0.452307062066747 0.373450096684994 0.328845977626853 0.516511864562952 0.378687260474447 0.436966108310659 0.332777121662246 0.535670016650965 0.418032570066579 0.476212884452721 0.445543489597852 0.530290701574728 0.550287243697234 0.522268791812824 0.462296086844446 0.381418468179151 0.27295787718981 0.276901035112895 0.234619428604004 0.451180535146098 0.330104890782215 0.408775874415379 0.433674830982633 0.530655810929936 0.448319304489459 0.581579077949377 0.54097780203258 0.631326465744698 0.508481385679805 0.550101004989483 0.427716848652865 0.478976778544953 0.526702046785863 0.394715476254141 0.388937328578512 0.443272743985071 0.456171584146226 0.400609762530789
0.584263543750171 0.529540722282952 0.51445567046399 0.603045479000521 0.439460576963702 0.622399310731867 0.540923473565717 0.650589162872647 0.486746044038341 0.570680887365346 0.508806386692712 0.561496217895239 0.664712244215972 0.76152202438301 0.660135675809405 0 0.40310670439431 0.471802758465136 0.502196932267922 0.509221510256552 0.0809798269078958 0.185581444830136 0.595267885408116 0.65236477252217 0.459826704354953 0.492431606636488 0.504241276726258 0.580988413506718 0.510628210236449 0.60320443052888 0.535992620635345 0.530683477705988 0.454431633428112 0.420678480542983 0.495986351199935 0.367979714784998 0.320346298044169 0.410707646833451 0.359105368208252 0.464672577812957 0.463133923196113 0.462173984397646 0.457147207766683 0.480296672108804 0.546997804978849 0.525772421331671 0.451576146551085 0.465159880306732 0.567170258059937 0.560801449373828 0.54179829805388 0.523399391436797 0.426624106507636 0.41661500414455 0.547542315277494 0.574622116510582 0.467200034048027 0.495875506435525 0.414675388401208 0.565917470111875 0.481756563996251 0.503439161824414 0.537492080040688 0.565755414421554 0.408573722793582 0.458320243054112 0.444715035180778 0.425138756936792 0.230118680447801 0.282867270445138 0.479732013771447 0.347190998168385 0.363142676333526 0.467046628239512 0.519323284739342 0.496718792880857 0.455881243306843 0.633187269474241 0.510070623127872 0.668777890117738 0.460264489205273 0.586488280289141 0.466961582578884 0.391685463219314 0.401945441225105 0.439804618657709 0.519997543519908 0.418516977634808 0.404515431931034
0.691762418777933 0.831609573725568 0.502569340361452 0.551412124789575 0.277864433346853 0.334397585392162 0.43988743296989 0.554047915778843 0.166597572035164 0.317825525525986 0.556178913857042 0.500051641414166 0.564698587656394 0.56401721882694 0.398996473070427 0.40310670439431 0 0.927933545777432 0.787958719269613 0.85924350543586 0.418212318248462 0.131282623622994 0.58703516610227 0.507197923590224 0.23352957431462 0.147489752155195 0.898053210878314 0.875253695562529 0.761318259762434 0.730522212601648 0.868237532750927 0.854555774320107 0.336805209773297 0.431878950147116 0.44553045014557 0.356524631271396 0.519431401734854 0.324788996026547 0.308479393671049 0.340218479875072 0.6413676441916 0.620295903541964 0.626982421902368 0.625035152626236 0.646635874088404 0.650130296564987 0.424975248883757 0.384433666105249 0.515081561472664 0.494785975861524 0.812690938954299 0.789990141024919 0.278683837442911 0.251930032628808 0.397620986810088 0.345991515653944 0.885952082706206 0.794404122062776 0.186409833590211 0.305139949591123 0.483360018475117 0.582087315740131 0.809297504961432 0.783452334064398 0.526590464859329 0.594355492257526 0.724554289228644 0.6977076331746 0.416701385385227 0.454672756253111 0.56033211160196 0.400139068715488 0.857313659439057 0.87226157155292 0.901190198483099 0.784655340586111 0.636880046870734 0.554105825895701 0.504397573846511 0.536281706481929 0.248160066340284 0.350820699357664 0.356370088643445 0.265961750950867 0.387282643216309 0.483195143579586 0.464206513516815 0.397220478388295 0.377689049232636
0.709083883269539 0.885084554291674 0.564776358755351 0.610535084531266 0.296543264903415 0.350299577636832 0.462387710932003 0.590436963895378 0.168789686226434 0.337221646119829 0.569944354582465 0.582729950713894 0.60072287797277 0.636589951096486 0.394531623864058 0.471802758465136 0.927933545777432 0 0.829705328865828 0.885829324142046 0.370106014215286 0.135498175905772 0.626510282019708 0.527187190829292 0.317004937680208 0.169258331181763 0.863030173225122 0.917724398994611 0.732054304731913 0.737392209445147 0.872672735355992 0.871885508684367 0.360900977675178 0.456145053992224 0.453256332979011 0.391853637262237 0.517315753232324 0.333202609735623 0.253964520998173 0.31577886518219 0.624129092523869 0.599858711091442 0.617857160326208 0.622748723335202 0.662761705010199 0.661131288217607 0.425785748641611 0.396857750694683 0.531338469873819 0.537242086606227 0.807487453612635 0.852997827947345 0.280891903829556 0.263272992672608 0.412309023479603 0.350399128826419 0.864043417105115 0.84536804504995 0.221866473270177 0.343222159758668 0.490466679578476 0.598346940995739 0.810654486637793 0.773381148584005 0.529321006951835 0.583704549923474 0.69188957370115 0.73591648852078 0.443313623025042 0.453090067549515 0.522657813404179 0.387131920040247 0.808384364915335 0.857137206615908 0.883552956079328 0.812788226418152 0.612903656843566 0.573326631945558 0.542996427316195 0.589843955362527 0.242271215226933 0.366172021193142 0.320095053593982 0.241277727908376 0.354457925547564 0.435186775864083 0.428109707338954 0.357813529039656 0.333289862069736
0.852447368274324 0.83689971087285 0.747697659082088 0.716180278147278 0.392911327878954 0.464906089962038 0.645419775491989 0.673940245457226 0.333319989263069 0.365929665788227 0.621971744315509 0.532469576810035 0.771124557235408 0.654581996816998 0.533496220261369 0.502196932267922 0.787958719269613 0.829705328865828 0 0.871543577974669 0.335375270192954 0.161708265639778 0.733956745669902 0.658780049315676 0.391384405802876 0.240074622994208 0.797603245208636 0.788073089189377 0.741720397119573 0.703672478247252 0.84230345769023 0.792976760525102 0.435965215898934 0.531558849623584 0.4703499996949 0.405173469751064 0.49865626980782 0.448081186434063 0.276980306937311 0.322110170165136 0.714743964326828 0.67102869718253 0.705849124807099 0.696174326874318 0.731889841046994 0.737909704869279 0.573837792194135 0.546865032620907 0.615625042706542 0.617370589560497 0.823323525244229 0.790779747127725 0.440333838588411 0.418210550178836 0.531878399813205 0.447125362447571 0.807107077152323 0.746915662236487 0.372364377277549 0.432770152653182 0.599022320593916 0.671554402031858 0.799416985376915 0.786732592252383 0.632702287540482 0.623515348012851 0.670329631918629 0.629909588437089 0.522373760176214 0.362942175544781 0.540835801186661 0.421975278801092 0.706532232661947 0.722947420754187 0.811093209325196 0.755000148217254 0.619283272048053 0.605067750057737 0.68432877385837 0.655853524698917 0.427341384876171 0.465821639715762 0.474684160528377 0.421231751842942 0.423510992474162 0.524794293648173 0.509057775630951 0.491356854184935 0.435503869780811
0.834263998707453 0.940061085158339 0.688472608392935 0.777074386651042 0.404488877306533 0.462376440280796 0.621813290795053 0.719309765964988 0.338437651598748 0.379349763587649 0.598593921330117 0.571203526005717 0.687543214030972 0.682809779760518 0.470675520231261 0.509221510256552 0.85924350543586 0.885829324142046 0.871543577974669 0 0.379133076792571 0.108084290926041 0.737947221687292 0.697930394248039 0.365630693497596 0.263233216282617 0.840145206751621 0.868516368723369 0.779513616023012 0.764059493408162 0.89011521908126 0.913891373833927 0.411186561472558 0.509951317198918 0.570370410794965 0.434857186940702 0.516213326440197 0.3811761053189 0.401853780886706 0.415371497545965 0.731381337204876 0.70883011191093 0.728501146452509 0.735644862052658 0.733999861415095 0.754646221484298 0.587203174396391 0.543657650041912 0.609363111696066 0.596743605280409 0.873972989806626 0.898824445946225 0.468326606533588 0.462206110502064 0.52613132541885 0.456672356062409 0.880381948151917 0.839478862850589 0.299769091043295 0.432972899658889 0.635265758015168 0.699973154653215 0.906438563045145 0.885979841206053 0.608436029079135 0.687146231340117 0.716250093514447 0.705093150090311 0.453313353328751 0.417409486100926 0.629646868306853 0.482421301897419 0.764841102253191 0.823553751591805 0.871017734743601 0.792853039483451 0.629647093741024 0.642335867906182 0.636522125166474 0.653098085073167 0.385935630562842 0.483988864681767 0.50886383753587 0.419269183185028 0.49206619628668 0.544306041295597 0.571873413989026 0.540334784157768 0.479250592507812
0.285081954933192 0.31161097946465 0.257816474521221 0.273464953553013 0.385528121224287 0.129937335804787 0.241537375701906 0.231974857543791 0.186954549602316 0.237677324022911 0.16279767079979 0.0962057602769594 0.334934643015758 0.267056674762193 0.184379581991023 0.0809798269078958 0.418212318248462 0.370106014215286 0.335375270192954 0.379133076792571 0 -0.018414693558177 0.421502823230631 0.364306574699088 0.0320544726350827 0.161934451082427 0.479281012065361 0.39240669204518 0.489434989967268 0.423230131115055 0.426028176884619 0.38431481010725 0.29166633540347 0.189923852392752 0.24533500440841 0.188644472488916 0.435043052596406 -0.0919212659474658 0.088253575053124 0.0649633570698142 0.252910826294957 0.248735769669449 0.295364931303053 0.225178673502334 0.173108523866186 0.225580476440982 0.166877571748063 0.149488444919791 0.19150813504454 0.130303581640316 0.299814714148801 0.288931247332587 0.059330733086243 0.0693374554391399 0.0773025700499721 0.0870164340768638 0.323149842921765 0.267993498172405 0.297021664239207 0.193676808041282 0.244373780449898 0.209292965355986 0.385945746069822 0.33144342665155 0.511337988497458 0.492991241967318 0.45629059112362 0.353856938942983 0.169559517528583 0.255454406861658 0.300526512964951 0.353345050851689 0.389926922766135 0.423011780651456 0.388517627402612 0.388260798485888 0.561999015822501 0.291909455999674 0.381933193704491 0.261074880848922 0.190838161289709 0.194394495493342 0.239733448194655 0.249256209737343 0.224020196683479 0.253399638346122 0.260449565859163 0.260218127659993 0.213424710078282
0.138889530393172 0.0766318133396495 0.129437267757 0.0662839663634224 0.0564970737269351 0.25229388229646 0.144830286368649 0.10076281394629 0.0579902573345448 0.141500384484963 0.156736629918281 0.130026347927905 0.194033427086201 0.0709656248177389 0.156293418895562 0.185581444830136 0.131282623622994 0.135498175905772 0.161708265639778 0.108084290926041 -0.018414693558177 0 0.0981937163619964 0.108043947749069 0.209435682650554 0.116227651502498 0.102637640191169 0.116939328076366 0.157356103297307 0.133294914786771 0.106967975048146 0.0618106056990277 0.145197795576185 0.135355020234089 0.0205474991264956 -0.073638349567262 0.0100069478741696 0.229449511479371 0.011918567699554 0.0769357800792319 0.10252194348099 0.0657049714342563 0.0888232501781715 0.0987737871168805 0.172415014289807 0.134886162834182 0.130640252802296 0.139675380925025 0.121361283519427 0.202578852453512 0.111738307708603 0.0564674015300159 0.140579081557027 0.111750599622433 0.196125169548104 0.0908422531703997 0.159310494082545 0.129622572989513 0.0490284609678411 0.0929630341094054 0.0899026655084406 0.0784825058000394 0.0649037805133589 0.103189051215807 0.0733507007089945 -0.0316720356611604 0.117147107574186 0.0652861595967624 0.0474719483100485 0.090719229258912 0.109881247101187 -0.0600592436727939 0.106252172279726 0.0731015911267727 0.168399571864228 0.130222022150565 0.00517926981971836 0.251367175420916 0.146289074368347 0.152751404923835 0.110350806344391 0.120103419769458 0.0788362755644865 0.101421982554816 0.127946055192555 0.149991687715944 0.0910339943802344 0.0582800571731948 0.128329283728331
0.722196597602877 0.713792081833513 0.851202837451342 0.802945025281496 0.681215685650372 0.555064070678404 0.776496779215249 0.709799305715479 0.574454100265624 0.425563607592039 0.494868467461405 0.333228187787234 0.816457536517441 0.68790436432141 0.698074226373517 0.595267885408116 0.58703516610227 0.626510282019708 0.733956745669902 0.737947221687292 0.421502823230631 0.0981937163619964 0 0.885240905984595 0.427877307994436 0.503226639577071 0.680432477390057 0.651386928413689 0.798534806529926 0.814763325009277 0.779011419750069 0.738346725153047 0.705790848916312 0.616255478164212 0.584491164528685 0.416741653546235 0.476854830272988 0.362382379603286 0.423235130808245 0.454521867333558 0.614553259454685 0.575971500063761 0.673229574853889 0.624067109390871 0.586035015981666 0.640359071424722 0.538128585319218 0.521596936986814 0.561565482649035 0.512100546411883 0.715267906340128 0.697185912507952 0.441776749439673 0.405700778872741 0.552073776688178 0.477034966286115 0.627980251795459 0.563857437970671 0.710307366169062 0.579767368660341 0.693612632950767 0.644233992954441 0.718493931374071 0.727408338320414 0.669874568141666 0.730084164638815 0.60154127085757 0.520889791906078 0.361311253510192 0.343434520278488 0.648150409437006 0.533494942584681 0.503268038816072 0.601838881353502 0.660480438777492 0.634362011031706 0.667942014113238 0.661030213135793 0.819409344087469 0.691975285801886 0.586956421596879 0.556872157511744 0.619184909908238 0.638506531273737 0.559814640517811 0.524966309701163 0.605502659839678 0.610103805078576 0.533724930110265
0.703751727819306 0.663025773578912 0.763560387563287 0.860598492264017 0.65890026538952 0.610854193062177 0.714107289420314 0.753195687106034 0.53610738383109 0.435385215377472 0.466847512721866 0.348616940932585 0.742052999257248 0.751996446414104 0.607747248287166 0.65236477252217 0.507197923590224 0.527187190829292 0.658780049315676 0.697930394248039 0.364306574699088 0.108043947749069 0.885240905984595 0 0.410621686284884 0.589189970629654 0.60315792022508 0.596291254820506 0.725629431346267 0.804573149325732 0.688422045667935 0.686875054765286 0.623956516452745 0.616100542157537 0.641451027697565 0.445429215463675 0.42047083923234 0.408681215934434 0.436329122610421 0.50222554923776 0.604163026656809 0.572509117108726 0.619314828356184 0.606017491958147 0.603998343115455 0.640273066061446 0.572287016736525 0.54491079103996 0.568030718970015 0.521782308727449 0.680798843764578 0.66017568029254 0.465154435759891 0.462040311841007 0.508083221811821 0.505264997888351 0.56406624429374 0.506448761431954 0.635315829384242 0.686079212150241 0.688007126193224 0.657058768640196 0.683927862818349 0.70918780553394 0.585688755536263 0.718134141946815 0.577333329624142 0.45801659424385 0.336988422008096 0.331998470215261 0.635583302679353 0.527433992021029 0.466085711299363 0.538208031952376 0.624695195423994 0.615477931914794 0.636288249341467 0.680958443728606 0.801479230179528 0.753051119374594 0.596097415740769 0.598113735732438 0.689219478326917 0.616376469850752 0.570624172840423 0.52696434816973 0.620681166990066 0.632680488653823 0.547622566209016
0.4795578319647 0.42468787502853 0.561019657594224 0.432572816777469 0.347679613044448 0.433491519796513 0.446541295788427 0.419676889550466 0.413467417137565 0.246444321210671 0.263214865472294 0.340003615610253 0.418219844124739 0.356348595260988 0.481781547289187 0.459826704354953 0.23352957431462 0.317004937680208 0.391384405802876 0.365630693497596 0.0320544726350827 0.209435682650554 0.427877307994436 0.410621686284884 0 0.62426799165193 0.225043440656314 0.318531853181111 0.304535740129824 0.414065093482469 0.352944453232172 0.29195039961852 0.43110076483202 0.420681465193579 0.418665051178876 0.411047466140901 0.268791606181712 0.459737931045713 0.1728372031437 0.367242463908722 0.404670356508105 0.329477653348401 0.453001867636474 0.390064950923475 0.435670049651832 0.402701046351087 0.412438161948863 0.405311640355112 0.482778698040755 0.426054844357406 0.438301199409449 0.430426652996968 0.359643914706804 0.369797187338218 0.363155925778433 0.330395148336243 0.282451375616651 0.286456985195004 0.258092949823595 0.397834970255858 0.44520188440626 0.4532657104723 0.373954025623602 0.404011277224125 0.297969139383697 0.221992999515369 0.161565659105569 0.231013996476663 0.301411598459658 0.193450194247745 0.197655517824113 0.128100525553019 0.200480094729297 0.24614759959929 0.365750727354183 0.330693552601173 0.193082225053653 0.416398522733449 0.415214187401611 0.407600832628523 0.339518030621263 0.355205200526203 0.286758424700695 0.289005555726824 0.215317945959438 0.187718185874771 0.237490093032357 0.23545501514059 0.250750091674171
