0 0.0932168078838952 -0.210908882203678 0.0272923944930256 0.0171275190841959 -0.258472619198312 -0.211397777612665 0.0580320449358732 0.0226639233006744 -0.0818136967389108 -0.1139791486898 0.0670660695399207 0.0405452770964779 -0.1917717881818 -0.00251834876917297 0.00214585517640167 -0.0483807926434123 0.19675202599011
0.0932168078838952 0 -0.077322385150459 0.0838512303197772 0.10849373405459 -0.0562897656181032 -0.0106771314537019 0.170906645298736 -0.0967458697554313 -0.174336278118786 -0.0753294860266639 -0.0849533601604461 -0.0417585887439714 -0.105078352288353 -0.194798650874334 0.132608942806052 -0.0624400112054134 0.1607803377192
-0.210908882203678 -0.077322385150459 0 0.246557551195926 -0.0768600724635505 0.042246821261931 -0.0644327053000718 0.271840540675002 -0.0437445054587292 0.184870477730022 0.130127194547142 -0.257924585725487 -0.038166927071399 0.080819099477626 -0.0403528449654231 -0.0181893325806561 0.0365775691471234 -0.0843414365625842
0.0272923944930256 0.0838512303197772 0.246557551195926 0 -0.182163736522906 0.035739920504613 -0.126151858354327 -0.121371919734971 -0.0916511448209194 -0.228154228112876 0.0554764387729568 -0.0541300020860774 0.1121883112989 -0.00610643596562422 -0.0455633364156274 0.105455827224685 -0.169404284346383 0.0923987202103341
0.0171275190841959 0.10849373405459 -0.0768600724635505 -0.182163736522906 0 0.0119978400807105 -0.173979841683986 0.430947978694071 0.116147396422014 -0.0336398357918247 0.116859330574503 -0.0897630856828347 -0.0776575904699796 -0.0189871163251673 0.00854649662354613 -0.0855818898241549 0.0711130590361351 0.0492300994326237
-0.258472619198312 -0.0562897656181032 0.042246821261931 0.035739920504613 0.0119978400807105 0 -0.0340527657840486 -0.27038138131637 -0.0325302902342483 -0.180701396137853 0.0871467654212933 0.0838212466532464 0.0698260045459189 0.0921294926918852 -0.0909409740378991 0.0381039254938352 -0.0823559851910913 0.0704827909187321
-0.211397777612665 -0.0106771314537019 -0.0644327053000718 -0.126151858354327 -0.173979841683986 -0.0340527657840486 0 -0.214975867421537 0.0985261109660865 -0.17163188984225 0.0789811617676662 0.229527951119132 0.079805731662186 0.0339836452794184 0.254264115012419 -0.152458164596924 -0.0936643764299172 0.161087003106857
0.0580320449358732 0.170906645298736 0.271840540675002 -0.121371919734971 0.430947978694071 -0.27038138131637 -0.214975867421537 0 -0.113675917276048 0.301264244341317 -0.11604899505387 -0.035822010324491 0.0666751392471878 0.0155267995744904 0.0449718911232444 -0.20913715679628 0.0616606875456142 0.149585855522144
0.0226639233006744 -0.0967458697554313 -0.0437445054587292 -0.0916511448209194 0.116147396422014 -0.0325302902342483 0.0985261109660865 -0.113675917276048 0 -0.0845994178649566 0.0883049785877677 -0.0345394392490383 -0.108525647580877 -0.0284927374533081 -0.0894453223729457 -0.102406451403054 -0.118406821978456 0.110326776141774
-0.0818136967389108 -0.174336278118786 0.184870477730022 -0.228154228112876 -0.0336398357918247 -0.180701396137853 -0.17163188984225 0.301264244341317 -0.0845994178649566 0 0.255553015703535 -0.161030840298949 0.0136150129032882 0.0687086538754859 0.0459277853908946 0.136399592482231 0.123473197636822 0.0484856557324887
-0.1139791486898 -0.0753294860266639 0.130127194547142 0.0554764387729568 0.116859330574503 0.0871467654212933 0.0789811617676662 -0.11604899505387 0.0883049785877677 0.255553015703535 0 0.02717455615297 -0.0575486502798321 -0.134018529158592 0.000137937941719371 0.106475443818891 0.0441308438597552 0.0678611132511886
0.0670660695399207 -0.0849533601604461 -0.257924585725487 -0.0541300020860774 -0.0897630856828347 0.0838212466532464 0.229527951119132 -0.035822010324491 -0.0345394392490383 -0.161030840298949 0.02717455615297 0 0.00616661935246578 -0.0520697003504663 0.111429649659539 0.0309219441815644 0.102311281560575 -0.0881093134444189
0.0405452770964779 -0.0417585887439714 -0.038166927071399 0.1121883112989 -0.0776575904699796 0.0698260045459189 0.079805731662186 0.0666751392471878 -0.108525647580877 0.0136150129032882 -0.0575486502798321 0.00616661935246578 0 0.00928885243978399 0.0454365599775555 -0.0865714036725063 0.0325497057763318 0.267167101894611
-0.1917717881818 -0.105078352288353 0.080819099477626 -0.00610643596562422 -0.0189871163251673 0.0921294926918852 0.0339836452794184 0.0155267995744904 -0.0284927374533081 0.0687086538754859 -0.134018529158592 -0.0520697003504663 0.00928885243978399 0 0.0665497708975856 0.106886805189346 0.0270951957384507 0.0383509667084899
-0.00251834876917297 -0.194798650874334 -0.0403528449654231 -0.0455633364156274 0.00854649662354613 -0.0909409740378991 0.254264115012419 0.0449718911232444 -0.0894453223729457 0.0459277853908946 0.000137937941719371 0.111429649659539 0.0454365599775555 0.0665497708975856 0 -0.0487495636402207 -0.0342503719612732 -0.0543361339825343
0.00214585517640167 0.132608942806052 -0.0181893325806561 0.105455827224685 -0.0855818898241549 0.0381039254938352 -0.152458164596924 -0.20913715679628 -0.102406451403054 0.136399592482231 0.106475443818891 0.0309219441815644 -0.0865714036725063 0.106886805189346 -0.0487495636402207 0 -0.157751527513747 0.204647603717986
-0.0483807926434123 -0.0624400112054134 0.0365775691471234 -0.169404284346383 0.0711130590361351 -0.0823559851910913 -0.0936643764299172 0.0616606875456142 -0.118406821978456 0.123473197636822 0.0441308438597552 0.102311281560575 0.0325497057763318 0.0270951957384507 -0.0342503719612732 -0.157751527513747 0 -0.130748088393784
0.19675202599011 0.1607803377192 -0.0843414365625842 0.0923987202103341 0.0492300994326237 0.0704827909187321 0.161087003106857 0.149585855522144 0.110326776141774 0.0484856557324887 0.0678611132511886 -0.0881093134444189 0.267167101894611 0.0383509667084899 -0.0543361339825343 0.204647603717986 -0.130748088393784 0
