0 0.393349883590555 0.23459514825151 0.241539664336836 0.336830489280089 0.204815421481772 0.337995422582724 0.213178413546725 0.252257823424469 0.192754846079581 0.267929026549212 0.275892372642871 0.385957070272753 0.332476112212217 0.178688269100362 0.336856871491749 0.283735277460026 0.42871624442589
0.393349883590555 0 0.137091056749881 0.296239993483261 0.270052470145005 0.296832935233427 0.395399229574396 0.250789967224679 0.252856882286994 0.203982179757152 0.234409268880903 0.174336872304525 0.309498172733622 0.308727477892183 0.103288606056571 0.305641824473446 0.160887282485566 0.374058754175614
0.23459514825151 0.137091056749881 0 0.337705730120835 0.282325556545806 0.279305272948184 0.379197379084609 0.286776472262236 0.337784230221814 0.248079558338475 0.292199453721193 0.183253076493055 0.208530290047037 0.342530934791656 0.239043648515411 0.269569224577844 0.325791257804852 0.268078249367319
0.241539664336836 0.296239993483261 0.337705730120835 0 0.113732280756195 0.314278759248955 0.381538324772343 0.206541443179465 0.291188000774273 0.170826458238847 0.186386106758785 0.239981861838915 0.337731986069699 0.339100572675002 0.23657558814479 0.313160383654965 0.243044404696513 0.349205126625858
0.336830489280089 0.270052470145005 0.282325556545806 0.113732280756195 0 0.266253299529079 0.361309309047073 0.385382454947267 0.263410361171289 0.202633457073397 0.347582592630335 0.191048676508038 0.343740800253574 0.29688141499988 0.275670560753287 0.328397166794623 0.313811730607018 0.300291142664875
0.204815421481772 0.296832935233427 0.279305272948184 0.314278759248955 0.266253299529079 0 0.306884886460681 0.0865511732209793 0.242097256404774 0.204639002751931 0.270742808519279 0.319103423194567 0.390207595442734 0.404101540248369 0.322450362980061 0.215695483782205 0.269309305045466 0.336055339851748
0.337995422582724 0.395399229574396 0.379197379084609 0.381538324772343 0.361309309047073 0.306884886460681 0 0.269118719607569 0.490092122239483 0.247291497340403 0.396081395135236 0.398583742236851 0.39937773341923 0.385694331549665 0.344349525108043 0.36035544710456 0.315872537024006 0.428303348120884
0.213178413546725 0.250789967224679 0.286776472262236 0.206541443179465 0.385382454947267 0.0865511732209793 0.269118719607569 0 0.201808702313581 0.395686456146625 0.217991280769913 0.25618771468177 0.33639110122307 0.376927319427125 0.300277171597595 0.263125109897923 0.310757666633779 0.344797744575612
0.252257823424469 0.252856882286994 0.337784230221814 0.291188000774273 0.263410361171289 0.242097256404774 0.490092122239483 0.201808702313581 0 0.214102569862037 0.331959077431396 0.231010788535767 0.19138501394015 0.287671015173274 0.242428486093415 0.22339919584605 0.213097415397464 0.288574750374505
0.192754846079581 0.203982179757152 0.248079558338475 0.170826458238847 0.202633457073397 0.204639002751931 0.247291497340403 0.395686456146625 0.214102569862037 0 0.389704007250868 0.219711949998625 0.431691232112012 0.399936977493725 0.294869693480459 0.27431279340178 0.298180945699899 0.29781757700459
0.267929026549212 0.234409268880903 0.292199453721193 0.186386106758785 0.347582592630335 0.270742808519279 0.396081395135236 0.217991280769913 0.331959077431396 0.389704007250868 0 0.317732070906771 0.394112195815725 0.358639135547843 0.267123193325853 0.343300005048063 0.345203104100509 0.361602389946814
0.275892372642871 0.174336872304525 0.183253076493055 0.239981861838915 0.191048676508038 0.319103423194567 0.398583742236851 0.25618771468177 0.231010788535767 0.219711949998625 0.317732070906771 0 0.353698230726292 0.365845971027381 0.412651288521435 0.306521733286607 0.28604096117925 0.319228189934402
0.385957070272753 0.309498172733622 0.208530290047037 0.337731986069699 0.343740800253574 0.390207595442734 0.39937773341923 0.33639110122307 0.19138501394015 0.431691232112012 0.394112195815725 0.353698230726292 0 0.410163450072098 0.353638770940692 0.259984080885187 0.241980757816078 0.423672298975333
0.332476112212217 0.308727477892183 0.342530934791656 0.339100572675002 0.29688141499988 0.404101540248369 0.385694331549665 0.376927319427125 0.287671015173274 0.399936977493725 0.358639135547843 0.365845971027381 0.410163450072098 0 0.321157658334976 0.394544055546566 0.29407082514403 0.367982281410083
0.178688269100362 0.103288606056571 0.239043648515411 0.23657558814479 0.275670560753287 0.322450362980061 0.344349525108043 0.300277171597595 0.242428486093415 0.294869693480459 0.267123193325853 0.412651288521435 0.353638770940692 0.321157658334976 0 0.332507826627229 0.329793165456754 0.318608442615621
0.336856871491749 0.305641824473446 0.269569224577844 0.313160383654965 0.328397166794623 0.215695483782205 0.36035544710456 0.263125109897923 0.22339919584605 0.27431279340178 0.343300005048063 0.306521733286607 0.259984080885187 0.394544055546566 0.332507826627229 0 0.237705703355032 0.293363380339738
0.283735277460026 0.160887282485566 0.325791257804852 0.243044404696513 0.313811730607018 0.269309305045466 0.315872537024006 0.310757666633779 0.213097415397464 0.298180945699899 0.345203104100509 0.28604096117925 0.241980757816078 0.29407082514403 0.329793165456754 0.237705703355032 0 0.228410863665129
0.42871624442589 0.374058754175614 0.268078249367319 0.349205126625858 0.300291142664875 0.336055339851748 0.428303348120884 0.344797744575612 0.288574750374505 0.29781757700459 0.361602389946814 0.319228189934402 0.423672298975333 0.367982281410083 0.318608442615621 0.293363380339738 0.228410863665129 0
