0 0.111602851651374 0.0753867377144137 0.0353975062253421 0.00363631566031937 0.0206627803015311 0.102174256210775 0.0381620976163112 0.0510936470991958 0.0310564340833092 0.172174356000472 0.02461374532754 0.177302308424948 0.05735786822216 0.0618161974361519 0.0142859693724725 0.117631647260285 0.0905393355265139 0.146988304256348 0.0591745934142345 0.0419055128008195 -0.00198737470817908 0.0459021566395253 0.0177542090250463 0.0401453489803882 0.0264633653576377 0.0794780323499922 0.0328884145989508 0.0337367447578123 0.00493521163966539 0.0716138418556586 0.0400974071248867 0.0347741890597158 -0.0102175794633621 0.0274482734889739 0.0755066319911904 0.0146556459606 0.0263243799361511 0.0515317717394179 0.0502315757259547 0.116545621811571 0.112185341401041 0.0911396626784135 0.0944409530296879 0.100594672478186 0.063594711802203 0.131462115388748 0.105963752258513 0.079720954733284 0.0552515899535045 0.175872726146074 0.111758951150862 0.171272325325793 0.146645161465821 0.103457305987421 0.0520035659605114 0.157881394415777 0.0927215432282486 0.00534127530196273 0.00993388656070633 0.0349413241665121 0.0444398128780095 0.0932301311745259 0.0672670665691438 0.050247069917939 0.0489035940546851 0.112396787581972 0.0654856714392438 0.0592556986492202 -0.0239268682027757 0.0515941713443262 0.022068249266195 0.13126674505435 0.0994663728648695 0.131384056337852 0.100185409482937 0.0302840080109158 -0.0120565315010021 0.0651497079128601 0.0540397872488435 0.0744632897341743 0.0424784986892297 0.0691677633619039 0.0855941999236503 0.0743877540710557 0.099387821065441 0.0624862725025348 0.125967498932983 0.042413898265527
0.111602851651374 0 0.0634626556621773 0.110838080917132 0.023441668461247 0.0317229727064965 0.0502170318706356 0.115773658554805 0.0148736030056629 0.0761595010002118 0.0928374304227449 0.0689483029280949 0.118957457206469 0.100291075648023 0.0342634697698644 0.0657874756626252 0.11914139242429 0.115038369232136 0.133790156281795 0.120097623673304 0.0179329183936624 -0.0225658392536036 0.0237771653481769 0.0694333744575066 0.0464360297221096 0.0354500579436374 0.112444175627878 0.0234525472029011 0.0419580757404717 0.0515934330150255 0.17733026595217 0.19490206873535 0.208114010309151 0.153450192160082 0.126673658558639 0.104137782492556 0.144912194602691 0.0818833588885753 0.0291102235267144 0.0238251370348255 0.190082070895818 0.237819572992921 0.134628765887506 0.1449443369069 0.155723372816682 0.0929919284465088 0.114525571801465 0.144609332859439 0.072629514622317 0.0939208074225024 0.176655314857216 0.23144301750885 0.100195749344641 0.156005779954429 0.0876717834066035 0.169799297610413 0.119333297127012 0.151961127586018 0.0575846121205022 0.132048086732275 0.0963829731625437 0.159348429274454 0.148641666619622 0.178354432392597 0.0834557275876476 0.135586187829708 0.105756189601942 0.0775035365870777 0.0257437170511642 0.0287759697035768 0.137477330060937 0.0602527890230837 0.0605216916192791 0.0606287508464919 0.0792546636452909 0.0891283491884638 0.0303627129855675 0.0368304689404821 0.0402656624633661 0.0887697652282912 0.00121614876952124 0.067019882246156 0.0719120126351787 0.0969376166159477 0.0616733692484627 0.103790156132777 0.125882436682011 0.169400612269787 0.0532654467958156
0.0753867377144137 0.0634626556621773 0 0.133451651835761 0.0707810186362198 0.0251584416946272 0.139981628105175 0.0729893392023805 0.0891996064576531 0.0620263139091561 0.0435850910981393 0.00732184506588205 0.116628638510389 0.090073297339677 0.147405443914658 0.0486012557173969 0.00780245627870687 0.0351709991998469 0.113717044851841 0.0386068446640628 0.0959294777171406 0.0062662081943311 0.229793713708409 0.110574613134884 0.144524299285134 0.0861549480511593 0.0578802902557644 0.0259162587118147 0.146771938687019 0.163673137702431 0.124069020320238 0.0787771705434585 0.191050155454424 0.0620082573653508 0.0656274176525866 0.0826087250738821 0.0728438233881957 0.046719416378801 0.00855137081124435 -0.00743933299063344 0.122862628343542 0.104925090306217 0.091371865283015 0.0146387407577502 0.0921606193262489 0.0698634177433362 0.0687856054239137 0.0866616840088774 0.0628840277551574 0.0613199868609742 0.108880673631821 0.0856637646916242 0.10571810753737 0.0734629451202761 0.136547204228929 0.0433703360831002 0.0689277074033539 0.0343819025444511 0.232239662440356 0.166777067500541 0.169069404830871 0.103544829962902 0.0745916048133112 0.0262549954640491 0.130534388980349 0.120673691999769 0.0899444322627535 0.0459402263326351 0.078697702610356 0.0105977271310735 0.119459001222038 0.0598509540660641 0.0782559671581834 0.0799537834724125 0.0634245934105681 0.0839556674958588 0.0537218461365385 0.0399589922487533 0.106980479693032 0.100695112926664 0.0893487217360904 0.0462732690187369 0.133575628584212 0.184542095207865 0.0689443795047828 0.0825405347327741 0.0649619159064491 0.111816236570882 0.074265903354871
0.0353975062253421 0.110838080917132 0.133451651835761 0 0.07028720323702 0.0627130334943558 0.0576431945118237 0.151698858074779 0.0300048995142118 0.0827253240775193 0.00218512692259906 0.00524110868086562 -0.00430993731212069 0.0643240774313975 0.0713316481549835 0.0902722655578971 0.0718459483130171 0.0422904008592648 0.0816177133118622 0.0634962619906037 0.0305168370177869 0.0206293415043586 0.147120600499083 0.152037449360102 0.105285999590351 0.13473871014385 0.0819175503386531 0.0617718717979479 0.15529034357765 0.238208802607498 0.183515960952869 0.166697542457561 0.277902821645933 0.153052958128317 0.117445749216688 0.149677481942571 0.119520071111726 0.0841008221615601 -0.00744670447763818 0.00892012052811027 0.125861589427181 0.119190830105209 0.089118541826798 0.0350495593097266 0.0860864086373522 0.0527824169339598 0.104806158099782 0.0985473437200258 0.0738923483654721 0.0558547900766531 0.111105196448139 0.114166922426706 0.0713127658961425 0.09356145898512 0.0767164607981841 0.176472983428399 0.0337375910646041 0.114708318058871 0.209239615010724 0.246201283156504 0.184504006287826 0.204899091043921 0.104727750093401 0.0890192844273915 0.105581135070243 0.132121444123398 0.0566217643043937 0.0570577644994333 0.0813051853478996 0.008739422518135 0.120313566363606 0.0708728367759394 0.0747988225532619 0.0434966086363277 0.06374414199773 0.10634212290674 0.0580859663062023 0.0427890681329585 0.049498840096228 0.0924533375280634 0.0225069647396879 0.0506247204743357 0.113995635423711 0.132803954948876 0.0503068520014536 0.0787127915123876 0.092063950095532 0.115981674365677 0.0733653270438981
0.00363631566031937 0.023441668461247 0.0707810186362198 0.07028720323702 0 0.0989246427683132 0.0407797061726783 0.0646509347292736 0.0712139652299053 0.0757721952822405 -0.0151342326083215 0.0177863524483719 0.00589545029370479 0.0548100854280699 0.0568974090119574 0.0692311183903429 -0.00774566877110518 0.0204165612970303 0.0102237986423424 0.0295068241338552 0.0636288552745479 0.00214189493578318 0.0934946832537357 0.0856145573339357 0.0571445914872301 0.0591235766876761 0.0237866809890694 0.0438893522278275 0.0929275678517517 0.0739200578273105 0.0372366567242346 0.0296726709181357 0.0714529855780261 0.054476698648834 0.0412531415514024 0.0184884122733872 0.0398973720404232 0.0155757777306062 0.0193601796627495 -0.0136614492880619 0.0625263745108233 0.0403756568217365 0.0488461152980654 0.0229811034550122 0.0513582664153465 0.0452961486465022 0.0536113787885845 0.0466142497055395 0.0290443459650223 0.0302276624332985 0.0251526188992291 0.0152192106903269 0.0144348241880796 0.0403422399335062 0.0368569468294129 0.0195410449153784 -0.0139442895217445 -0.0024034629134195 0.0893499863300819 0.0572838787185926 0.0647380931567607 0.0354578224253846 0.0276648357837996 -0.00569705857761693 0.042782770557731 0.0693895726509906 0.0333460391865388 0.000466579239839078 0.0106841524087341 0.000365019444324443 0.0335288819355631 0.0271831830321437 0.0132425622801552 0.0362270710154953 0.0053506180804593 0.0221753330604714 0.0217362989185985 0.0194558249064442 0.049789817013258 0.0527926933328497 0.0481644718183241 0.0488063465650423 0.0728193321148115 0.0819353455817519 0.0495512241966828 0.04174751698615 0.0294074383144905 0.0253307787793062 0.0392935057904571
0.0206627803015311 0.0317229727064965 0.0251584416946272 0.0627130334943558 0.0989246427683132 0 0.0363535302170316 0.0854436727528909 0.0315073795077727 0.161230069009472 -0.0371178121543357 0.0640277907816806 0.0275518093237821 0.106820750488253 0.0852529750121199 0.151399106054684 0.000969194157749196 0.033817726296715 -0.000787028693791934 0.0178639394007203 0.0199082369301389 0.0640556160314125 0.0594099465479235 0.0998030099881059 0.0767820680584604 0.128110911475462 0.00646418948699624 0.0515496163699909 0.0833106701894536 0.0892126454669045 0.0248847297091218 0.0553181576572785 0.0791210998025975 0.112570356176834 0.0430008201173609 0.0221281698620776 -0.0111891828946182 0.0162751115702639 0.0496209532234637 -0.00657149238838409 0.0734746003372006 0.0330769696670001 0.0463243398581943 0.0378620941058961 0.0638254866350423 0.0313360940222536 0.046161497054202 0.0449162834511118 0.0113324054739894 0.0484543426372063 0.0365286549428801 0.0250347614072391 0.00727724097015953 0.0271629551947646 0.0584079564616522 0.0932380550293739 0.0114735046656725 0.0495083728655547 0.0855239289461992 0.0993138033239479 0.0742164874974424 0.0525941398592835 0.0653496918370592 0.0488544711226217 0.00647312999437074 0.0305347039368769 -0.0107316650715137 -0.00741695155194185 -0.0218682119940578 -0.0168636551247148 0.00954529593778699 -0.0029022690247867 -0.0177439002921641 0.0235316583674398 0.0271890208677924 0.0312891462471853 0.0194453795171578 0.0405710389157532 0.0713728977858807 0.0620869665325082 0.00755179769844902 0.0537637897896156 0.0861852176816533 0.0610264679659632 0.025377402253586 0.0285147204757031 0.0394713228757421 0.0273103943519528 0.0228964780197705
0.102174256210775 0.0502170318706356 0.139981628105175 0.0576431945118237 0.0407797061726783 0.0363535302170316 0 0.0669116132304082 0.108425565835495 0.047295089682328 0.0987330377565641 0.0376106172866957 0.177698978283198 0.0826432512463517 0.115692847653413 0.00151934794367459 0.0241685287735111 0.0597058643197488 0.140334447513171 0.0391901968780141 0.0608072772054003 -0.0150853986458338 0.146363146086072 0.0256041722400215 0.0348475781685807 0.0191322400531438 0.0564500670394055 0.0568207793914363 0.0890843795144301 0.0242516613216717 0.0624203037485366 0.0205319060151573 0.0217326338487715 -0.0242862096201495 -0.0200928715590211 0.0146886195608641 0.00762189455422078 0.00728243828665823 0.0233709110506494 -0.00194124998159522 0.0800787741928439 0.0644078180723895 0.0803231729552104 0.0469511936873464 0.0637444762975015 0.0518260073556 0.0660880890681813 0.0832835886757163 0.0330873046824867 0.034472767649073 0.110468362233845 0.055621153417388 0.109894242938406 0.0676992437704791 0.132669157899959 0.0312155517164556 0.127468487213518 0.045516084261425 0.0706033874248842 0.0150979954773903 0.0943269123931979 0.0524631898051991 0.0452147587923124 0.00742762518395075 0.0842135718427074 0.0472905179640728 0.0864579074202584 0.0432262993636066 0.0451336357375232 -0.0146372671817755 0.0306840181680199 0.0483109265358513 0.0700315974599655 0.0908439183598135 0.080290464522714 0.0598608376454444 0.0124367819756319 -0.0107982566228563 0.11566147372196 0.0608304634781313 0.0825390946468967 0.0353308884763865 0.104808586179515 0.159097745412276 0.0775651389223739 0.0927210599341042 0.0457326101613844 0.0943118530950454 0.073077768012652
0.0381620976163112 0.115773658554805 0.0729893392023805 0.151698858074779 0.0646509347292736 0.0854436727528909 0.0669116132304082 0 0.0741518922959142 0.14528757700513 0.0124737748087998 0.0815547024701193 0.0576685247702204 0.0790829468412904 0.0409508837611405 0.0806790712368729 0.0401007092152376 0.0537810513808901 0.0575170007866725 0.0479201871321085 0.0155272038794985 0.00142988723132168 0.0339850158019595 0.0801768361178182 0.0340927127096025 0.0641500586291344 0.0565950807849246 0.0592227244393905 0.0647163995928997 0.100222133128449 0.122392904644194 0.147030287344141 0.1504105275111 0.105512290473204 0.0813492961340811 0.0807804862199474 0.0725764556841324 0.0581775525708238 0.0107144027965339 -0.010934748261587 0.111132087381551 0.104030236433324 0.0602112609393373 0.0548760224580267 0.0687685428359022 0.0414898393152273 0.0558798785616108 0.0834885948109879 0.0332274108310993 0.0588068569761497 0.08298846706642 0.110219480765164 0.0682299674128365 0.0899138082429112 0.116884495573879 0.206708616834131 0.0630026748548282 0.0956189088231592 0.0781980991535927 0.156004585050935 0.125805599794733 0.155965713744205 0.0963160735128494 0.0910255847837797 0.0667321645675057 0.0828508129721514 0.0442815942821286 0.0323128695027548 0.0378893154799309 0.0161500863709665 0.0797085819846033 0.0516469352507678 0.0419491859635571 0.0396985760184431 0.0402028418743924 0.0564593390240697 0.00963078280023962 0.0274847719200056 0.0307915504998151 0.0973286076306076 0.0089336398701031 0.0666660737698181 0.101486365916649 0.10047216069566 0.031042627567402 0.0578609307800185 0.0727251103454272 0.0923569481721232 0.0494862284682508
0.0510936470991958 0.0148736030056629 0.0891996064576531 0.0300048995142118 0.0712139652299053 0.0315073795077727 0.108425565835495 0.0741518922959142 0 0.122257498232166 0.0992223910680168 0.0651336738899224 0.147098533726288 0.0323258703799582 0.0973701274496692 0.041734322483079 -0.00326596499526404 0.0150985952668821 0.0710521579106323 -0.00196889922682333 0.0863450380061415 -0.0195798871270341 0.0172945007317939 -0.0186519760375431 0.0212824463899451 0.00707943214125506 0.0340755102537311 0.0415629143152812 0.0271737453083097 -0.0160227150267305 0.0477552219094588 0.0134941126722506 -0.0144160818800417 -0.0451809788554302 0.00368179550909015 0.0222221469034543 0.00381924844174382 0.0238497908623636 0.038743509147831 0.00565892965930136 0.00296219681676095 -0.0205648875558116 -0.0265017306508044 -0.0268756842266456 0.0045008627353368 -0.0153472616710775 0.0284327612073959 0.039809380482324 0.0242089234624129 0.0113427679716819 0.0432378462918647 0.0304374259856218 0.0891435545314541 0.064482298906088 0.137402094306777 0.075100190409659 0.0533346296107918 0.0264338911744741 0.0177323534063058 0.0193844416281891 0.0287219276544177 0.00826561690103199 0.0334208847135681 0.00382192509067583 0.0280416816555588 0.00637710919184439 0.073773473793623 0.008907315295917 0.0373342227456817 -0.0218763840018813 0.0164073650643151 0.0122118044034949 0.0595990860658276 0.0633748371859877 0.0394061254875809 0.00738226973521687 -0.00466860693834421 -0.0318276328637592 0.0545668904080233 0.0426474591667297 0.0950123209022856 0.0665644977554207 0.0971630028286299 0.0939636694924593 0.054982187136261 0.0586369312125402 0.0147062035271217 0.0458508918318947 0.0395704953808707
0.0310564340833092 0.0761595010002118 0.0620263139091561 0.0827253240775193 0.0757721952822405 0.161230069009472 0.047295089682328 0.14528757700513 0.122257498232166 0 -0.0180511882849174 0.0915921142016546 0.0894581849359691 0.0903046780326393 0.0934286515564051 0.152436468559435 -0.00142956573696311 0.0350654659855348 0.0180824252746618 0.0199469329568178 0.0420733058421194 0.023446180485531 0.00703878703620293 0.0759516834840198 0.0562238188800475 0.0760934010280913 0.0185604624418697 0.0455394180313396 0.0270004990077125 0.0672903065019393 0.0737122699830175 0.113071512888166 0.118853492119061 0.12672677082668 0.0876214565675436 0.0573107554077998 0.0588021942400741 0.0469413002901587 0.0417992527690938 -0.0283483941941782 0.0822906744822781 0.0903278750627594 0.0267811989585352 0.0149164884720433 0.0527463270704968 0.0194611184459012 0.0176722557878943 0.0683637983482535 0.00818810609828825 0.0622556950714065 0.0407939042087638 0.0807416547142436 0.00955600254462536 0.0505649108927739 0.115135785225764 0.18708299179492 0.0240534366018705 0.049474372655268 0.0855125052536828 0.136884513679862 0.0734861854506333 0.0928633571275019 0.0819037134936095 0.0772983608388401 0.0579004106080913 0.0823767991577435 -0.00107407861919064 -0.0135763093897409 0.017322655780886 -0.00595876481516288 0.0644273378254123 0.00483449969059103 -0.0101485312218825 0.0195503713782789 -0.00405239917387423 0.0210559510692779 -0.00966843179648435 0.0237264258292786 0.0302494073389522 0.0913347177840066 0.0361162003154797 0.0901424431321161 0.110214564669477 0.0842282586454538 0.0122898663675947 0.0442330019082481 0.0448526043567639 0.0487530565749188 0.0329088987470652
0.172174356000472 0.0928374304227449 0.0435850910981393 0.00218512692259906 -0.0151342326083215 -0.0371178121543357 0.0987330377565641 0.0124737748087998 0.0992223910680168 -0.0180511882849174 0 0.0740236711131572 0.204391664861455 0.0292026223498366 0.0201895741548386 -0.0485595340017858 0.0928664016428639 0.0547312938651742 0.150819180333751 0.0312910336682786 0.0131464750952718 -0.0249951203764064 -0.0197008457734838 -0.054758289437968 0.00221231739520222 -0.0424196608790767 0.119226836285459 0.0422574188914137 0.0102802596063239 -0.0617837511989215 0.0561254497670336 -0.00163770490060761 -0.046530045085112 -0.143052085771435 -0.0100049536573399 0.0540115942585601 -0.0052706267693539 0.0179609926737335 0.0951351729600246 0.0919359286635121 0.0889507730940247 0.0825482537241716 0.0530901213115839 0.0799678445312067 0.072780701752917 0.038953808091866 0.0732168062062651 0.0999830246993256 0.0515534333203538 0.0476769218565244 0.152829330703681 0.106148016612675 0.160607933555057 0.130799853913477 0.100392798439477 0.0374584117159307 0.182823656884642 0.0905707439714452 -0.122183908499036 -0.106464953212329 -0.00586467948882204 -0.00265992072375292 0.0584499849674908 0.0498279250292799 0.0346176730101597 0.0230002192062757 0.145554233325717 0.0795930418571468 0.0764593883689003 0.0111843887849676 0.0318620774719474 -0.0125563088200978 0.143213814105755 0.0732683977267449 0.123707198600595 0.0918446399145558 0.0180373300174466 -0.0452600925322233 0.0377531186728684 0.0111411121535815 0.108051871454354 0.0528518669671818 0.0639100192158198 0.0720676721134299 0.0619218384782139 0.0858301928716847 0.04065048707668 0.102254938845152 0.0464356041843615
0.02461374532754 0.0689483029280949 0.00732184506588205 0.00524110868086562 0.0177863524483719 0.0640277907816806 0.0376106172866957 0.0815547024701193 0.0651336738899224 0.0915921142016546 0.0740236711131572 0 0.101941499137538 0.149280040518641 0.0674736010029641 0.105820612528242 -0.0573218390732723 -0.00819489208054299 -0.00249750641134126 0.044456592942576 0.0165304382609997 0.0432002958304558 0.000881449885976765 0.0158483337515465 0.007247454864744 0.00801832720049308 -0.00969284483366491 0.0460915957755025 0.0093683833151207 0.0168015019687141 0.000638304764691625 0.0121600384571404 0.0117978754379837 0.014768259941928 0.0552689342838132 -0.0336626415272764 0.030789230882239 0.00486803276972374 0.0445703515813572 -0.0173279312850499 0.0268537438489306 0.0383690602006748 -0.000723823574680584 -0.00776888374160562 0.0248894082413421 0.0225079342424723 -0.00587562943930651 0.0313140263368291 0.0242666140541636 0.0351976569543316 -0.00810928455369831 0.0341171056963339 0.014097985360618 0.0444860843121926 0.0866986981687646 0.0958470350507631 0.0424221583151798 0.0127790989074588 -0.0452876655146933 0.0126066915793087 0.00172151189187827 0.0103529483674648 0.0173078311633231 0.0310549493696834 0.0439140588583616 0.0494379541954464 0.0435967958829391 0.0414139315502137 -0.0378078344145266 0.0434675785940658 0.0794651940599371 0.0111957602098475 -0.116237431154582 -0.00188595190136278 -0.048964079853985 -0.0176337673872499 0.0410548944397366 0.0627754506209848 0.0343708900300519 0.0466544073861054 0.0324200567895646 0.0678904207945675 0.0261375421058498 0.0423277765114572 -0.00955104624354004 0.0174903363644323 0.034801907301839 0.0282484226729326 0.0181477515252915
0.177302308424948 0.118957457206469 0.116628638510389 -0.00430993731212069 0.00589545029370479 0.0275518093237821 0.177698978283198 0.0576685247702204 0.147098533726288 0.0894581849359691 0.204391664861455 0.101941499137538 0 0.153913950112282 0.177234156574437 0.0787237194832565 0.0296349223104649 0.0663108716408581 0.178475881990267 0.0793788929782369 0.0969828060214984 -0.0164305559669318 0.0868905343278709 0.011745254216222 0.0572892534752811 0.00447172596591453 0.0932455161180669 0.0510477352316151 0.000591976656946751 -0.0343799391413731 0.096670026328243 0.0391434482299217 0.0477449090051894 -0.037326206239601 0.0260700400057901 0.107786409702402 0.0383181621289535 0.0526730482916803 0.0766800370304605 0.0402500812798525 0.108613991089893 0.117820831949553 0.089370308535626 0.0696790311656056 0.091404687969474 0.0628848296103805 0.0585070860400437 0.108935944473658 0.0569564752190703 0.0518272188619775 0.155699227917363 0.115404741266808 0.132319976009844 0.120009186884395 0.158321948425091 0.0322305990105897 0.182885658401389 0.0803684789640453 0.0425328579655277 0.00241154962903221 0.0331825984421669 0.0305060634062334 0.0864414400063494 0.0869543373422583 0.0786744452866537 0.0604216628068302 0.138701163365462 0.0682504345468541 0.102689022399729 -0.0257087890150821 0.0684607308327753 0.0313103990695756 0.109905704847701 0.0891100296704613 0.100228785393468 0.0831123229485251 0.0412672882082357 -0.0137407915311194 0.125616009698261 0.0674377851494043 0.119450644895297 0.0521202253840796 0.0900169635827795 0.136240071332487 0.0621195573103166 0.0985232066067427 0.057887249421407 0.117093774131018 0.0339040911291254
0.05735786822216 0.100291075648023 0.090073297339677 0.0643240774313975 0.0548100854280699 0.106820750488253 0.0826432512463517 0.0790829468412904 0.0323258703799582 0.0903046780326393 0.0292026223498366 0.149280040518641 0.153913950112282 0 0.166063095213427 0.181867894384675 -0.0109558963181772 0.0395950298005268 0.0912544626960782 0.0877555468983998 0.0729066216882104 0.0283811871992957 0.16970266544005 0.164302577356026 0.0912550161628254 0.0836503197450383 0.0287370717651601 0.0453806627999908 0.082938079116927 0.0888316211096795 0.0743498237953686 0.0906786250184098 0.194869114611976 0.146895907659981 0.102950343372008 0.0508616291409682 0.0730735067076261 0.0337020333079981 0.0456292276140978 0.0140278018785781 0.131826254917227 0.146075528095485 0.0852532490963781 0.0535650100194944 0.0879303547494761 0.0697749677762086 0.0262754887369384 0.0683324423786648 0.0374088116993948 0.0528661923925175 0.074372446430321 0.0691965482650191 0.0288973754250446 0.0452149359894399 0.084180858023069 0.0618170785034398 0.0886651393903759 0.0828718127616382 0.153730997918527 0.158691671342215 0.106857054794284 0.0831227097141645 0.0791312178858188 0.0993930932316935 0.0886895003259608 0.0871078431112639 0.0614732102668491 0.0331284317230103 -0.00796802213023677 0.0181858116688657 0.0954050482370395 0.0559770144499191 -0.0232654183549259 0.0312639733311272 0.0067973435057732 0.068060387695916 0.0810008117633374 0.0998867442519383 0.124850818463672 0.103922224942174 0.0654141295961058 0.0609623074070971 0.107956717264266 0.117478074657313 0.0379027063203444 0.0587065134425269 0.0647532492134239 0.0866926033209743 0.0493589566464899
0.0618161974361519 0.0342634697698644 0.147405443914658 0.0713316481549835 0.0568974090119574 0.0852529750121199 0.115692847653413 0.0409508837611405 0.0973701274496692 0.0934286515564051 0.0201895741548386 0.0674736010029641 0.177234156574437 0.166063095213427 0 0.17135495546381 -0.0289489652992937 0.00338691681584096 0.059162598513812 0.0254522898989052 0.15045852770424 0.0410344964398316 0.240424001361118 0.143594617671639 0.172492554269948 0.120489360694188 0.0155326002496824 0.0423913260432643 0.103334981375945 0.113119210746646 0.06378784432211 0.0276023953242263 0.158052010076142 0.103179645146474 0.0794789636012599 0.0846563251935083 0.0650873556131216 0.0477577258411951 0.0405780259547132 0.0158696211808781 0.0956970837770654 0.0754148445240223 0.0644410089456639 0.0200867968456117 0.0679843246908455 0.0536773472909114 0.0484866451026633 0.0484453831045368 0.0566941815101981 0.0429404082612005 0.0604529227024012 0.0128045998117962 0.0618883410398288 0.0504287102289036 0.105226281829839 0.00584772541698703 0.0633737621874526 0.00531048571226419 0.220751619420196 0.149072926785172 0.116833086777382 0.063334629586745 0.0558721834586674 0.0188796032822343 0.0884975712947168 0.0794675354155193 0.0625496019689635 0.0181096059456529 0.038648557803809 -4.81465744024402e-05 0.0886379563214766 0.0451527330639357 0.0110558523811982 0.0461119976801141 0.0323737400853121 0.0527510975254745 0.0859854326603197 0.0703580911623483 0.163073479615109 0.0946234583884827 0.121170507450216 0.0423168953909829 0.102897144420861 0.123847706678343 0.0531727273460977 0.0453102980119808 0.0327887569715731 0.0457024058575404 0.0431545024130688
0.0142859693724725 0.0657874756626252 0.0486012557173969 0.0902722655578971 0.0692311183903429 0.151399106054684 0.00151934794367459 0.0806790712368729 0.041734322483079 0.152436468559435 -0.0485595340017858 0.105820612528242 0.0787237194832565 0.181867894384675 0.17135495546381 0 -0.0286745130211482 0.00490085727183682 -0.00103431506704844 0.0432058214455352 0.087538533647511 0.0597084361344652 0.128754552926819 0.206790410108298 0.142106875896899 0.144763094934415 0.00230568112521145 0.0246302277196861 0.0646890114395924 0.133561597212828 0.0429548994823121 0.0893254744316851 0.198321664877466 0.172770544979658 0.105901475550466 0.0789985801948134 0.049520472899165 0.0376317445085153 0.0235293838255978 -0.0376567262065808 0.0867525416691379 0.0936837837652432 0.0484652598433569 0.016113686804433 0.0682946419381 0.0424498520686173 0.0301069912868899 0.0375455483278209 0.0224856465009951 0.0298344230750106 0.0235126516799328 0.0399069611786424 -0.0243498609289108 0.00183553045017227 0.066292217085741 0.127200248716995 0.00632742162392604 0.0355357993410699 0.17683894287177 0.172270923072029 0.093079966950253 0.0785420236526413 0.0603344930965272 0.0715243482312107 0.0648122294283835 0.0937145075909734 -0.017139332673876 -0.00904532774019317 0.0114133212621917 0.00516608758061568 0.0773798835065868 0.0163573413880811 -0.0680774337228595 0.0055631643777828 -0.0125621234309938 0.0224239909547505 0.0680380112927367 0.0829318132573208 0.0970651121309762 0.107878173608281 0.0337009759375125 0.0596180815499709 0.0754647535634189 0.0773420571621898 0.000513745820625535 0.00857762857836464 0.0296746627470342 0.0145983906827454 0.0368712154177381
0.117631647260285 0.11914139242429 0.00780245627870687 0.0718459483130171 -0.00774566877110518 0.000969194157749196 0.0241685287735111 0.0401007092152376 -0.00326596499526404 -0.00142956573696311 0.0928664016428639 -0.0573218390732723 0.0296349223104649 -0.0109558963181772 -0.0289489652992937 -0.0286745130211482 0 0.125889076107084 0.115398145433239 0.0405798974483361 -0.00253778479494912 -0.0320537117543789 -0.0276634569990536 0.0238816198794247 0.00109068689841188 0.0152453431906586 0.111384190955957 0.0367583260244432 0.0237377484733967 0.0333053825302805 0.140563632958065 0.116143172316938 0.0923602571855379 0.0914159240178816 0.0597290673507206 0.104655981468022 0.0736301103093594 0.0483515453550552 0.0279295723484876 0.045685665327081 0.113782320203397 0.128006857165923 0.119468673879987 0.159088609691151 0.102395098413026 0.0597519369813253 0.0797378055659613 0.0845364328044305 0.052692863792813 0.0473095236381595 0.172398015340703 0.11581600105437 0.0701689534194434 0.0789035927053745 0.00213912632071854 0.0756312458629824 0.130573833448125 0.171455513588687 0.0330622405103367 0.0625295427087998 0.0756008301787309 0.111489867744035 0.0743188345843896 0.0939602565469009 -0.0160604337258233 0.0321870082288546 0.0776382674078226 0.0300121748726494 0.00328680316066211 -0.00423252552928234 0.0608970851582312 0.0185148185875646 0.166210756642884 0.103407599561224 0.149691494795613 0.0957053661332963 -0.00428902757840325 -0.0300654335449464 0.00905688232902329 0.022261727906836 -0.00510721352845578 0.0309667798968506 0.0372134096920286 0.0433697909586846 0.0543497814093752 0.0777183176292175 0.0604599512195403 0.122882319129019 0.0428789026624119
0.0905393355265139 0.115038369232136 0.0351709991998469 0.0422904008592648 0.0204165612970303 0.033817726296715 0.0597058643197488 0.0537810513808901 0.0150985952668821 0.0350654659855348 0.0547312938651742 -0.00819489208054299 0.0663108716408581 0.0395950298005268 0.00338691681584096 0.00490085727183682 0.125889076107084 0 0.10437522403225 0.032394461217354 -0.00372813952938629 -0.022645471740003 0.0224367741114446 0.029349613044977 0.0125369999191214 0.0219864202347605 0.0737314061588738 0.053075113199897 0.0278780467616437 0.0230729212557163 0.0961066986355578 0.0680277870241523 0.0946234345569855 0.0553827475220884 0.0453782456197323 0.0441422179022372 0.0362159790125682 0.0244825578272908 0.0332268143803648 -0.0263539644470305 0.117418727028226 0.117481929957391 0.0904497641018853 0.109514930864423 0.0933182397782774 0.0739870853910292 0.0668908950035925 0.0965644587481036 0.040994535979904 0.046126700607044 0.146918656944558 0.125024427492982 0.0915217408827139 0.103741221146369 0.0555686457900063 0.0714739873413238 0.0951139656758397 0.108497138921143 0.040894293434064 0.0478325543774027 0.0657290155355086 0.0761234320551077 0.0813026853985123 0.0781771106162724 0.0222261344819653 0.0487152074437086 0.0678702281032417 0.0215512795396583 -0.0129346869140533 -0.00436472428207817 0.0400907631319225 0.0414961674645897 0.0944995842015203 0.0831377915812422 0.101290519786091 0.0838099363426 -0.0056669074146867 0.00160364682825674 0.0553886220514155 0.0611587377759314 0.0272086821611758 0.0330567398792192 0.0857966672593742 0.0922452581222836 0.0719014548087342 0.0899846748044832 0.0838393175376788 0.112765880469885 0.0475576945962423
0.146988304256348 0.133790156281795 0.113717044851841 0.0816177133118622 0.0102237986423424 -0.000787028693791934 0.140334447513171 0.0575170007866725 0.0710521579106323 0.0180824252746618 0.150819180333751 -0.00249750641134126 0.178475881990267 0.0912544626960782 0.059162598513812 -0.00103431506704844 0.115398145433239 0.10437522403225 0 0.0913387048961629 0.0516316028099489 -0.0197294578576966 0.0989271608465066 0.045705525586813 0.0324966190067561 -0.00254890490425401 0.113974653605752 0.0282421465788096 0.0459327542232133 0.0307382039386166 0.133887799677249 0.0925269851529937 0.109693538204254 0.0276570266834381 0.026513389304072 0.103219533184195 0.0566949735560954 0.0401265045328481 0.0304432285194961 0.0478728306588826 0.158722084578508 0.154910456426714 0.12975238098496 0.108031150095907 0.109690762775997 0.0751224371788313 0.0903557365786989 0.120765030000322 0.062804069556446 0.0513925026311302 0.175818064066123 0.127275829021765 0.156228142977086 0.145219016948212 0.0880930853486269 0.052437706914984 0.177230299462967 0.120090056201322 0.0729195979890585 0.0583791535234603 0.110284470346198 0.121020597664631 0.0961556766266922 0.0887363603241202 0.0698148541096996 0.0684044190779483 0.123864720517835 0.0574542158377931 0.0615920413615819 -0.00440561080601205 0.0842123620031693 0.0577523315652566 0.124267771808291 0.110472813685368 0.13696460278913 0.13748379998815 0.0483741298009346 -0.0150720129554612 0.0984692586417698 0.0521961215248277 0.0666985141401463 0.0311364194100744 0.12085952317494 0.150386901775108 0.0775397560036957 0.122270329867656 0.0759904427544811 0.143885659529594 0.0619472086244853
0.0591745934142345 0.120097623673304 0.0386068446640628 0.0634962619906037 0.0295068241338552 0.0178639394007203 0.0391901968780141 0.0479201871321085 -0.00196889922682333 0.0199469329568178 0.0312910336682786 0.044456592942576 0.0793788929782369 0.0877555468983998 0.0254522898989052 0.0432058214455352 0.0405798974483361 0.032394461217354 0.0913387048961629 0 0.0153415220707248 -0.0101529027593701 0.0884745310389549 0.0668374447804729 0.0188265517489618 0.0211454476680244 0.0473717261970295 0.000253111969023211 0.045895445488094 0.0552472449600887 0.104744885878433 0.102376460502629 0.128949893334214 0.0784320704882282 0.0704689301064072 0.0468948517317862 0.084645811538932 0.0387734653687096 -0.0339119550340623 -0.00616744643351548 0.0970271894194041 0.130231697141684 0.0752241040674501 0.0665944690332909 0.0903232091316666 0.0599658049520381 0.0449103917219364 0.0665572788523166 0.0277788981201452 0.0347752120489509 0.0750109813396425 0.0907271089042732 0.0396940570767966 0.0703160994417476 0.0307891446469183 0.0772400938130491 0.0676131202745241 0.0566825626115877 0.0354669924223854 0.0630194006904742 0.0643140107914602 0.0784007577658201 0.103176174198256 0.0937325343878909 0.068086505472592 0.104069119152308 0.0666271902297751 0.0536285020350003 0.0473014551771538 0.0222259432047793 0.104120109142519 0.0430898707579356 0.0013747705793123 0.0164657439378876 0.00996164358663191 0.0424475467204823 0.0329513122112097 0.0442666559087975 0.0271239258332643 0.0532410897815338 0.00771400695414621 0.0219034274044447 0.034353500883463 0.0614769562509043 0.0212116722104241 0.0452280653331748 0.0666800120649791 0.0860011798834619 0.0344340995881916
0.0419055128008195 0.0179329183936624 0.0959294777171406 0.0305168370177869 0.0636288552745479 0.0199082369301389 0.0608072772054003 0.0155272038794985 0.0863450380061415 0.0420733058421194 0.0131464750952718 0.0165304382609997 0.0969828060214984 0.0729066216882104 0.15045852770424 0.087538533647511 -0.00253778479494912 -0.00372813952938629 0.0516316028099489 0.0153415220707248 0 0.0136375915950072 0.120933398344566 0.074580323029233 0.124480457431956 0.0677360140621733 0.00561163479529813 0.0142422263288745 0.0718693606962535 0.0790363090438685 0.0311900188805434 0.0229486466588851 0.107327167762103 0.0677416841751588 0.0557896478291887 0.0525310099889892 0.0637719861114414 0.0362290835037148 0.00727431847199622 0.0119091848512325 0.0256367710327199 0.0133007355512794 0.00265831952339856 -0.00780564468415052 -0.00121290057418157 0.00775332544317303 0.0168873075008789 0.017781734597458 0.0400727431740175 0.012842645312839 0.0146761213617813 -0.00641382894125131 0.0243868949039921 0.0267334246947205 0.046878569580035 -0.0231334111954912 0.0283562369902396 0.0181705516494252 0.149459805607016 0.0650513350895565 0.0793272613005147 0.0532433808045798 0.0225854581521455 0.0102356953151716 0.0585858932224683 0.0644315426357175 0.0445809109506647 0.0232063569789238 0.0376940614001274 0.00751161190271528 0.0749057309656668 0.0627175198695225 -0.00378198787340686 0.0284807284271059 0.0198688260562011 0.0327633213392456 0.0756072637565762 0.0490819351239477 0.085855102487823 0.0683556326768859 0.0880122028686977 0.0239351912358081 0.0284087119474571 0.0540158422852817 0.0103215219583142 -0.000230817002131273 -0.0276518233117635 0.0214396303936998 -0.000808183344228618
-0.00198737470817908 -0.0225658392536036 0.0062662081943311 0.0206293415043586 0.00214189493578318 0.0640556160314125 -0.0150853986458338 0.00142988723132168 -0.0195798871270341 0.023446180485531 -0.0249951203764064 0.0432002958304558 -0.0164305559669318 0.0283811871992957 0.0410344964398316 0.0597084361344652 -0.0320537117543789 -0.022645471740003 -0.0197294578576966 -0.0101529027593701 0.0136375915950072 0 0.0226797394219759 0.0217551463773875 0.0298460223222141 0.0688683611782598 -0.0355307871094839 0.0126108335110044 0.0255771720045606 0.0340499157871983 -0.0322924648696602 -0.0199835105492593 0.0255905732201562 0.064649674322202 -0.0155587347114831 -0.000483155840003639 -0.00155006504109009 -0.00550468426942921 -0.0121007471787091 -0.0367443617374934 0.0059282436440653 -0.000818304664777922 0.0343872664107216 0.00486049553870398 -8.69148746649863e-05 0.0152847338392941 0.0202339868037317 -0.00198639779439502 0.00966190279373116 0.00926394814798138 -0.016306454320671 -0.0337019440726658 -0.00856882920620677 -0.0239876356682747 0.0143696268099496 0.00568675964370318 -0.0285528882358222 -0.0169851900827902 0.0850853756280798 0.0709495679027476 0.0227514228432918 0.0374607879167108 -0.0073275106479768 -0.0282384766572304 -0.00680591191173785 -0.0105061272559937 -0.0064354116401284 0.0224588785381209 -0.0316263269827921 0.0226777111335617 -0.0110179720285542 -0.00302201342938418 -0.0510230017562588 -0.0327511599554665 -0.0110616403562584 -0.0125260348051255 0.0258164473715927 0.0214932718612316 0.0444436325418408 0.0201981600341819 0.0100457920741452 0.00323077441896926 0.00422343024882402 -0.017726326468389 -0.000209552244912773 0.00211639428053826 -0.00175767793734585 -0.00411746098010465 -0.0134476301219567
0.0459021566395253 0.0237771653481769 0.229793713708409 0.147120600499083 0.0934946832537357 0.0594099465479235 0.146363146086072 0.0339850158019595 0.0172945007317939 0.00703878703620293 -0.0197008457734838 0.000881449885976765 0.0868905343278709 0.16970266544005 0.240424001361118 0.128754552926819 -0.0276634569990536 0.0224367741114446 0.0989271608465066 0.0884745310389549 0.120933398344566 0.0226797394219759 0 0.288703424354501 0.218112754303583 0.166254597195433 0.022582014439815 0.0359263575799963 0.229914765749788 0.267402131466855 0.130205828980172 0.0778031382369442 0.320424311458776 0.170259660105893 0.0874579572874572 0.0738227966459161 0.0848324229586719 0.0226548269466653 -0.0255202569063963 -0.0457706576829292 0.165181365544851 0.130803798135683 0.167659666385643 0.0442542656138987 0.106088256029716 0.10765633331882 0.0896488363247168 0.0945333884363011 0.0761735715322893 0.0679118828178785 0.0773104051728741 0.0358518345738824 0.0479047442124327 0.0345021345361721 0.0818433717310968 -0.0337192788889584 0.0427166160346661 0.0404166854092758 0.387867686094183 0.2073841616902 0.209321334246002 0.133308493008496 0.0555854892891654 0.0192584260336881 0.150721954099905 0.146391505600628 0.0470117887696058 0.0523342563861325 0.0935489035837097 0.00928470701562766 0.142242300832521 0.107892169511228 0.0211565938974151 0.0684075451624412 0.035739618979443 0.0911917235038805 0.146288262583592 0.1104642548899 0.203481032680613 0.12460110067485 0.0991835925455538 0.0245942751747609 0.14193705373546 0.22528568152559 0.0822501549825739 0.063225952635937 0.0616007353884866 0.0801059200276641 0.0835240924716505
0.0177542090250463 0.0694333744575066 0.110574613134884 0.152037449360102 0.0856145573339357 0.0998030099881059 0.0256041722400215 0.0801768361178182 -0.0186519760375431 0.0759516834840198 -0.054758289437968 0.0158483337515465 0.011745254216222 0.164302577356026 0.143594617671639 0.206790410108298 0.0238816198794247 0.029349613044977 0.045705525586813 0.0668374447804729 0.074580323029233 0.0217551463773875 0.288703424354501 0 0.15936724284913 0.167187816541512 0.019006563074702 0.0240256190352054 0.15149705058855 0.230939171276128 0.114065112584464 0.121297098076695 0.308570090658762 0.222459431866632 0.114810147568598 0.104090081936392 0.100353511077462 0.0279440346860539 -0.0320120284682693 -0.040247703287427 0.142612538115852 0.122559347239776 0.107382552984061 0.0445421763782132 0.0989465434844234 0.0890196600397971 0.0624552006086299 0.0791222632883957 0.0648664968906628 0.0420660096675979 0.066587825175145 0.0603475769626723 0.0251603207459069 0.0369391782338739 0.0690494944417949 0.114798551392813 0.0324581535408888 0.0604729481898492 0.292015406189802 0.26625356382746 0.177968710803918 0.147089880984954 0.100602186795049 0.0794109180124301 0.0959400970099537 0.127472904592671 0.0171640315054419 0.0198608565478604 0.071882883499422 0.00908730662490908 0.128470348376789 0.0802579495644942 0.0341085369086948 0.0435376544244009 0.0440689213373299 0.0782558480977167 0.118120979711244 0.118328721744352 0.124076515476505 0.139320526068369 0.0305794514200637 0.0479997193544659 0.124143963928264 0.130212579695782 0.0352045771432752 0.0363799349951797 0.0741301459203101 0.0684056192702598 0.0691689235994456
