0 0.210296188428378 0.415859882206677 0.36306505839819 0.371787826187255 0.246397024655567 0.23494955356616 0.510286194619759 0.367520643542115 0.366289135712725 0.179280618697221 0.198232893847844 0.129146170633023 0.237541303587139 0.220661536415606 0.248572605649144 0.160297693818392 0.257974415768635
0.210296188428378 0 0.172866860857655 0.196285880428375 0.175184762364602 0.228654261290893 0.0795502592100993 0.193684764285986 0.171124328926069 0.142104381410169 0.125209961904618 0.0399479921865775 0.0345547958415839 0.0798730608809383 0.12221242897966 0.0439535633614471 0.0586873545310766 0.064729811725283
0.415859882206677 0.172866860857655 0 0.381514231422821 0.314073159045916 0.166086971674954 0.144574894225338 0.399925879025714 0.420002388267586 0.36662097935806 0.150640264888887 0.168008234799188 0.0735312449585968 0.144133305788288 0.198538217627159 0.181592173796016 0.126179390196225 0.167677455450675
0.36306505839819 0.196285880428375 0.381514231422821 0 0.326656750192818 0.210174145989957 0.140800850229651 0.313503206089759 0.475731651089716 0.394857093650908 0.149702501051739 0.122393328691567 0.0454768866208178 0.123885754256467 0.14654145288451 0.135293022051355 0.127702183244368 0.126819352578554
0.371787826187255 0.175184762364602 0.314073159045916 0.326656750192818 0 0.163302615178352 0.217092020857153 0.270423610010354 0.297470175086397 0.342176045544442 0.131478043732091 0.137679278195481 0.0558164737306002 0.128395525595418 0.121157786030341 0.127430280191483 0.0777279484363788 0.149708137624192
0.246397024655567 0.228654261290893 0.166086971674954 0.210174145989957 0.163302615178352 0 0.0962216434697749 0.207012502445956 0.184036906834189 0.149270494534576 0.195051473790917 0.074980791363964 0.0821321021845726 0.092027277364472 0.166170629427582 0.0809362869342584 0.07868611387104 0.110226895125252
0.23494955356616 0.0795502592100993 0.144574894225338 0.140800850229651 0.217092020857153 0.0962216434697749 0 0.164163102146767 0.147182390528509 0.203184649083339 0.0689963759298077 0.0931137060948704 0.0749975709509932 0.102309915744776 0.0893109708358005 0.0998386805201663 0.078169274340663 0.132895078327601
0.510286194619759 0.193684764285986 0.399925879025714 0.313503206089759 0.270423610010354 0.207012502445956 0.164163102146767 0 0.379125306784637 0.301825785346533 0.122650586395058 0.153227402636691 0.0913341620275241 0.16692522527352 0.227883258700507 0.167276034807819 0.142464667769658 0.182378074248493
0.367520643542115 0.171124328926069 0.420002388267586 0.475731651089716 0.297470175086397 0.184036906834189 0.147182390528509 0.379125306784637 0 0.436042544153578 0.134760475666395 0.14685803338929 0.074824966411665 0.153711351380301 0.161841450384392 0.13782832307491 0.122680716997505 0.16149959551629
0.366289135712725 0.142104381410169 0.36662097935806 0.394857093650908 0.342176045544442 0.149270494534576 0.203184649083339 0.301825785346533 0.436042544153578 0 0.156804033621264 0.167490325797231 0.0951304746083906 0.184162375907522 0.187118797373775 0.168207221389403 0.140984225350003 0.192968990861126
0.179280618697221 0.125209961904618 0.150640264888887 0.149702501051739 0.131478043732091 0.195051473790917 0.0689963759298077 0.122650586395058 0.134760475666395 0.156804033621264 0 0.0887857057672665 0.0663222420384294 0.130370015347472 0.177633709879656 0.125887769642617 0.0953422303633996 0.117164404578412
0.198232893847844 0.0399479921865775 0.168008234799188 0.122393328691567 0.137679278195481 0.074980791363964 0.0931137060948704 0.153227402636691 0.14685803338929 0.167490325797231 0.0887857057672665 0 0.0628204687786939 0.120430771495091 0.130847050756873 0.151148406350704 0.0861508532183113 0.152593280135959
0.129146170633023 0.0345547958415839 0.0735312449585968 0.0454768866208178 0.0558164737306002 0.0821321021845726 0.0749975709509932 0.0913341620275241 0.074824966411665 0.0951304746083906 0.0663222420384294 0.0628204687786939 0 0.079555568009303 0.0893267803066859 0.0904082716885959 0.0770169874396709 0.0756916226706375
0.237541303587139 0.0798730608809383 0.144133305788288 0.123885754256467 0.128395525595418 0.092027277364472 0.102309915744776 0.16692522527352 0.153711351380301 0.184162375907522 0.130370015347472 0.120430771495091 0.079555568009303 0 0.180720487804779 0.206397728504484 0.0923196062250589 0.24661027864454
0.220661536415606 0.12221242897966 0.198538217627159 0.14654145288451 0.121157786030341 0.166170629427582 0.0893109708358005 0.227883258700507 0.161841450384392 0.187118797373775 0.177633709879656 0.130847050756873 0.0893267803066859 0.180720487804779 0 0.17092012751487 0.125133482207611 0.163943809161253
0.248572605649144 0.0439535633614471 0.181592173796016 0.135293022051355 0.127430280191483 0.0809362869342584 0.0998386805201663 0.167276034807819 0.13782832307491 0.168207221389403 0.125887769642617 0.151148406350704 0.0904082716885959 0.206397728504484 0.17092012751487 0 0.109739376214182 0.212611720137888
0.160297693818392 0.0586873545310766 0.126179390196225 0.127702183244368 0.0777279484363788 0.07868611387104 0.078169274340663 0.142464667769658 0.122680716997505 0.140984225350003 0.0953422303633996 0.0861508532183113 0.0770169874396709 0.0923196062250589 0.125133482207611 0.109739376214182 0 0.0956724424014722
0.257974415768635 0.064729811725283 0.167677455450675 0.126819352578554 0.149708137624192 0.110226895125252 0.132895078327601 0.182378074248493 0.16149959551629 0.192968990861126 0.117164404578412 0.152593280135959 0.0756916226706375 0.24661027864454 0.163943809161253 0.212611720137888 0.0956724424014722 0
