0 0.654450449870547 0.519881649268798 0.308843013978616 0.392946391607399 0.261719670468816 0.555266703223914 0.473482630275941 0.291200378599363 0.527071390637549 0.690607726380791 0.54489474225663 0.701147676204275 0.457603707895351 0.470164280777535 0.295442639705519 0.662473840399945 0.728175895591236 0.762902938651205 0.620601339869537 0.226916820260167 0.105018013589962 0.452281026073269 0.20790662030221 0.298706863106433 0.198688111843372 0.643975136260664 0.712846809514203 0.155147203923122 0.176387162597393 0.427423653450774 0.506525987067009 0.112235961294539 0.0909444958132771 0.417760135327743 0.358873874675162 0.483686534185023 0.453267504715548 0.288014844138676 0.406014718641007 0.613695043593175 0.567357414103288 0.62760788948994 0.633953668217172 0.643528391397045 0.614995242585275 0.684916795284809 0.665866599958985 0.675562945194671 0.620898419205799 0.72358608688585 0.703323985979467 0.810142730997065 0.680724370699434 0.809385675742973 0.456272035520074 0.606282772225221 0.773109327859107 0.345914903172551 0.346843933012383 0.412848638459769 0.402961702674567 0.541820185514329 0.580180428068093 0.478117255352652 0.434867271703906 0.365863417973001 0.495937492700254 0.165208951897871 0.47315652259324 0.22367288071984 0.365445646948978 0.45980833812701 0.679956565540424 0.697794077992568 0.661742016211413 0.704293638958743 0.528246611743946 0.73923874179471 0.585366432573892 0.741262369251581 0.677123388606936 0.269864007170185 0.124203051298041 0.531820814438685 0.507830562774995 0.367464654424358 0.422776515114063 0.428821458925709
0.654450449870547 0 0.291580582674096 0.674034930619268 0.227227023066992 0.400764145965366 0.00312423744174921 0.603818256317931 -0.138690030157246 0.504922579175313 0.190112406796791 0.797716343364262 0.363493417081734 0.773245598432281 0.377481806408696 0.649039545949186 0.564043456490293 0.807352530837091 0.313469224700956 0.747205672199697 0.285558346682045 0.0108076551117327 0.280150900512343 0.618779405568904 0.582737133282706 0.529620823663711 0.230449698788951 0.507184475430819 -0.145746377187847 0.360584613485357 0.0969290429878043 0.543595833861379 0.505118578442914 0.452565978461657 0.543830262418301 0.342661752565115 0.575188527398187 0.535300671216207 0.412195890499413 0.398852126312452 0.702804838959373 0.781047970786548 0.750447664946931 0.782726231961697 0.705500599334603 0.765017148089032 0.614153415053633 0.651378224661575 0.757422087951185 0.732326016134662 0.81109074625134 0.882626244793936 0.620003019960808 0.81096199335503 0.417173788756828 0.649985436440583 0.128368620744645 0.712136990837948 0.446469191802278 0.714193813271768 0.556457947657879 0.686103545310654 0.781706980948063 0.743322360237405 0.0707828943685744 0.075226589468547 0.0530394404518441 0.306256525995054 -0.058229994588934 0.229016957690989 -0.0551323764597762 0.146394920793664 0.34812252646653 0.699994311059214 0.557643290559627 0.861777964069546 0.640495666471496 0.728194461289656 0.636131967983321 0.851633873655246 0.484845861014858 0.793748140521803 -0.0489118153356599 -0.323750477153872 0.29124174396117 0.172587314887701 0.0177371013561511 -0.035492618715752 0.104678403186975
0.519881649268798 0.291580582674096 0 0.533404084610698 0.744916478758314 0.371652217539139 0.799662809565098 0.463198324679161 0.5855096714353 0.459746336927159 0.23011513849696 0.12903165467139 0.536412180057274 0.261112628857857 0.610990631922915 0.180538971359734 0.455447392708913 0.471400172693097 0.643193505596821 0.353448446657084 0.329578414090271 0.260312051610359 0.882056332357083 0.442859766425407 0.359370819351289 0.24662037425769 0.485542028049458 0.541693180564369 0.659042563519748 0.654325970969005 0.679769097266631 0.685204243648152 0.423391897164226 0.352713864916367 0.351677432143503 0.350111609926241 0.331001905925556 0.267537763073538 0.0262369132274057 0.128671509217305 0.496595155384535 0.37288235853545 0.480170222398516 0.446880733795251 0.499438404539498 0.416163793749187 0.552105689579623 0.524594109757185 0.430824465978125 0.398608866823331 0.372145503252662 0.407888068552017 0.61222066729759 0.463756837953659 0.668243423098598 0.361890562839813 0.426198273251884 0.468666222798217 0.704976685783939 0.278870691298174 0.648459165486305 0.454241805205786 0.31097718485962 0.369653441953688 0.61513486211608 0.612525198845403 0.446866447635851 0.456741353805143 0.199594782793127 0.394636321616249 0.429891173257252 0.496321193370576 0.447496391988995 0.485876249939765 0.529588496241442 0.392785285583268 0.528676317571323 0.40895040939589 0.763226229631841 0.388050398275709 0.664790847819881 0.500339843388859 0.588196185823655 0.545052927282947 0.569111208094822 0.58470081667666 0.536925004500233 0.532855235887999 0.571207218787345
0.308843013978616 0.674034930619268 0.533404084610698 0 0.400143003725175 0.472321302542134 0.0865733513713186 0.724772816026882 -0.0764628655810099 0.53187107487239 -0.210346503059951 0.516622623019148 0.120861120466039 0.689058660064651 0.358360919357549 0.664782327409802 0.363680807797595 0.57382901691285 0.181894527171149 0.609762085499207 0.400986793480576 0.0660695912034003 0.518878066262212 0.916386260319923 0.567852583509257 0.573410499518047 -0.00137494929178368 0.444459058170642 0.0742736600241611 0.692327886532556 0.114376843875136 0.61371419836079 0.72355640700183 0.609228953096629 0.428502681300679 0.315310556621886 0.405081950230658 0.39326200879851 0.106197068825465 0.145065803115177 0.617618560588385 0.667014989312955 0.625314959169758 0.650407387024625 0.603513816383563 0.636963065261044 0.481315107468292 0.538674723014692 0.54554441836046 0.575289253598379 0.54584337090833 0.661594887901614 0.420960606881892 0.691653924950419 0.270348713897947 0.674357149063005 -0.0642165020969715 0.530974239611251 0.661705173140113 0.80207911169075 0.650541551327387 0.74268741552017 0.589711385850396 0.538308737868996 0.125093316024504 0.187442000716604 -0.0313717809579248 0.186611473892383 0.0220877308929697 0.109893933643183 -0.0549101396652217 0.123080034240085 0.226778295548331 0.516342415833186 0.35775584830268 0.634815437958328 0.556520360011264 0.661744778856511 0.595890458036381 0.736855744702523 0.354976300362672 0.677174998814239 0.141271135174834 -0.153982327854567 0.241544675137787 0.13924931865544 0.075981807195782 -0.0532313085800954 0.111634149538625
0.392946391607399 0.227227023066992 0.744916478758314 0.400143003725175 0 0.310105689015386 0.643406834241338 0.310438668342692 0.63647803103183 0.419623847129159 0.186261179004123 0.0604687485705907 0.549719792941913 0.248178859476852 0.599115577522068 0.196760489153657 0.247627877445979 0.373604242321652 0.416727937360229 0.239943313175002 0.226432817970621 0.127633584668685 0.747877384635465 0.345733584836013 0.305787581464472 0.139417576163811 0.328775050871088 0.352197283534151 0.435123330605844 0.441835208547868 0.461744811562228 0.424069030390607 0.232265372849977 0.209186003619947 0.265173216933372 0.11759846185589 0.374989416097469 0.204908426634619 0.115563593692514 0.121783001183193 0.425373342847609 0.357385782365655 0.37992284950768 0.381393150266077 0.40690243558277 0.335470559935139 0.367279270558565 0.371903583120369 0.306329076631176 0.27750749622661 0.23387852045745 0.239173754674997 0.453869889188179 0.316212343942086 0.547353655673519 0.272326413736419 0.283476737878191 0.274628300685953 0.630981263173283 0.163821213514706 0.429514582284575 0.270071929132993 0.220462341946222 0.344486564881175 0.379320748829261 0.427586734499659 0.319296138063592 0.271270101614403 0.0563416647156011 0.271711877206298 0.287862306047359 0.345453883157955 0.348492856354078 0.382924536434116 0.386716593279678 0.356584254809485 0.465606973340654 0.387706071436779 0.632192249265173 0.336037209674871 0.545716460740997 0.383178441935832 0.403629917067104 0.413446565227105 0.369995998194811 0.381794162347077 0.311967581760686 0.338901903259742 0.415399453187945
0.261719670468816 0.400764145965366 0.371652217539139 0.472321302542134 0.310105689015386 0 0.130445327274694 0.453507375720357 0.0901676537851668 0.48274673086042 0.0661336440154693 0.417437887351549 0.31118519890615 0.532082717555171 0.406815985859747 0.544171473138557 0.203312552587567 0.354050489562919 0.153223700015713 0.310745888988541 0.0187092157032804 0.0707037516686438 0.313111570406311 0.406466137274527 0.343343521213808 0.336516617112416 0.0351856442641951 0.188762009723431 0.0274783854503884 0.308447724638519 0.0186387869994195 0.291145772990815 0.285230263904924 0.21659880096826 0.152838970566919 0.0364396979515975 0.0959231659810881 0.165913964365938 0.156905898456711 0.0215140991720786 0.254446979369574 0.286670451145414 0.227903763689287 0.22290961018935 0.221053873812228 0.248381464458761 0.190685749122503 0.204952063602619 0.175787269181901 0.204475330667783 0.364876282708582 0.393296504822571 0.191101025939858 0.30786423053436 0.282199059671258 0.431016103047524 0.107318539466181 0.344168774701402 0.418022709456033 0.410957276030886 0.245789784788864 0.283358820668928 0.26478700385254 0.215304578543423 0.0658002160838796 0.0582731650077359 -0.106798678186168 0.0559023000867342 -0.114794297805594 0.106229821933649 -0.0092929882165197 0.107812998493624 0.105787892285746 0.284232928777299 0.120240569449886 0.291939831861544 0.19258668990758 0.3369318143894 0.402006241370011 0.399339032016511 0.303338543338382 0.318240595008917 0.0785369802749748 -0.0106334375720036 0.0937449026396974 0.00686714405644179 0.0430208920010541 -0.00725119371825071 -0.0102562268935978
0.555266703223914 0.00312423744174921 0.799662809565098 0.0865733513713186 0.643406834241338 0.130445327274694 0 0.304764219040542 0.763178874442503 0.379720960212084 0.499029533910574 -0.0390433920636974 0.651852756535866 0.0129237574839616 0.48031575263021 -0.14332905082148 0.280043195511477 0.235709660519008 0.741658792086276 0.187374623273121 0.158557856345433 0.181438248204368 0.681328021613391 -0.0304642101986562 -0.0331046263147157 -0.13498800576513 0.622016324594913 0.463790229124368 0.654670352282551 0.295648198480956 0.71115054676218 0.456775434138808 -0.0304462320525514 -0.0264296007552644 0.117970878103345 0.199136309191968 0.239220916379537 0.150739546221147 0.0340230448811284 0.0956213651076807 0.287199833551336 0.125164572699489 0.256452352178049 0.226469515166713 0.299411677295618 0.186105384172422 0.413931093374107 0.371984462970052 0.246123507598546 0.198600997887184 0.117684094669701 0.124457806669681 0.541964550485572 0.215215679213125 0.762947755912465 0.159159792337802 0.617300413089636 0.36266417795626 0.417911728384314 -0.0836692622403407 0.34135509958469 0.0904011380216276 0.0368295044679138 0.147256084987452 0.709940950225991 0.655939759289688 0.563062680987816 0.406324483766752 0.228679274206171 0.436377508558399 0.539999516771863 0.545733006987896 0.368573770038646 0.30343548872183 0.432576007547859 0.143832240884756 0.409146539541276 0.164141893290062 0.560012765312739 0.0825665836615996 0.682757416717038 0.286945390998528 0.612901261875123 0.673637175433957 0.546608117035736 0.623378735028703 0.621622065516545 0.68456512393759 0.600114920533606
0.473482630275941 0.603818256317931 0.463198324679161 0.724772816026882 0.310438668342692 0.453507375720357 0.304764219040542 0 0.0622627804664345 0.720391494123088 0.0736003296291558 0.645090475136294 0.331553684502207 0.717689383205346 0.264026784285245 0.49860553219772 0.321565001798683 0.502035548541127 0.372942563133125 0.64198935404371 0.322688220971481 0.0140612929573378 0.334854343468042 0.594928006333208 0.239596374018409 0.272569492927324 0.203440086874726 0.531069584785664 0.0982593224964946 0.55943673472199 0.139319280650525 0.663754399068091 0.417785306492712 0.382110664810135 0.297804690940987 0.23360708055839 0.38772564172094 0.37421820932781 0.25528157623377 0.145804512478435 0.559638487473493 0.565729930704249 0.564130938049153 0.566628187906462 0.545783916769609 0.558906171504178 0.492402656376138 0.507881886975722 0.507224134552356 0.486846108078402 0.446102572712921 0.59363163908053 0.452563481567898 0.67261765367263 0.491526103306775 0.794286974101721 0.136228963235893 0.662538328435793 0.52787499027198 0.6992770979154 0.525864312249023 0.635442386404773 0.45638180844866 0.40146466804955 0.22397328105851 0.324215588809382 0.0838668140360517 0.262222191659669 0.0714544654599096 0.241152719946807 -0.0402214103931419 0.169143964583906 0.236778380277771 0.5066317590994 0.353740631568926 0.554120152414977 0.537426695029925 0.524751174110725 0.529081670015549 0.593390781967064 0.491561575441315 0.660340935550606 0.142465215334393 -0.151823498705324 0.228539654597652 0.157287464380073 0.153750911158568 0.0250603787113296 0.143708804626223
0.291200378599363 -0.138690030157246 0.5855096714353 -0.0764628655810099 0.63647803103183 0.0901676537851668 0.763178874442503 0.0622627804664345 0 0.294819545534917 0.329555460366518 -0.156235863404821 0.550800559547305 -0.0543142263097158 0.572659895759793 -0.0969957006606047 0.00102771849682782 0.0563440465644049 0.409312212956838 -0.119085094951638 -0.0186556637775593 0.116316717365644 0.597940881257793 -0.105828786013588 0.00037334974550247 -0.127555925218838 0.380997750767199 0.147885738532912 0.524175011227391 0.168579040130153 0.507461958787898 0.205746126317631 -0.0596900764593636 -0.0394763936056595 0.0613424342102014 0.0657673398516055 0.199913183404237 0.0535061007935859 0.0272587566316761 -0.00997639992349115 0.0469475524353129 -0.0404335787486454 0.0270240121172098 -0.00308328113512234 0.0540358241166858 -0.017788157371944 0.145833434613639 0.0974825667589897 -0.00793815833361528 -0.0434997712205929 -0.0493222331884057 -0.0754335470643775 0.275906715538104 -0.0338273201307314 0.598970602598734 0.0489978177914568 0.337765027440032 0.0281632959979487 0.386195139677192 -0.180833693296015 0.138685790244327 -0.0876727446952798 -0.104216430286998 0.0386002290932458 0.41473793737066 0.398418549828959 0.339646831742028 0.129635203779494 0.207556824408413 0.190440311995757 0.450664668884409 0.373911946556452 0.210686895301916 0.0974301046617634 0.190840832456588 0.0296076453498361 0.20243075036168 0.0846149311818503 0.404701391894727 -0.0148520174005258 0.530967309825922 0.0911230105066739 0.409609419637712 0.58150281866966 0.236634681410802 0.33691165228348 0.39766655681212 0.45138595970483 0.385274682844539
0.527071390637549 0.504922579175313 0.459746336927159 0.53187107487239 0.419623847129159 0.48274673086042 0.379720960212084 0.720391494123088 0.294819545534917 0 0.175536372875438 0.41842490688262 0.345681884653442 0.502926829009842 0.28687980999948 0.362762030821966 0.350219718960773 0.472456233366493 0.41310282658851 0.48199109284559 0.166238640528184 -0.0295051334102748 0.371360843237364 0.385164401431068 0.230815038652976 0.209551156583124 0.237142729352756 0.42735341468618 0.146514933274792 0.387689828825275 0.218208455081484 0.531228303347222 0.266595364857376 0.183828912137638 0.333995592546975 0.18028046025384 0.377974123670879 0.414312712293271 0.217147485083678 0.114282073606036 0.505510898371858 0.481789639903804 0.496907283604926 0.476741468368736 0.503418361166409 0.499639134214705 0.512001652247142 0.504218479406226 0.441860617367142 0.457799754741556 0.457993903543597 0.489050440030487 0.510792063071782 0.552658069508172 0.562412314591789 0.632598102605019 0.147952594985946 0.522808789033406 0.437571811403852 0.443440686692883 0.408652993590581 0.445056808955184 0.330159828797183 0.38473345021747 0.255357085266103 0.356909714417961 0.161965692430493 0.292733582754203 0.0482841371180723 0.315283041621966 0.106458165218696 0.251352594178843 0.233955222888445 0.536298954559545 0.387562818810127 0.504103459004912 0.483547889099617 0.507960723758149 0.517696792092266 0.522661063354363 0.55847612804426 0.63029134398111 0.310477206159493 0.0593098476108782 0.406815295671601 0.303681291087615 0.28849760976019 0.222101546598704 0.21271589331466
0.690607726380791 0.190112406796791 0.23011513849696 -0.210346503059951 0.186261179004123 0.0661336440154693 0.499029533910574 0.0736003296291558 0.329555460366518 0.175536372875438 0 0.276472203599878 0.705190400767493 0.112375042783986 0.321161336397445 -0.0435962979316211 0.386384884288053 0.355830483430639 0.635774874444311 0.2868374592104 -0.0374227743080842 0.126588348526095 0.115253204517038 -0.263815149469031 -0.0708797589411077 -0.111108625942273 0.643971031404974 0.448217033259531 0.166149129405814 -0.143293494970193 0.419600221436639 0.206197126663585 -0.247043978289498 -0.159541699591338 0.0352943300968282 0.157109487542491 0.204051791262587 0.169267988978097 0.179276565457888 0.2629158498782 0.206318295782503 0.134423850345094 0.181680890283218 0.180173540013836 0.243916277062071 0.176457845589328 0.274323795721984 0.24320699671061 0.24762366379631 0.21119677735824 0.265075127474601 0.207859975771798 0.472025816947351 0.212132114962363 0.547774746219104 0.000679215508002427 0.752807532821169 0.507608619417222 -0.0536571117666476 -0.128632830655288 0.0512788887080272 -0.042425340860962 0.110757833933233 0.204452562542547 0.388709016771562 0.292660413647552 0.399444065516629 0.294997157702978 0.0906404846882132 0.332998616598174 0.258522984679221 0.284995898439423 0.316638049072029 0.330301038670769 0.513261946141841 0.296475211578231 0.394381770595367 0.176879495462013 0.430361583007143 0.138917808476358 0.528043875859429 0.211599229866278 0.173211873503908 0.224249195484137 0.285025927718239 0.345535522957844 0.338707557789226 0.448666616563322 0.316240338638519
0.54489474225663 0.797716343364262 0.12903165467139 0.516622623019148 0.0604687485705907 0.417437887351549 -0.0390433920636974 0.645090475136294 -0.156235863404821 0.41842490688262 0.276472203599878 0 0.427915714680896 0.834178588867239 0.337067387949763 0.656472688299307 0.375375482914395 0.641285774418834 0.237477894756278 0.645848051886905 0.16896748563418 -0.00422981284664923 0.106613282762233 0.46392247037597 0.353909123663905 0.356803420343823 0.175106829720896 0.453001017405298 -0.226679183806348 0.223226932411689 -0.04464621652453 0.423248079576883 0.338013082140261 0.391876412889036 0.268987335308813 0.210315675354561 0.379832244989031 0.393019557852817 0.398255561971663 0.309441052930758 0.484294039934882 0.585570532527439 0.512392887191998 0.547160612327586 0.469521331030638 0.551731718584232 0.36399447284502 0.412240180431092 0.543751029620837 0.510549343099937 0.577721375963875 0.709939482837836 0.389782649437854 0.695633808264594 0.404496416972774 0.680316469427364 0.168989392037482 0.717405043227978 0.312729656117333 0.686226173244933 0.347411212607181 0.529956259418306 0.59694323603965 0.484636791016555 -0.0693569136234095 -0.0367571228361625 -0.0933199612375817 0.186474408074063 -0.121907764511047 0.163963202459912 -0.210565216428279 0.0133808223450564 0.238440815813112 0.523199754037114 0.372508648800932 0.692621660632848 0.451651061069687 0.560652412814806 0.472267171629512 0.676603720769655 0.38251372132018 0.642994189047399 -0.21401421659589 -0.444848250297127 0.0357775389683845 -0.0630987941035382 -0.101401418132866 -0.156600066757042 -0.0456619558903823
0.701147676204275 0.363493417081734 0.536412180057274 0.120861120466039 0.549719792941913 0.31118519890615 0.651852756535866 0.331553684502207 0.550800559547305 0.345681884653442 0.705190400767493 0.427915714680896 0 0.414796137577178 0.742441285077315 0.269595921218246 0.397000902925868 0.505382291180241 0.61732873845674 0.39438153359907 0.0887756103728204 0.136117230394454 0.521827265044672 0.0911226446384661 0.213924038525278 0.0593344156839255 0.651930583021242 0.515830669468328 0.3029935603284 0.147237530188217 0.522602564541897 0.439326871836494 0.0670079400664056 0.0817588039260198 0.229722368127499 0.144318704022474 0.422065877172795 0.277595477395562 0.30402783967733 0.306694296375471 0.442512392507872 0.389170159028341 0.379868019776429 0.378801814063767 0.421604984554946 0.368412964742103 0.405841421513293 0.419270529171777 0.391609498174751 0.343927010216437 0.369886873992232 0.379634966234541 0.578168111997213 0.417097032722159 0.734994689564789 0.306258802230696 0.558049916443934 0.547931903341764 0.415166726135553 0.140183470368027 0.365495282870583 0.20522506442031 0.295177368082446 0.373712748908031 0.433284825742419 0.411986803431447 0.365723122711407 0.348911716316833 0.0387668503559887 0.348440397695752 0.323304937542927 0.412415142244172 0.504175951086558 0.53237780401278 0.591774063297104 0.493890398753685 0.547071041125361 0.392008029719643 0.68424957396871 0.349948311133611 0.710104494636695 0.443094561981932 0.273339648321643 0.292658109621045 0.3566342436832 0.404214755051656 0.392989491817376 0.462516188224779 0.408285901945335
0.457603707895351 0.773245598432281 0.261112628857857 0.689058660064651 0.248178859476852 0.532082717555171 0.0129237574839616 0.717689383205346 -0.0543142263097158 0.502926829009842 0.112375042783986 0.834178588867239 0.414796137577178 0 0.48360015294612 0.797663753699123 0.299167671098351 0.607897060149941 0.19989499732604 0.673538963023267 0.237153835521514 0.0548682329539498 0.273989743551924 0.673266094740664 0.451065843278963 0.434968932716395 0.0744871443112033 0.446240984984682 -0.181368780674858 0.397756678081804 -0.0653249718751627 0.449826639747738 0.481355346104209 0.475782852904986 0.29603932867646 0.172245706968176 0.399974891761043 0.355104327999741 0.346827690599434 0.174771309575996 0.521286180332862 0.642462975861775 0.536286383862557 0.57414727374837 0.476686302076784 0.569485219784107 0.363983667267828 0.428959991340335 0.523818531011218 0.508677930688233 0.574233515946374 0.674706827629095 0.37159198964559 0.641232425163839 0.359541388041489 0.715307265031791 0.0288033759141399 0.605302712725612 0.510953369265049 0.727315467387294 0.409664860620082 0.567418311566206 0.642910255208738 0.490607294517711 -0.0365656753807628 0.0266416149026769 -0.148554448456607 0.106934542450852 -0.138650149670567 0.137734079081073 -0.258143361719295 -0.0407369905240803 0.222817629175524 0.479905200490331 0.319406913052172 0.718501174956681 0.500401924260095 0.620524274959558 0.546543517756772 0.722767291269306 0.399204938777777 0.653504200287031 -0.188643349494228 -0.404611743591234 -0.0129469663473271 -0.108911514584135 -0.15204653922499 -0.238691152308771 -0.0848313615579131
0.470164280777535 0.377481806408696 0.610990631922915 0.358360919357549 0.599115577522068 0.406815985859747 0.48031575263021 0.264026784285245 0.572659895759793 0.28687980999948 0.321161336397445 0.337067387949763 0.742441285077315 0.48360015294612 0 0.540868512045259 0.261361875278179 0.444668563553023 0.344823448412728 0.228568083430612 0.209803368786968 0.151948927298644 0.698595486356885 0.432820952618394 0.484337465294825 0.346325621551699 0.352853078209933 0.393654364871749 0.303650122157755 0.349477669516516 0.37955767860795 0.401141150473652 0.355821045334552 0.311598572904428 0.309587192864394 0.207065695665374 0.383477919923613 0.245084347677454 0.155631187194165 0.127619588146943 0.365960849684285 0.388468305740065 0.345711007847173 0.351199155724363 0.335553508137389 0.342027500615124 0.306189183697238 0.331364092382184 0.307299155938571 0.307784348366519 0.370545020213096 0.410108203349804 0.42759166208954 0.385343350918792 0.56586808063288 0.366937588822791 0.257744918068496 0.354920431498381 0.62416244243092 0.325256297928501 0.421064187052945 0.299976587949311 0.39257489099217 0.418173382998611 0.301409326941394 0.261186012808918 0.167221770650369 0.192537817193287 0.074187693604037 0.203649335756249 0.242201365609237 0.324688962948136 0.360099404213092 0.431465023153876 0.427817443874525 0.466678611792462 0.449404350055262 0.401462611131742 0.707785721797072 0.438496596895548 0.584891462276291 0.41060326154866 0.176437374649931 0.217667484565234 0.211867126627456 0.226857505566444 0.195584367871283 0.239530313161478 0.256822176474297
0.295442639705519 0.649039545949186 0.180538971359734 0.664782327409802 0.196760489153657 0.544171473138557 -0.14332905082148 0.49860553219772 -0.0969957006606047 0.362762030821966 -0.0435962979316211 0.656472688299307 0.269595921218246 0.797663753699123 0.540868512045259 0 0.251489033343393 0.521691040343382 -0.0482095145176031 0.412211289357715 0.205895339570915 -0.00298716468501428 0.309180148090055 0.747430623119448 0.690322647547668 0.626672490236861 -0.080069168319365 0.2617819149618 -0.211345325846597 0.36511581108746 -0.137967711297241 0.295471990520299 0.542828747237846 0.48033090839441 0.344243911920502 0.126239200728308 0.301909997771874 0.375280967904905 0.260933570732065 0.082700497101192 0.412290083640749 0.54559777670297 0.440701057525361 0.474386317646697 0.375855124556025 0.465060731644409 0.266510373083771 0.340655239295702 0.383056063082629 0.439530976642421 0.511209866896022 0.584299184967049 0.268211174376573 0.555232449057957 0.219728003080979 0.687828066477306 -0.125621538425858 0.421957708945111 0.539464353161332 0.77934040616386 0.395844389185291 0.534166700782574 0.553194456744118 0.474072540637836 -0.151463757410595 -0.0939606627983682 -0.250405567339798 -0.000347983060406754 -0.114708414196966 0.0674298011584697 -0.197439165943201 -0.0369208936044905 0.108099804832925 0.396289930981644 0.213474741872196 0.614956430428398 0.421882220243612 0.60128946534403 0.494410531537594 0.723932192143181 0.281177946084693 0.566407611787386 -0.173340490411724 -0.365628862184072 -0.0689415318872259 -0.172317562134709 -0.199955766748399 -0.239346202260815 -0.132586909287065
0.662473840399945 0.564043456490293 0.455447392708913 0.363680807797595 0.247627877445979 0.203312552587567 0.280043195511477 0.321565001798683 0.00102771849682782 0.350219718960773 0.386384884288053 0.375375482914395 0.397000902925868 0.299167671098351 0.261361875278179 0.251489033343393 0 0.755049547195726 0.589982721820894 0.546831427209762 0.255184169850479 0.214262663255381 0.363576522164106 0.314424848419414 0.419663393539237 0.363008859338599 0.581162696010506 0.649117014612231 0.177818733504746 0.310182392604638 0.436612609873487 0.521194939012254 0.24091647816554 0.167691348920511 0.429243170425724 0.332607477388669 0.32667401704619 0.332632952949343 0.221877765290093 0.402357255701987 0.57036587949919 0.507487359089624 0.551029722138832 0.552051186876149 0.588975335223835 0.539221469608575 0.630141090980981 0.620144065669138 0.586375016924265 0.573194048992694 0.775501494885702 0.648257026108334 0.636624026501761 0.576010873647872 0.409361247430098 0.27840234318853 0.494928013358943 0.673563312299489 0.302722721749571 0.323797603069389 0.480733926946932 0.43799950868761 0.473268147988152 0.566044713242898 0.305471468894864 0.313710527886684 0.253646588938703 0.459685237657747 0.169484515391141 0.373299169211032 0.229842193985776 0.325058036346302 0.631537932956718 0.72356176066806 0.729663463803519 0.570505972647824 0.56868430147799 0.475908773566451 0.620606355912038 0.501043756132327 0.410536790706813 0.574943250513772 0.318616002029172 0.12737748289701 0.550631149164009 0.534798929876352 0.349240764834671 0.385792991612273 0.444880388810058
0.728175895591236 0.807352530837091 0.471400172693097 0.57382901691285 0.373604242321652 0.354050489562919 0.235709660519008 0.502035548541127 0.0563440465644049 0.472456233366493 0.355830483430639 0.641285774418834 0.505382291180241 0.607897060149941 0.444668563553023 0.521691040343382 0.755049547195726 0 0.519332555214147 0.712338968999882 0.324741782352377 0.163160970276391 0.500275471279775 0.528120395377945 0.579192269519427 0.492749801543083 0.501502007497318 0.67019896100891 0.128199414176896 0.469378970368783 0.387044633177253 0.640685134311994 0.389763430992925 0.361114347453309 0.521461458345129 0.30443379394953 0.569369616748874 0.51400263479712 0.326057917831731 0.428625211814149 0.738374666543537 0.741225715085052 0.733530405737306 0.735621275355847 0.746217993102366 0.732497426957444 0.652472360075926 0.713004198204267 0.726467011608235 0.721663526729433 0.817501368150103 0.812968257928174 0.679381996911859 0.748336244788923 0.520402541809466 0.478880181146972 0.351882596013847 0.793023738033623 0.460823697914359 0.536921213968814 0.590265756740034 0.607234319297129 0.677556356885277 0.76013407105401 0.204575903660387 0.255929505386492 0.194956749766041 0.434065008314732 0.0129350580286211 0.361879920308489 0.17543332134437 0.365478999936899 0.577801137367437 0.844777828345365 0.734260141364726 0.847924869139657 0.672719732296581 0.725864641567016 0.735335756537411 0.752612678934549 0.528919986692422 0.76042717483479 0.193947625596074 -0.0579802786021141 0.470626615279619 0.374886126359965 0.265395421228762 0.260680776992905 0.38346879850321
0.762902938651205 0.313469224700956 0.643193505596821 0.181894527171149 0.416727937360229 0.153223700015713 0.741658792086276 0.372942563133125 0.409312212956838 0.41310282658851 0.635774874444311 0.237477894756278 0.61732873845674 0.19989499732604 0.344823448412728 -0.0482095145176031 0.589982721820894 0.519332555214147 0 0.580005598696914 0.178381468210994 0.283770914956367 0.475102545026737 0.0201082211597731 0.00913267800664659 -0.0139391380002273 0.799289465512656 0.751976129647845 0.524230859180619 0.285009633490742 0.688163168127574 0.595591169627631 -0.0374270925470846 -0.0279750394253489 0.226705139201477 0.287185709944057 0.28506711567213 0.264037739545287 0.0855698308398639 0.366288804082369 0.469675149610635 0.316928414464502 0.4269605335214 0.420109737783574 0.516108981942841 0.406504347309466 0.607759937138028 0.569942321527694 0.495268128394071 0.413108853498168 0.463212630744113 0.404201929533588 0.691187192104638 0.432363184630754 0.671469776298961 0.171465131840883 0.705673875298089 0.616436484038701 0.180293022891425 0.0193455560205189 0.318328674191017 0.209824544138666 0.294254465280513 0.391815095140573 0.70248819963222 0.696756566265266 0.570286072950889 0.572145654134435 0.249963930306167 0.557575569486391 0.428690252651676 0.536623438337336 0.532469919968388 0.559867294771282 0.66392774806653 0.391891506436969 0.542926645124871 0.287953410103253 0.595517119382402 0.26456273607532 0.65285554830145 0.450723497323021 0.570326350517939 0.471109013066266 0.678958102442993 0.706587837414294 0.611661516029542 0.636147813773962 0.648204180503639
0.620601339869537 0.747205672199697 0.353448446657084 0.609762085499207 0.239943313175002 0.310745888988541 0.187374623273121 0.64198935404371 -0.119085094951638 0.48199109284559 0.2868374592104 0.645848051886905 0.39438153359907 0.673538963023267 0.228568083430612 0.412211289357715 0.546831427209762 0.712338968999882 0.580005598696914 0 0.248027485822816 0.0717675719846507 0.263334354336915 0.449328504713794 0.287680141973183 0.282692020549488 0.407997931957394 0.633264440677202 0.0843550726230455 0.385484646652566 0.3145183082915 0.653842586413382 0.298951516403192 0.271874994461668 0.375757601118282 0.343830565129337 0.446174008699495 0.484512932619276 0.241027327729894 0.331860001218713 0.676780926769953 0.646898625936305 0.636303022212866 0.660201483556263 0.660186576613502 0.658398680849883 0.580931013135379 0.63437110726335 0.653109096703018 0.614254877176094 0.617600231503204 0.644409264611118 0.593927198325329 0.671300481367627 0.3726326674041 0.461685156914705 0.271370177723658 0.695660449581179 0.276381392459853 0.453001723145748 0.428480166216794 0.513033659673976 0.628594456809155 0.597465465551212 0.294987706059117 0.371485475577471 0.227369640082699 0.408121989849369 -0.023988447963466 0.268347109045536 0.111078714701458 0.317988939391952 0.408128041567735 0.658928968435697 0.568879164902678 0.697509305614115 0.611490566568409 0.552344074484451 0.515317306103112 0.621200945469086 0.43300779405206 0.644581227972311 0.218400663158641 -0.0909816299662746 0.437916108298998 0.327042821653759 0.254717158265 0.171844071072225 0.315380859572307
0.226916820260167 0.285558346682045 0.329578414090271 0.400986793480576 0.226432817970621 0.0187092157032804 0.158557856345433 0.322688220971481 -0.0186556637775593 0.166238640528184 -0.0374227743080842 0.16896748563418 0.0887756103728204 0.237153835521514 0.209803368786968 0.205895339570915 0.255184169850479 0.324741782352377 0.178381468210994 0.248027485822816 0 0.154075113616849 0.290024656747025 0.41074871824351 0.255178189363651 0.32070538112526 0.107750407475579 0.320808651489149 0.156899998006444 0.367468100746331 0.179190120653925 0.357692246532525 0.286757751811977 0.296144284679338 0.316236440312541 0.172519713912054 0.266287734761693 0.219618974630783 -0.0458850811571519 0.0121558493249924 0.381438316810728 0.388971207948535 0.393870768201835 0.396313061108726 0.409855377887185 0.405021299025526 0.293832137662909 0.365192073086191 0.358872119458999 0.396518836264983 0.260291449709364 0.340953298420497 0.273570838687304 0.365347975569653 0.211006232195404 0.310463866858953 0.0886783753623145 0.337980122277682 0.316827530153007 0.349460061584605 0.382924070770675 0.380021817750647 0.311347191479785 0.350749524833196 0.199708756796363 0.220179165181903 0.0708477290493977 0.127615399564569 0.141984650835641 0.0943566297933135 -0.00398730785567407 0.109135319723746 0.14058601328096 0.291296073101429 0.219942719418447 0.265042582418932 0.259482896143518 0.252283378979521 0.327155975759647 0.305935649528005 0.173653471748849 0.377780835743202 0.0902004126230793 -0.00723495619366494 0.235846605934473 0.183054527480268 0.102267274718704 0.0675631386082074 0.173059610394385
0.105018013589962 0.0108076551117327 0.260312051610359 0.0660695912034003 0.127633584668685 0.0707037516686438 0.181438248204368 0.0140612929573378 0.116316717365644 -0.0295051334102748 0.126588348526095 -0.00422981284664923 0.136117230394454 0.0548682329539498 0.151948927298644 -0.00298716468501428 0.214262663255381 0.163160970276391 0.283770914956367 0.0717675719846507 0.154075113616849 0 0.22332510271609 0.035833165560123 0.0206694027615289 0.199929270249809 0.316830944353143 0.294458378701374 0.268852391136688 0.225202292583268 0.263624609275049 0.282186855661708 0.00726541909965645 0.0868130422077179 0.150639524808997 0.0695062206490184 0.0226132701143308 0.0298980578900326 0.00709735617985968 0.160859257808444 0.110716201520328 0.062223143860609 0.0599891283069171 0.0681598426988293 0.116389404182369 0.0272683246801131 0.12930772321994 0.125566380630872 0.0796465089986812 0.0589479434438731 0.155775556389415 0.101695416818687 0.171229135402562 0.0235740355452852 0.0578277851668009 -0.0788681600402887 0.140014876819103 0.118328824064633 0.0374424311161844 -0.0209588548425288 0.113641038853183 0.058052396787665 0.0932616175135914 0.122966570487333 0.138312960753534 0.244532450056623 0.124738596877584 0.158813111725035 0.0970204799357327 0.238694349938079 0.0583481170302458 0.131559192419402 0.259862035777216 0.158449130772097 0.207840682089836 0.102677857830263 0.0728261108123521 0.0511621201121657 0.172109975623092 0.02016549803727 0.0861669534289829 0.0634500703335346 0.209419111990576 0.245466518947273 0.187192258388527 0.226775356681359 0.243518484193273 0.279513903993124 0.31055281431169
0.452281026073269 0.280150900512343 0.882056332357083 0.518878066262212 0.747877384635465 0.313111570406311 0.681328021613391 0.334854343468042 0.597940881257793 0.371360843237364 0.115253204517038 0.106613282762233 0.521827265044672 0.273989743551924 0.698595486356885 0.309180148090055 0.363576522164106 0.500275471279775 0.475102545026737 0.263334354336915 0.290024656747025 0.22332510271609 0 0.521234584563373 0.49535577391099 0.348665691825778 0.41963758317412 0.468485477929955 0.619539966843028 0.661972437808689 0.612847178421418 0.596987404705942 0.444995488137339 0.369059696298558 0.419613383685617 0.244860479616942 0.374159586500371 0.285080047092568 0.0533773962996818 0.122789407500554 0.467255976596804 0.391744329455539 0.442377496591803 0.415370617351377 0.444156126842635 0.381976802274162 0.445678745081514 0.460456623728473 0.36735568709027 0.354055188638193 0.342538119856558 0.376527798640151 0.504179284860432 0.402962653462716 0.610093494071371 0.325099653987065 0.273849409965682 0.37529279057896 0.740466367850719 0.297126812104513 0.599846987268936 0.420450462943219 0.333475616053146 0.412732323029721 0.482790724426858 0.51400726790308 0.349771832614741 0.394556649751494 0.123542284536717 0.342888443798216 0.410661002178252 0.494306022336734 0.453415202721202 0.464671887348319 0.465438514826242 0.426014261055698 0.520681070842519 0.462250592873909 0.730389772027241 0.4169622833296 0.599338122394278 0.461400187873195 0.487079321853993 0.451758326995473 0.445654239573307 0.440743195534171 0.422271535607398 0.448796114466334 0.520871199297303
0.20790662030221 0.618779405568904 0.442859766425407 0.916386260319923 0.345733584836013 0.406466137274527 -0.0304642101986562 0.594928006333208 -0.105828786013588 0.385164401431068 -0.263815149469031 0.46392247037597 0.0911226446384661 0.673266094740664 0.432820952618394 0.747430623119448 0.314424848419414 0.528120395377945 0.0201082211597731 0.449328504713794 0.41074871824351 0.035833165560123 0.521234584563373 0 0.652129608400174 0.656931780883949 -0.0794646721292423 0.36127996789924 0.050855311427021 0.716547279381982 0.0453285823255857 0.524513945040511 0.775855347035269 0.672333394855441 0.418578093218941 0.280228267025272 0.362743529444707 0.33413603808704 0.0721133271210888 0.078928927666842 0.523461676843393 0.618139976441947 0.55277144508472 0.575943499493117 0.514256022132937 0.563624579092349 0.374163808056217 0.434803524641651 0.460736344592232 0.510386859371592 0.506778327626962 0.601303624228053 0.302497989622045 0.592611345416027 0.181219858690389 0.625391217714531 -0.127103328947195 0.434022729469652 0.675019115824213 0.79174004694819 0.634640273990724 0.723450766223654 0.56109953108165 0.510356656746008 -0.0270060511097433 0.0653099323581504 -0.115667525277519 0.0994268319418862 -0.0228864462827139 0.0523066667989052 -0.122427741810283 0.03416421307286 0.198031004386666 0.452514846564064 0.305885044919563 0.602176763249473 0.502032464664123 0.619315102034393 0.564839955339206 0.701730127100667 0.268361589579509 0.585630454099596 -0.00419311155644836 -0.24203803815236 0.111522654434937 0.00850115121456028 -0.0653979196574941 -0.177506602398457 0.00586286750483022
0.298706863106433 0.582737133282706 0.359370819351289 0.567852583509257 0.305787581464472 0.343343521213808 -0.0331046263147157 0.239596374018409 0.00037334974550247 0.230815038652976 -0.0708797589411077 0.353909123663905 0.213924038525278 0.451065843278963 0.484337465294825 0.690322647547668 0.419663393539237 0.579192269519427 0.00913267800664659 0.287680141973183 0.255178189363651 0.0206694027615289 0.49535577391099 0.652129608400174 0 0.730784794920129 0.00686158441056938 0.172411838572237 -0.0310221877000978 0.406878706094313 0.0944267329524179 0.345352793811959 0.682156711027505 0.540564457344296 0.593689376992527 0.201922373477328 0.4097320888033 0.429276799917974 0.255643364557637 0.208099084441007 0.508453931609778 0.552580351646777 0.54253489794975 0.537830838647452 0.469599210931137 0.518771870370471 0.408244715810764 0.452674380120381 0.473061103009597 0.508247325644903 0.566697576098373 0.572704751823017 0.407073838530013 0.559808086252441 0.228448045410385 0.505132022751728 -0.111195975984025 0.332689550093691 0.612050259856306 0.651292100391002 0.613760267476799 0.606517551650477 0.534810509442885 0.531304216916925 -0.0067025056162659 -0.015068681070606 -0.0596247448022908 0.142546605353315 -0.147931349358609 0.0941202346820467 0.0329480852741498 0.13729529613948 0.268827760313062 0.480382390532806 0.367465267061568 0.641271303255901 0.481336841684774 0.63811050692694 0.594554946188444 0.707562633938439 0.326366154027524 0.58154642817786 0.0555026497305608 -0.108100815917858 0.164323344011283 0.0759718325612384 0.00311824634060479 -0.00237419708696331 0.137139231657943
