0 0.0510743568283024 0.0471719377521598 0.0433760122358596 0.0193864012948967 0.0188740517267266 0.0589544458778591 0.0510859619319699 0.0345567732992263 0.0304325174744531 0.0615244920298741 0.0440952559226924 0.0541028539140922 0.0366025254860035 0.0392657546371416 0.038435040776726 0.0382949723031523 0.0420053702095055 0.0479587399189255 0.0366837712173749 0.0115535230667964 0.00424823688487527 0.0418034757883228 0.0326196256611684 0.0161832183864168 0.012742633946686 0.0281855280615057 0.0459332316567906 0.0291269262843175 0.0295915973165367 0.05814256975222 0.0461022877404569 0.031660441615669 0.0419529214869192 0.0168569321631037 0.0111616642732121 0.0127806695165585 0.0123968256738046 0.0167625640267716 0.0275795362571022 0.0521367263486081 0.0436521401340841 0.059905206151368 0.0577126480223868 0.0415847806765364 0.0468188013363251 0.0560503262642593 0.0538146383790913 0.0293245367008862 0.0281510528791625 0.0662498726801704 0.048195113549512 0.0547012921145329 0.0458146036654517 0.0690169568455541 0.0481218020456796 0.0541993193889656 0.0500770764700242 0.055994355986344 0.051228126251868 0.0396362554745642 0.0386492154937168 0.0437946135126972 0.03608929039347 0.0303615221945136 0.0292151500548471 0.020399774444361 0.0283620555067052 -0.00707965841051209 0.0296995418586721 0.0252847480560747 0.0439849301520838 0.0277811281205575 0.0411473762748235 0.0399427675616049 0.0253552137579717 0.0116957252226843 0.0123184694444715 0.0409412654241316 0.0402138294599089 0.0301623432712549 0.0294082427227361 0.0232112687439979 0.0263451967953365 0.0185286210536583 0.0290722285736711 0.0245287279233726 0.0292222760493987 0.0150628434858762
0.0510743568283024 0 0.0368623012465983 0.0380865256998474 0.0105907817980546 0.0127143934753521 0.0433892899150192 0.0440395475882394 0.0229014459774364 0.022261729513552 0.0420090312216156 0.0459509242845655 0.0369058731431613 0.042948230231846 0.0272536090430587 0.0329756691432622 0.0371814653218369 0.0598597255452637 0.0354293811146251 0.0291236669300101 0.00836779637651375 0.00021416492337566 0.0316468322667651 0.0255540685693941 0.00960759805229602 0.00659935406479418 0.0241340151105102 0.0446947243614289 0.023843353310534 0.0238001283454778 0.0378350786413853 0.0345793845945447 0.0155470769925918 0.03031045256389 0.0126080495007329 0.0155238681118261 0.0118163979157799 0.0130967795351247 0.00633684919543832 0.0156799302725052 0.043463225561017 0.0422111777627245 0.0459475094961222 0.0476741396089017 0.0336454633542276 0.0347980279749955 0.0368292740131736 0.0462614925466004 0.0198968568774992 0.0214020801706918 0.0540635081823537 0.0640342418318796 0.0414291394440256 0.0496765772969121 0.0457050884683343 0.0508112920619194 0.0444015024900764 0.0563876138950751 0.037131778283726 0.0435067147740229 0.0331502588503433 0.0337067714787703 0.0319946696452172 0.0269724363593413 0.0194079806858874 0.0258187456119831 0.021672434827203 0.0269082183626877 -0.00785165020682164 0.00559801834505733 0.0160181910029249 0.0266159164957949 0.0287571967680493 0.0453112190802077 0.0306119252139805 0.0410680856516556 0.0167109300208983 0.0183709256722944 0.0273721503274145 0.0393340432398023 0.0207911382704524 0.0302463087070907 0.0150258486910863 0.0188142829374154 0.0133860841713032 0.014960774267006 0.0173872226930995 0.0242455539270296 0.0050467326846427
0.0471719377521598 0.0368623012465983 0 0.0436239319474887 0.0176192725451786 0.0128665824772199 0.0598534146352668 0.0453767302403134 0.033122670119335 0.0284969234107704 0.0308982768603443 0.0364851880613585 0.0367579162255717 0.0401024828633468 0.0370363439370704 0.0436229636962158 0.0282294430448063 0.029858007441227 0.0332786208077187 0.0275413072576806 0.00631406243486971 0.00585778658831515 0.0536405085585904 0.0408990835790519 0.0178873712766783 0.0143011946838485 0.0194520290773919 0.0328875355028596 0.0289621013316506 0.0311827135144861 0.0531319706629349 0.0390191313101887 0.0429071258109511 0.0386956222882312 0.0166790060639621 0.00929431468890029 0.01336916831949 0.0105616312467945 0.0132226233680677 0.0214871254781622 0.0403957613596256 0.0282960817882912 0.036083250783853 0.0340595570772101 0.0314357781223919 0.0334884173152083 0.0449473733634599 0.0449923593116401 0.0239988818211695 0.0228347990901245 0.047075354680474 0.0368320664846806 0.038711416086842 0.0333972496398808 0.058116481529869 0.0427964320117666 0.041901333775178 0.0403589634439999 0.0798680331441857 0.0536581692831879 0.0370562799640126 0.0351953595737366 0.0347190156701173 0.0258894643013391 0.0293750099498768 0.0269181323439336 0.0200365041367747 0.0246371043672903 0.00249420604775286 0.0158799309212327 0.0196392561449213 0.0309502420894288 0.027489661086941 0.0267592164274162 0.034292909285504 0.0266406511643421 0.0142719588747372 0.0197369349850362 0.0388845232418398 0.0423004858003673 0.0232893193431083 0.0277470905809431 0.022685772718077 0.0234279614136485 0.0168435951620833 0.0192567692220666 0.0215751346270337 0.0230680940809664 0.0119793629120951
0.0433760122358596 0.0380865256998474 0.0436239319474887 0 0.0134490827093171 0.0162882314127796 0.0468965611168833 0.0455048050151826 0.0239335516659181 0.0260431416176785 0.0322860782732555 0.0369684061756102 0.0301968412414018 0.0344216140379123 0.0256080997134952 0.0402323551137375 0.0273028179432489 0.03521337580951 0.0307981414259744 0.0267064729037871 0.00792700530526345 0.00541004694757881 0.0366846100647541 0.0361805599955486 0.013823269131724 0.0136453135254836 0.0195659451923312 0.0351656657382635 0.0252125754540429 0.030416362481803 0.0430266972410871 0.0369249503122575 0.032672529018323 0.0393871585268843 0.0142746053603871 0.0116798318455564 0.013420870399873 0.0107564331157053 0.00984937906129668 0.0165584881078305 0.0359004184623962 0.0297094624178383 0.0354619248311931 0.0345794402906028 0.0273945679373052 0.0297503477916969 0.0364832418162109 0.0397334836475844 0.020769155826696 0.0214149877172372 0.0420374229617354 0.0403702396945541 0.0336399601839977 0.0342616401575479 0.0505375827603977 0.0503170206544816 0.0330206425653646 0.0439121631520404 0.0580389588700555 0.0595342526588919 0.0368036114340474 0.0378684149274253 0.0296562014051249 0.0231807551142086 0.0238016835273064 0.025235948345211 0.0185963789999144 0.0254585524425753 -0.00548239958455665 0.0153466028169403 0.0144581240636338 0.0261230868266027 0.0230333380472015 0.0339491181058634 0.0280041497790007 0.0285612133703768 0.0123186473522912 0.0163715748755913 0.0276760906101665 0.0402145142888961 0.0198359322260262 0.0280916722794798 0.0181962655939139 0.0184898434963723 0.0115080820756861 0.017004083542411 0.0179552706065558 0.0208849414728705 0.00855864858049318
0.0193864012948967 0.0105907817980546 0.0176192725451786 0.0134490827093171 0 0.00759171913381306 0.0216877515649782 0.0165035872941377 0.0159829007565436 0.0147243602018988 0.0177715400008951 0.00977870540413603 0.0173992515799931 0.00827229611383225 0.0165867668624871 0.0174626458813768 0.00906915142277208 0.00757629104367783 0.0150636374775291 0.00989470438142258 0.00365297924099338 0.00162867139608465 0.0176968890457587 0.0114832666977742 0.00773790211152004 0.00442626007372135 0.00749647781509023 0.0116434420509777 0.0100896164382323 0.0100533936273593 0.0186614596844338 0.0124784413183179 0.0115644931667571 0.0129029192925322 0.00471696786734701 0.00341946756036115 0.00431621359956292 0.00376728916095448 0.00596010460764758 0.00910063317781605 0.0179553191384279 0.0142628185788042 0.0185470515710559 0.0169002838891394 0.0137354459896031 0.0155655807706764 0.0199394105509362 0.019275547821032 0.00909141700634967 0.00887151930110101 0.0163989475353918 0.00863537970537123 0.0155182235017384 0.0128342992307479 0.0228925384741947 0.0138580121929532 0.0140277479210796 0.012215057764864 0.0225230206797181 0.0168215947048543 0.0124795528106584 0.0118605246007195 0.0113253194990681 0.00850537768527644 0.0126525578872639 0.0109278510919806 0.00504372876105429 0.00755961221005297 -0.00196715758475641 0.0133823399441521 0.0055171151343201 0.012824395117968 0.00834117183379354 0.00968928544436513 0.0107604004361309 0.00659973078310603 0.00275203307749775 0.00322859363014443 0.0137920661282357 0.0130732422905042 0.0102849424906468 0.00978944518169957 0.0108787237158806 0.013477235584548 0.00548251006714243 0.00887630741748856 0.00753163705154963 0.0109268305673547 0.00526121923309959
0.0188740517267266 0.0127143934753521 0.0128665824772199 0.0162882314127796 0.00759171913381306 0 0.016136465973248 0.0197406233995638 0.0101857762743284 0.0142592176581577 0.0181968872250095 0.0145797876463718 0.0129619788084062 0.00987133994584122 0.00940122986761478 0.0198491700741454 0.00514369936496434 0.000755047200060995 0.0148047562599671 0.016070340119103 0.00653125996819498 0.0065032283722546 0.0119774159650311 0.014898581646153 0.00626781595076369 0.0102076674917558 0.00843541967656675 0.014022677148989 0.00870316052456243 0.0147997894540059 0.0230837210782465 0.0214801943050679 0.0156774126597025 0.0166061291744294 0.00698932440280778 0.00170626056806533 0.00249121199838557 0.0020147083617315 0.00909057302486554 0.0123823533281795 0.00896319440628433 0.0050889203727505 0.0210518443330347 0.0167110808377064 0.00786375483272085 0.0140202447166033 0.0154279826835299 0.0115744774569922 0.00972470089190932 0.0100632182567484 0.0164973746492931 0.00455980813747919 0.0128332600521408 0.00469098961588479 0.0258219670290328 0.0181758263517256 0.0128458209568387 0.0121818702582691 0.0174093724576353 0.0208280634324599 0.0101222138633711 0.00912103475562767 0.0164058748109073 0.0147591675408121 0.010202474486973 0.0121950125517823 0.0020045905812731 0.00978997803434318 0.00205698482217931 0.0267206727497938 0.0126615039903771 0.0209870734914894 0.00517750757170683 0.0108052122828139 0.0128311797430894 -0.00148866764235852 -0.0018463996152794 0.000841521881582965 0.00906940567669097 0.00962747853122828 0.00904572839327429 0.00715966511623212 0.0102514134708869 0.00711041422941331 0.00479562927217094 0.0135104609715959 0.00835773978416179 0.0043046487157705 0.00880146014531673
0.0589544458778591 0.0433892899150192 0.0598534146352668 0.0468965611168833 0.0216877515649782 0.016136465973248 0 0.0585590897855563 0.0394562629281282 0.0364542883363699 0.045675551349362 0.0450417156577238 0.0482777433012221 0.0450386063661118 0.0397778680340755 0.0441384288351038 0.0313827108103235 0.0350181988496747 0.0408138893162988 0.0312966424841668 0.00775204280243276 0.00492430122970899 0.0517840121694794 0.0385361134860353 0.0162052713770556 0.0101963503795353 0.0249158024818609 0.0403113621935949 0.0324495087353549 0.0320490117746223 0.0583545732837825 0.0442060522533665 0.0441819986867716 0.0436057584381134 0.0160246963808936 0.0107778945782517 0.0139028834201394 0.0116284558028851 0.0147706586687851 0.0241859316563182 0.0569596399535421 0.0435076510719747 0.0562331062442158 0.0527419404798053 0.0424991378576797 0.0470269123620205 0.059326245572351 0.0599017755261995 0.0276197316046428 0.0273551435015498 0.0538249022492363 0.0418032317386375 0.0507252288053788 0.042899569920319 0.069972910720252 0.0556677806989341 0.0503911012790614 0.0525945761338974 0.0743790981623176 0.0631852201747978 0.0455676230350881 0.0477881633784061 0.0366342692805182 0.027321470818946 0.0339840876564843 0.0320502003917434 0.0232116217584432 0.0268656645390984 -0.00146982598348572 0.0199042916108793 0.0243726556019561 0.0355789811364662 0.0297522569586306 0.0333707789790615 0.0386480044369813 0.0302033573884936 0.0130600910275965 0.0165780072153884 0.0435589014534281 0.0464414236967326 0.0304731744134689 0.0347823270752017 0.0315458021726486 0.0346632040440164 0.0201294531802371 0.0248153741516564 0.0262667295540201 0.0321333476916814 0.0145698350563734
0.0510859619319699 0.0440395475882394 0.0453767302403134 0.0455048050151826 0.0165035872941377 0.0197406233995638 0.0585590897855563 0 0.0319301209078293 0.0370349856344537 0.043260598284009 0.0525116702480212 0.0396585916241501 0.049465883319203 0.0293358222311733 0.0464683375665368 0.0301462257271693 0.0416192729842633 0.0367164381283802 0.0305020002640033 0.00679397626640909 0.00287454214418588 0.0396495176605176 0.0373063745716874 0.0108217145099405 0.00935223733287764 0.0243525915762874 0.0426453981443217 0.0274596649964803 0.0304457731118749 0.0480075013364027 0.0424452165624832 0.0333628234978213 0.0380492563757963 0.0114070628752521 0.0128957664754747 0.0132371422561228 0.0114899811717709 0.00942984395480199 0.018653044198264 0.0487832983237217 0.0413905571473934 0.0533759767452221 0.0515375562357744 0.0377663168485526 0.0418322603489831 0.0495762210040407 0.0552224575447414 0.0239660458722705 0.0262722880280872 0.0478049418164686 0.044979599080479 0.0454112142868681 0.0429158861545915 0.0591291507561686 0.0698172386369131 0.0432734534377003 0.0612199037141328 0.0510878726233127 0.0694672222667454 0.0405308073831022 0.0452708471673208 0.0319811876979388 0.0243917695081143 0.0276474181827403 0.030585120506054 0.0228394485839561 0.0271365577975304 0.001668687958354 0.0146317151114541 0.0206128620309161 0.0275555108963339 0.0272273468575413 0.0378123671302063 0.0342187905109301 0.0364464882162931 0.0118998477466431 0.0173759673121838 0.0320238932742869 0.0465027900242983 0.0255730657043593 0.0376007325036144 0.0271787296200983 0.0267711949899001 0.015361228695977 0.020871440257378 0.0232488259507873 0.028504434215233 0.0102409031807757
0.0345567732992263 0.0229014459774364 0.033122670119335 0.0239335516659181 0.0159829007565436 0.0101857762743284 0.0394562629281282 0.0319301209078293 0 0.0297059073400808 0.0300734402883403 0.0210451055049152 0.0294306994803901 0.0192508894163796 0.0284775570073627 0.02538709508683 0.0148538750402921 0.0149481732398796 0.024300068280611 0.0151001225155739 0.00576419201662139 0.000219499224964061 0.0313777412717964 0.0185245803444177 0.0126528328741093 0.00801888228883918 0.010617945256981 0.0167046082600692 0.0160240435934659 0.0139402520168181 0.0339437007164249 0.0222699353052307 0.0239596541030237 0.0211080325425045 0.01030252719234 0.00512328669781959 0.00693317138948708 0.00641604465529466 0.0127300600629175 0.0166261727772617 0.0311888728311274 0.0263007411670668 0.0304899365792874 0.0308710983887818 0.023747144881941 0.0293987669096878 0.0360874735375481 0.0339450858081275 0.0175711817215487 0.0163580154012016 0.0313533656559071 0.0199468484374027 0.0337256183916348 0.0241510393857434 0.0450269325850245 0.0254902837222753 0.0223176550358921 0.0203341272736438 0.0426982622062185 0.0302623392420683 0.0210018374362977 0.020089548509475 0.0208890672527153 0.0129978444472883 0.0212104476461753 0.0206230450652795 0.00860483534309148 0.0151582885446617 -0.0025875339175351 0.0131060369150891 0.0165010204680727 0.0208990524025697 0.00972633152004987 0.0131046993346091 0.0174823130598382 0.00744605759264742 0.00596991325171231 0.00673058499835674 0.0270550432928244 0.0212702792421584 0.0221184112640551 0.0187879225768766 0.0271028727053273 0.0318239175194412 0.0123193938193462 0.0189786346909347 0.0161251872309462 0.0214110222604624 0.00983954575801005
0.0304325174744531 0.022261729513552 0.0284969234107704 0.0260431416176785 0.0147243602018988 0.0142592176581577 0.0364542883363699 0.0370349856344537 0.0297059073400808 0 0.0284457116308412 0.0241708797886125 0.0267767201187744 0.0223690540679498 0.0225283418708946 0.0316713916463167 0.013399063185748 0.0162320348314089 0.0216803881066274 0.0158306962724014 0.00545801189610483 0.00177728588029565 0.0263656778786781 0.0211472846903032 0.00967064552267275 0.00736470321770593 0.0115127415908919 0.0191522633362488 0.0162382423191438 0.0165557661890246 0.0296080323524382 0.0222414948444203 0.0230122069914713 0.0218344124155791 0.0088165773898751 0.00534548152367178 0.00772559138367685 0.00599289284647391 0.00995396836573867 0.0144597977803263 0.028426274912449 0.0222322352732787 0.028628365637848 0.0283261335848987 0.022694502811761 0.0257737271743352 0.0294940362925383 0.0307371913944767 0.0142061330056326 0.015785237922693 0.0260101410974755 0.0200864661741933 0.0280971675221018 0.0221275203727569 0.0400763711287577 0.0334773834687939 0.0185345269665406 0.0245656394756756 0.0358636326213627 0.0365975352730142 0.0218063052207075 0.0209752182272579 0.0176588136793236 0.0127620899182473 0.0220079327724996 0.0213119851432823 0.0118015395589886 0.0150546171629539 0.00512183582660067 0.014032043028762 0.0116747949225507 0.0199751515697947 0.0101616907058258 0.0135680304120961 0.0156547135334297 0.0118708391725549 0.00318240774706677 0.00787189211715949 0.0198519124931217 0.0244254459972759 0.0175966088947533 0.0220085077151574 0.0240634599753051 0.0242304250980189 0.0119232387762441 0.0148630815673339 0.0159154411312333 0.0196768827978453 0.00833926165911148
0.0615244920298741 0.0420090312216156 0.0308982768603443 0.0322860782732555 0.0177715400008951 0.0181968872250095 0.045675551349362 0.043260598284009 0.0300734402883403 0.0284457116308412 0 0.0369025696693145 0.0597506790883512 0.024903096547107 0.0372728310273873 0.0287943593851999 0.0336634898503306 0.0419842135592477 0.0434656257087926 0.0278514233392675 0.00980056316362914 -0.00172724884780567 0.0298694200731103 0.022515000934868 0.0125140226561169 0.00592762994952835 0.0272650743329958 0.0370081302619979 0.0240905993217919 0.0203412589278764 0.0362340292598225 0.0283139185197614 0.00769072598789148 0.0291263113247949 0.00811381271222263 0.0118948902816517 0.0120476943557636 0.0108384224046316 0.0129209423753159 0.0143814537612633 0.0401412875731444 0.0376956215417012 0.0485229966785076 0.0483806047135053 0.0324009528694012 0.037147321559315 0.0443640757347758 0.0413291009457217 0.0244359836518944 0.0217490755397928 0.0495364102828928 0.0395402099734981 0.0480440040558491 0.044068923020463 0.0550217051729553 0.0476515934864193 0.0446029216495778 0.0478515036582147 0.024566383920018 0.0471774536825655 0.0273174671570135 0.0303030947766323 0.0283840448269117 0.0208516483735747 0.0224950827740691 0.0194578965977606 0.017588032859358 0.0222172669652334 -0.0136076831770584 0.0216333948096689 0.00619645385775312 0.0254757711074845 0.0221317739190184 0.0417859757778868 0.0255763580207301 0.0281353974186153 0.012578668889739 0.00380996675291761 0.0301570663786122 0.0332720134274568 0.0279006378924513 0.0292876638445651 0.0161495106051933 0.0215766808879745 0.008062634832598 0.0227017128363278 0.0198674698083298 0.0258238846260122 0.00623051619075007
0.0440952559226924 0.0459509242845655 0.0364851880613585 0.0369684061756102 0.00977870540413603 0.0145797876463718 0.0450417156577238 0.0525116702480212 0.0210451055049152 0.0241708797886125 0.0369025696693145 0 0.0306689021686184 0.0572814973625354 0.0175895072609942 0.0358342974484918 0.0318688561197243 0.0462882159226287 0.0310050348135556 0.0291848030653097 0.00262421589551794 9.87476377555648e-05 0.0312405473390668 0.0341767509314801 0.00279006047366817 0.0050677437460089 0.0254121391676241 0.0470606594322029 0.0191769222782524 0.0260302446456078 0.0394411224774348 0.0401196168590643 0.0182050797316068 0.0218278904581184 0.00917262063966974 0.0105182237478108 0.00871827473151193 0.00999580213154806 0.00377006715117339 0.0145725695066964 0.0342437104134562 0.0279321991715281 0.0391109315626769 0.036754442195594 0.0285062940391888 0.0269252306032257 0.0313068105868318 0.0352355233184969 0.0167976652499554 0.0191322522073163 0.0452255168108063 0.0492912112890324 0.0353419081283581 0.0378909369916668 0.0476150792706458 0.0664129934894915 0.0416134810711676 0.0617903335497942 0.0322092253688747 0.0551867065551533 0.0278294407476347 0.0316187943933192 0.0317634028176442 0.027624285769178 0.0172491360927884 0.0227624356241594 0.0205440294073559 0.0250014473197922 0.00134010174464341 0.00832019438903786 0.0220031262481575 0.0231941271637702 0.0283249939255693 0.0317632614978592 0.0347611271509454 0.036021923231993 0.0112173411667831 0.0172425558337819 0.023007746770009 0.0402076062447227 0.0180604272873193 0.0301041073348418 0.00912862740589321 0.00663111113591463 0.0119190770737352 0.0123017779736056 0.0160384079577426 0.0169350500052497 0.0050943205007752
0.0541028539140922 0.0369058731431613 0.0367579162255717 0.0301968412414018 0.0173992515799931 0.0129619788084062 0.0482777433012221 0.0396585916241501 0.0294306994803901 0.0267767201187744 0.0597506790883512 0.0306689021686184 0 0.0362487894087304 0.044192662735939 0.0333644331265581 0.0315007322846574 0.0407156553133688 0.0401494927207662 0.0255203800613597 0.0104696331825393 0.000664869558892744 0.0408878040192643 0.0250926567477573 0.0155113628363656 0.00792952431373268 0.0255417628462367 0.0340784510066511 0.0261369557523291 0.0199788417507668 0.0399542370628609 0.0276491871117982 0.0182071480697083 0.0291682230006168 0.0116961933891745 0.0130901285584113 0.0138557121935042 0.0113624687876777 0.0129127935563962 0.0124648824488289 0.0458915640895014 0.0405862223392346 0.0485829659284272 0.0478088283199071 0.0372001931231709 0.0370290093542292 0.0500048139137578 0.0475865896561805 0.026254977776015 0.0232008929124265 0.047187414801765 0.0392870132993802 0.0436145268861548 0.038486920287785 0.0505506763130731 0.03711582151667 0.0462146801426461 0.0400021348989682 0.0455584645363655 0.041874041421802 0.0313975466463535 0.0297295004471084 0.0317774118401964 0.0257398361163595 0.0257604688750187 0.0217030447477646 0.019529870737983 0.0205668672076036 -0.010170671632139 0.0085763904537913 0.00968427380738785 0.0231862241672812 0.025925136078893 0.0396120282900759 0.0301369813122662 0.0339789222642982 0.0190948439142585 0.0142876433445809 0.0386992173985591 0.0354895820500047 0.027465275916893 0.027697044742086 0.0153123936766349 0.0237374895727319 0.0110846432568865 0.0181095195542303 0.0191108533007092 0.0276809624843039 0.00638471550547858
0.0366025254860035 0.042948230231846 0.0401024828633468 0.0344216140379123 0.00827229611383225 0.00987133994584122 0.0450386063661118 0.049465883319203 0.0192508894163796 0.0223690540679498 0.024903096547107 0.0572814973625354 0.0362487894087304 0 0.0266918727589596 0.0437609108907269 0.0314482527151091 0.0504793253403172 0.0274978930389067 0.0273277949458733 0.00139832193990342 -0.00123961446010498 0.0395525987307554 0.0364131822519682 0.00497412250916395 0.00552697141281492 0.0228966395045963 0.042168405618592 0.0197955641786215 0.0239802929029176 0.0354225117101176 0.0353145392014607 0.0204147080957078 0.0204119337082755 0.00874595139604458 0.0108155806507359 0.00940187446776065 0.00979176395273534 0.00238537616460432 0.00951708809307347 0.0355299191167169 0.0304519624572161 0.0371246596742448 0.0363863255324967 0.0303706989480601 0.0259004318792181 0.0358259317329635 0.0425550170748837 0.0165607088461112 0.01931419403383 0.0418826818620519 0.0509814367288271 0.0311562385430506 0.0338004082545498 0.0378811428231304 0.0608070875449924 0.0447460099095034 0.0583961430170019 0.0395254369400403 0.0512250251768188 0.0269813953205885 0.0289615521902837 0.030672771864949 0.0254633424271491 0.0168535556038153 0.0221987693268709 0.02287761246577 0.0213266446984503 0.0034246040605752 -0.0111198388434178 0.0189641387342959 0.0152487738751138 0.0328761618812319 0.0292277444197212 0.03457630752086 0.0456013939739503 0.0190816194652506 0.0269456714725324 0.0285513926711074 0.0422802513115112 0.0168158291727065 0.0323719190335789 0.0107873210786963 0.00980655300274355 0.0130183123098938 0.00732723115621064 0.0156764819310053 0.0192676271384733 0.00299235244068896
0.0392657546371416 0.0272536090430587 0.0370363439370704 0.0256080997134952 0.0165867668624871 0.00940122986761478 0.0397778680340755 0.0293358222311733 0.0284775570073627 0.0225283418708946 0.0372728310273873 0.0175895072609942 0.044192662735939 0.0266918727589596 0 0.0340561281386758 0.0242691158794424 0.0280857181375144 0.0304351366043439 0.019773699279155 0.00714684514155969 -0.000236914162552895 0.0412616359398877 0.0230322311584478 0.0174734401568179 0.00955366949632888 0.0167315019051487 0.0221903052708157 0.0228609109674359 0.0175771768884765 0.0323009812643608 0.019947964248499 0.0173135353460322 0.0223928817716964 0.00859728835615212 0.00983335694419332 0.0106929498824867 0.00899398286230388 0.0117746183492329 0.0114649184419518 0.0349312960303151 0.0313516638030422 0.0336876995996018 0.0342990342961247 0.0287945835691671 0.0299789444975429 0.04068711429999 0.0410915378309953 0.0204181367951992 0.0188450476445349 0.0373744502489537 0.0292496440299145 0.0325892595066004 0.0291060220985609 0.0377815094318368 0.0264090694069293 0.0355842129688007 0.0276202035684905 0.0451826032160492 0.0306480060056113 0.021659555216404 0.0192254511443641 0.0236192140570895 0.017418773398309 0.023152519758966 0.0193524717915822 0.0155433892032069 0.0155338188091076 -0.0075735863431139 0.00375995578598956 0.00642504088147749 0.0157973106799938 0.0192920217319446 0.0239993252910885 0.0215952753064482 0.0238810482897647 0.0165168453617023 0.0144535601013139 0.032915102605887 0.0280472594943555 0.0204204496383601 0.0220289953555982 0.0176395171552327 0.0254159843865557 0.00982513959773776 0.0140831173499551 0.0157770655561022 0.0228021329461223 0.00602345659255109
0.038435040776726 0.0329756691432622 0.0436229636962158 0.0402323551137375 0.0174626458813768 0.0198491700741454 0.0441384288351038 0.0464683375665368 0.02538709508683 0.0316713916463167 0.0287943593851999 0.0358342974484918 0.0333644331265581 0.0437609108907269 0.0340561281386758 0 0.0267685096125125 0.0350625777200499 0.0308450287017057 0.0265925446870744 0.0068715756559417 0.00442837267858662 0.0455130344836331 0.0418663587889591 0.0165025618915755 0.0157757742499684 0.0191095454751621 0.0370322217476646 0.0259636317860797 0.0324586417729562 0.0406512422711147 0.0343348162756874 0.0301863971775848 0.0343344984117513 0.0119951628569531 0.0140789551299925 0.0142177557263459 0.0107159566925837 0.011445627012557 0.0130780160953896 0.0353258646298346 0.0293638532034208 0.0335636579688977 0.0308945617344673 0.0278252104710583 0.0280280071685932 0.0366219493208577 0.0428988598601178 0.019722372228366 0.0216721566820258 0.0390377196769957 0.0366643984669279 0.0294781827677464 0.0293852766593099 0.0449978661990054 0.0548755125224044 0.0357856646425188 0.0453243043045358 0.0588158030384003 0.0600754084812288 0.0317071554706592 0.0299017688147427 0.0283910284787905 0.0213277423566683 0.0251008845330309 0.0243593987105547 0.0197590521329113 0.0237302149785651 0.00643063285517558 0.011344632039667 0.00968325150003252 0.0221166234757008 0.0274464243255593 0.0338002013181301 0.0278018631003962 0.0359450779200243 0.015431892341257 0.0216417545717182 0.0288837082095396 0.0433732253932505 0.017861051436568 0.030609746006132 0.0164653816543917 0.0177396806562839 0.00902692795263543 0.0126718224113635 0.0159436252119222 0.0225908833772523 0.00740265641516467
0.0382949723031523 0.0371814653218369 0.0282294430448063 0.0273028179432489 0.00906915142277208 0.00514369936496434 0.0313827108103235 0.0301462257271693 0.0148538750402921 0.013399063185748 0.0336634898503306 0.0318688561197243 0.0315007322846574 0.0314482527151091 0.0242691158794424 0.0267685096125125 0 0.0572248488040212 0.0273142974684918 0.0207936354098902 0.00594045143948888 -0.00561517976718664 0.0269706207293614 0.0219205085841014 0.00769729174434069 0.00217103310918101 0.0227312374403176 0.0407690631517599 0.0209673522805248 0.0201389943332556 0.0243402339905051 0.0212049296705391 0.00279812369813895 0.0176938747265511 0.00660886030361292 0.0154857053778581 0.0117974255113574 0.0118257417228953 0.00102927059917433 0.00435953778349236 0.0390967708290943 0.038776681837858 0.0356715907545109 0.0370025322746868 0.0313474913231467 0.0242075758291693 0.0261860318151718 0.0362719279558545 0.0154354583969496 0.0131218871275622 0.0419048442865022 0.0501689888726253 0.0271098444135735 0.0355228483611511 0.0263378401944098 0.0405978973408688 0.0364145615084495 0.0480288500452783 0.0257448374598566 0.0334791501191649 0.023407751669879 0.0250810139791343 0.02358322610222 0.0193879211290257 0.0169439499860858 0.0169134776218391 0.0223768999365832 0.0215025534277002 -0.0157918415472218 -0.00593052955021163 0.000733487008954374 0.0121481878796153 0.030740916572019 0.0401117418659416 0.0262109842253445 0.0438773006607135 0.0179356903173483 0.015902188297397 0.0186089290593366 0.0339298632371144 0.0119954831097466 0.0216123521867079 0.000138689174815924 0.00601287646406375 0.00690214354780328 0.00309334900305535 0.00790721419988936 0.0179897421908145 -0.00244948290544971
0.0420053702095055 0.0598597255452637 0.029858007441227 0.03521337580951 0.00757629104367783 0.000755047200060995 0.0350181988496747 0.0416192729842633 0.0149481732398796 0.0162320348314089 0.0419842135592477 0.0462882159226287 0.0407156553133688 0.0504793253403172 0.0280857181375144 0.0350625777200499 0.0572248488040212 0 0.0312628229399015 0.0192483939584436 0.00726715078703095 -0.0136805997509908 0.0298828419845058 0.0226150163688594 0.00705806959621251 -0.00405653046748163 0.0300594504492143 0.057581579600676 0.0264086861119215 0.0210001150103968 0.0117432652845687 0.0153331760029782 -0.012445469573989 0.0195371045035387 0.0046096900713039 0.0329562972991431 0.019890127769535 0.0191525989003475 -0.0101979947278165 -0.0100177200767185 0.0541487854311756 0.0631873887344939 0.0410957387160999 0.0498827865532999 0.0405126180891246 0.0275963444838069 0.0271685156365553 0.0537536677013374 0.0169456812058009 0.0152785350930135 0.0488375637946796 0.0905727668137187 0.0336858849655321 0.0634233488018431 0.0194748247682286 0.0667230368445978 0.0439018515854126 0.0773344984788944 0.0184409394808795 0.0500729950407801 0.0340388623248284 0.0390808747662502 0.0160622958873469 0.00975751252216825 0.0135380156715 0.0236064960651899 0.0345709073338384 0.0304108449009777 -0.0185477786682172 -0.0386167110932911 -0.0135198339293748 -0.00329514264767047 0.043952194995451 0.0715603064148559 0.0230204002507807 0.0853294845073898 0.0349379539075559 0.0288839312428802 0.0178872589802335 0.0527502716190429 0.0146346272170151 0.0392443276327406 -0.00216112725560314 0.0114536774676358 0.00201556047413876 -0.00792294934220365 0.00623304480105152 0.0278276923270093 -0.016309169867438
0.0479587399189255 0.0354293811146251 0.0332786208077187 0.0307981414259744 0.0150636374775291 0.0148047562599671 0.0408138893162988 0.0367164381283802 0.024300068280611 0.0216803881066274 0.0434656257087926 0.0310050348135556 0.0401494927207662 0.0274978930389067 0.0304351366043439 0.0308450287017057 0.0273142974684918 0.0312628229399015 0 0.0280021585240214 0.00839585853796426 0.00240058345467472 0.031661106880966 0.025007977684496 0.0125719111230992 0.00948517442845978 0.0202874710216135 0.0334675793080733 0.0209271053129716 0.0219633521977589 0.0407937438321682 0.032451620397274 0.0202024967466344 0.0262181499844206 0.00990101034753251 0.00788727041313426 0.00921672284053041 0.00831967091512801 0.0118285016616787 0.0185669192468203 0.0360855836294213 0.0306434229660906 0.0417803308821128 0.0410300611799451 0.028506092219935 0.0321153780321449 0.0387718571752673 0.0389266022777748 0.0208718469598994 0.0205831051928445 0.0444521249380043 0.0332843317467759 0.0359845058584066 0.0329222193474439 0.0459924346688911 0.0365102209632895 0.0388473987701305 0.0369625297511702 0.0379331544767909 0.0380707999258172 0.0261480218544312 0.025367102681841 0.0312076033350179 0.0260574147040364 0.0230706390044419 0.0216060870278186 0.0150910918545088 0.021095748115541 -0.00416877797661148 0.0222817712022428 0.0147837953061462 0.0265984212604596 0.0204889070379414 0.0317380400548122 0.0281398936323139 0.0224326408634391 0.0106917868814075 0.0103281772116906 0.0293005482331601 0.0304309276318524 0.0213762548352547 0.0221207139645701 0.0146090207841532 0.0187159245814544 0.0106505887519592 0.0196835897005176 0.0162806491209758 0.0206754569511994 0.00953407565359692
0.0366837712173749 0.0291236669300101 0.0275413072576806 0.0267064729037871 0.00989470438142258 0.016070340119103 0.0312966424841668 0.0305020002640033 0.0151001225155739 0.0158306962724014 0.0278514233392675 0.0291848030653097 0.0255203800613597 0.0273277949458733 0.019773699279155 0.0265925446870744 0.0207936354098902 0.0192483939584436 0.0280021585240214 0 0.0065418194977543 0.00444157587934019 0.0244256915485786 0.0246486507969755 0.00865465348724651 0.0104200548608628 0.0172656728126374 0.0296327693720092 0.0155861359372661 0.0218403766489325 0.038657624413614 0.0339988835819429 0.0214513920396783 0.020876041917541 0.0088323683457348 -5.37678430208734e-05 0.00412613053723676 0.0045725773073621 0.0105557721183739 0.0212814429889266 0.0215431974833544 0.0136560921366853 0.0340388352560061 0.0304372637245019 0.0195871424328032 0.0230024393297168 0.0282967177878416 0.0243323905313071 0.0156390691523055 0.016075201321361 0.03694957503688 0.0222952105718118 0.0248988586670381 0.0158262138151004 0.036742602328279 0.0262539981229803 0.0317637613224791 0.0295081979005772 0.0280119727941172 0.0270353621883005 0.0172523641432788 0.0164051858524272 0.0347756143542369 0.0329861996165814 0.0174899531263723 0.0168292431872466 0.0100409245158807 0.0166661733578486 -0.00332239098664996 0.0249425614543034 0.0205281882143337 0.0294417920442866 0.0161030835128642 0.0174905184661744 0.0285348862496179 0.00999514720717552 0.00400955093825122 0.00788721466124394 0.0215960557365597 0.0218876566430226 0.0145587891022808 0.0143191327030273 0.00970355902860473 0.00694404071979622 0.0108720445842641 0.017137795374223 0.0138688375208374 0.00887753171211993 0.0109046017039393
0.0115535230667964 0.00836779637651375 0.00631406243486971 0.00792700530526345 0.00365297924099338 0.00653125996819498 0.00775204280243276 0.00679397626640909 0.00576419201662139 0.00545801189610483 0.00980056316362914 0.00262421589551794 0.0104696331825393 0.00139832193990342 0.00714684514155969 0.0068715756559417 0.00594045143948888 0.00726715078703095 0.00839585853796426 0.0065418194977543 0 0.00319484598702437 0.0068639808135154 0.00423040919012028 0.00568541894561772 0.00537890991461616 0.00512197465758983 0.00834906604082854 0.0068471937388579 0.00569634160561704 0.0114649862179364 0.00771308552802747 0.00635295709565656 0.0106957808464218 0.00519418927946447 0.00481736776153834 0.00355650381561969 0.0035482604172883 0.00543874662900194 0.00465035175805347 0.0111229539305371 0.00984085322793921 0.0109130425245021 0.0114766648009849 0.00740114073043181 0.00949884308220557 0.0075726308744004 0.00619141995513688 0.00646208711557598 0.00611986730228091 0.00961299640768904 0.00874798697430128 0.00924543963767856 0.00735215835361583 0.0123087929105171 0.00426056837033864 0.00715508646223113 0.00385980417254279 0.010928428410702 0.00612144743412058 0.00859381649006228 0.00712311991436599 0.00973730493628269 0.00770404154403008 0.00610322666656781 0.00690115337843914 0.00196675919834146 0.00573626057577459 -0.0042273602041564 0.00638608036614789 0.00323595955417217 0.0102979387320686 0.00373568157400387 0.0118556650400286 0.00576824191311374 0.00406182731152952 0.00298309168620898 0.00254556707989204 0.00741705623256703 0.00570225276627406 0.00673448572784655 0.00340454022549123 0.00509351089294206 0.00659172225544581 0.00217727390244466 0.00666267036526798 0.00470627203525972 0.00629962945022337 0.00437929693053201
0.00424823688487527 0.00021416492337566 0.00585778658831515 0.00541004694757881 0.00162867139608465 0.0065032283722546 0.00492430122970899 0.00287454214418588 0.000219499224964061 0.00177728588029565 -0.00172724884780567 9.87476377555648e-05 0.000664869558892744 -0.00123961446010498 -0.000236914162552895 0.00442837267858662 -0.00561517976718664 -0.0136805997509908 0.00240058345467472 0.00444157587934019 0.00319484598702437 0 0.00381614333794019 0.00532085824401223 0.00310441137127126 0.0075608812154039 0.000251533974706711 -0.000311209560823153 0.0032769628244651 0.00535138240405198 0.0127682502802223 0.0110941515239539 0.0152887926177975 0.00903825616341548 0.00498305770280482 -0.00176649259879239 0.000304936689037412 -0.00079051083313082 0.00488662435139916 0.00848565109104308 0.00199959784043553 -0.00279187788284876 0.00540928363238898 0.00198215432628897 0.000276367400974159 0.00437968447109364 0.00440971262525353 -0.00173615293411013 0.00294788472452434 0.00402260766499927 0.00250584540762561 -0.00628021090866207 0.00255940989704468 -0.00371217440056753 0.0110038040424553 -0.00321769576881977 0.000986602162799999 -0.00412181037029889 0.0156110751703899 0.00516296641324169 0.0061411946802935 0.00455400848460912 0.00689732650576895 0.00707320796283095 0.00248056108829698 0.0019232389287292 -0.00329666757210623 0.000570170501742742 0.00915160274237424 0.0177824841790671 0.00974871142582042 0.0138030761502709 -0.00268573864014513 0.00182434969956547 0.00318775816848982 -0.00949157562759778 -0.00512857223227182 -0.00126535736085543 0.00384631187282151 0.00176024441965159 0.00153098072526213 -0.00296867224141319 0.0039274214577305 0.000370579026425781 0.00327456022416466 0.00790815488499025 0.00440789988688794 0.000386845784481461 0.00821488201081393
0.0418034757883228 0.0316468322667651 0.0536405085585904 0.0366846100647541 0.0176968890457587 0.0119774159650311 0.0517840121694794 0.0396495176605176 0.0313777412717964 0.0263656778786781 0.0298694200731103 0.0312405473390668 0.0408878040192643 0.0395525987307554 0.0412616359398877 0.0455130344836331 0.0269706207293614 0.0298828419845058 0.031661106880966 0.0244256915485786 0.0068639808135154 0.00381614333794019 0 0.038533287344824 0.0186010858756846 0.0139120423022312 0.018556999215564 0.0302481882642545 0.0277695881679485 0.0279698202315288 0.0477214176213901 0.0331104839962451 0.0363917082607934 0.0338900450219605 0.0148556344008351 0.0116732190233447 0.0127650835656804 0.0107963714686832 0.013726642536435 0.0163782484494378 0.0364269041418193 0.0264920042747077 0.0323923585313577 0.0300731516657345 0.0290233905734725 0.0297360482225543 0.0410102354908741 0.041069495108055 0.0229488981821722 0.0214759793157864 0.0420945597764525 0.0329331898569213 0.0341380806696195 0.0289374697506204 0.0498510106240161 0.0386570262433112 0.0410124111570012 0.0360537985246426 0.0736050215102 0.0457920912904564 0.0317691527065439 0.0279538585036273 0.0303557926195354 0.0225146034300941 0.0263619621208294 0.023139434665822 0.0189917725146526 0.0216425515276905 0.00133421375275434 0.010987206496515 0.0150194893826845 0.0234516105229355 0.0267400371350366 0.0268852462345751 0.0314155650896474 0.0290323071013076 0.017319889068603 0.0210598680663272 0.0386744697903213 0.0395617526523851 0.0221127981353572 0.0257885778938846 0.0183331882395687 0.020762160829624 0.0126257109694696 0.0154767848349916 0.0183099395240061 0.0213188478592492 0.00920324778283543
