0 0.817535627416321 0.675307551379465 0.750607290949425 0.417196370761512 0.473825654647086 0.674689876501516 0.610898406499077 0.326772034044726 0.429413611642606 0.677036619345783 0.541036902305337 0.667269886545205 0.609001332539617 0.422548169654155 0.480848180715616 0.716869316773591 0.681382985260207 0.805357020796887 0.847138690510965 -0.0216288470761164 0.234557427496738 0.60027560190347 0.582855912328404 0.287625716064538 0.411075449605919 0.613012663035335 0.698022304705898 0.544555216009964 0.477572944687182 0.777091657926474 0.723882413033133 0.385767854223132 0.431832666560878 0.59361593572719 0.56019276417167 0.408974375575748 0.464633178448544 0.281826239657363 0.0482504044787572 0.551760214278336 0.601011466627735 0.565038700157267 0.542795641611641 0.566002850300608 0.680961606979463 0.752155488510491 0.695366003986807 0.716389816744188 0.662505466793261 0.885156371934195 0.782626137562923 0.787637972626769 0.694282194254784 0.699029839730275 0.33186525620402 0.723900916491261 0.661225267062762 0.361339112891305 0.459994297915996 0.706411938631682 0.682868099018181 0.805313500190115 0.858055900448714 0.201839701297456 0.378263063033687 0.24755356451914 0.128325682543966 0.376980017350241 0.169839877937779 0.55755780908891 0.312586943733019 0.612922351247995 0.616039104732775 0.716458424716671 0.599448325511021 0.38330877735245 0.546259500198708 0.620766041148638 0.695607682969399 0.426095404295935 0.492076157544952 0.572206543519766 0.464796345312562 0.503983037138465 0.306230890305035 0.682992103915297 0.617296356141347 0.562279044924355
0.817535627416321 0 0.578134218033516 0.682029723113649 0.451719664640377 0.374970006659441 0.54412233120466 0.509312406582701 0.147288880884669 0.407637966400322 0.546663278753374 0.407940028630158 0.510873511068834 0.595798106790634 0.33705195411096 0.398019517344719 0.805837826352652 0.86539761866934 0.835041141356743 0.917666325080994 0.0123690991603678 0.254536104367634 0.538377049431844 0.554629331819781 0.281903660740776 0.346687467011255 0.647077139339986 0.783405372001853 0.556938221708742 0.514371121199902 0.796220217279115 0.78744329746025 0.251458385069211 0.353599230093937 0.727388706999771 0.654984802539292 0.525546836273179 0.547690848023067 0.27152538427338 0.159029160385746 0.525688016713229 0.548665043725654 0.61689770201557 0.598331638175284 0.570788322173601 0.660098704285497 0.617414168447361 0.567155715454378 0.670596750258593 0.490984432977205 0.907916700746549 0.91804026335481 0.655205718503254 0.544313466892497 0.516239391491297 0.26388357109623 0.759165089108553 0.720720146795335 0.260341514607177 0.315951234929772 0.627569295403273 0.591904058274672 0.760869980024524 0.870727241289454 0.104571149079174 0.337540666475787 0.294455059675382 0.227266468420001 0.261666245662345 0.218487137256265 0.449890295726372 0.308115281160426 0.627450636482074 0.733987003124917 0.766392053542321 0.77132138774809 0.452439849311014 0.378944128333955 0.571343851788783 0.6496911074565 0.329422115714686 0.4107079105992 0.413399781325674 0.345402164704099 0.471886527259746 0.311836000067471 0.597480595746299 0.569899590240351 0.543115590955819
0.675307551379465 0.578134218033516 0 0.770823471474894 0.612975104749869 0.519079759585648 0.738445530978563 0.52765580381232 0.474566454645764 0.372032347024299 0.497836167414606 0.418382090132835 0.707788686814328 0.541614189705763 0.521908921382731 0.321699085743887 0.471930649412699 0.492894199260825 0.495462412763838 0.58090723599616 -0.168571229076528 0.246403124472886 0.849304245662311 0.700680628403299 0.302887782142341 0.397011838811 0.36638508754931 0.498666236779814 0.453686771467867 0.360143823312075 0.573459836295825 0.537077930805362 0.455395619927272 0.467599919467074 0.35476306479194 0.389134211082372 0.314038135650591 0.482287779133421 0.138552592097492 0.193215648794053 0.385081508196218 0.424913836084176 0.434435743674984 0.341304946615697 0.421892577950669 0.468327636878862 0.458540693489073 0.385913847199897 0.473589925614847 0.484133214258181 0.520946186769491 0.591087734723225 0.576934041842544 0.543833992619165 0.600630506110679 0.26725048961102 0.465864177738495 0.463758499831495 0.561063119988479 0.503076353692013 0.692325733552741 0.578611564269461 0.439889060565596 0.55879688620166 0.0304046818718446 0.199482864692441 0.219000541476972 0.126556906910031 0.411337012242461 0.182348179649677 0.353614182694288 0.126353386580246 0.34397462906163 0.474248240265498 0.431992142027514 0.592507622157257 0.35201372758591 0.484794992488535 0.678592919625883 0.589701052151583 0.526648569874852 0.501369966774445 0.427642116519872 0.319462202909766 0.291888513221949 0.328068054203994 0.451332270253943 0.376818812687845 0.450847707515903
0.750607290949425 0.682029723113649 0.770823471474894 0 0.421528506591648 0.460538015913119 0.71325065697752 0.770059805979244 0.254804006829101 0.38305277784942 0.488464730297929 0.495662130265615 0.53621018716413 0.611248258037933 0.312971277165265 0.345024204179599 0.581534954394303 0.633885414433177 0.582522693477207 0.71210630323563 -0.037667814009811 0.127972688026454 0.690941301649373 0.826856314806811 0.196012905334223 0.406378734549243 0.479507673552021 0.595816486031796 0.531672633599269 0.565628161652817 0.710903189767059 0.745488554788702 0.414617623391081 0.538741548092983 0.432653516288196 0.43606477089374 0.368170179751071 0.413378927389077 0.101613656701173 0.127567032409088 0.514662758585666 0.582124700789373 0.475409256822513 0.479458830198152 0.546425875678458 0.6227795807846 0.613368122737218 0.565637490218589 0.618239194416263 0.597745394161284 0.658193634945582 0.676425938067587 0.654582052885107 0.650723930876507 0.683814658148694 0.544547587865942 0.607168390768723 0.690432656476948 0.457947819081469 0.662573540732283 0.774286879815696 0.7954414687992 0.571005976358793 0.715980765610279 0.0355977662799009 0.271639635309256 0.137882297092422 0.0536006065670699 0.306832656042363 0.177936784384855 0.409902771468134 0.273418272513838 0.500617983636631 0.585965931936349 0.572825558435616 0.59102401335237 0.392556006598473 0.444162330319294 0.605730217249123 0.683010349772233 0.468723745994549 0.529585029247261 0.546779651581542 0.356131283477694 0.357506208751944 0.359946122544635 0.562786541671609 0.523538006450726 0.434417605604185
0.417196370761512 0.451719664640377 0.612975104749869 0.421528506591648 0 0.556906143078067 0.470385591139354 0.184256597286793 0.460361813357542 0.442330014782307 0.316206764673387 0.15359519540672 0.478001026581575 0.518338117630716 0.595587938110513 0.435893074560303 0.346127261182413 0.304906671459865 0.2749855316377 0.33106900568883 -0.107164477867808 0.450897989823808 0.624098925163592 0.439179281285254 0.564548485859186 0.540528046783274 0.136730228436531 0.303015969225301 0.227711477530554 0.165236503494264 0.321527874981188 0.29237926037589 0.314465172191849 0.409681113755948 0.41851235676923 0.249566091819221 0.25846891939683 0.509650765229487 0.126108052950296 0.134576208926186 0.178005072587945 0.201599475558416 0.332567565977427 0.180163825269387 0.171021407733904 0.247030860983776 0.286899291600563 0.213962094753114 0.402353254058868 0.206553764977381 0.3691820711922 0.474378724650692 0.396293706513599 0.335401844237695 0.340221978694734 0.0749695501143098 0.250635829616217 0.20072171669191 0.573249554547007 0.414679867400136 0.453839297279041 0.332348899684385 0.251775827844808 0.343718255730769 0.0046596968211233 0.0918227912476339 0.175501925983076 0.247992025807541 0.195079276339414 0.150102707162297 0.178717459529422 -0.00641647895434374 0.295374828538561 0.29319542869262 0.283628011807099 0.459737005841308 0.165822434037692 0.22427618833785 0.571475248983313 0.397843022735321 0.249049944100162 0.266416062554669 0.30358398755241 0.166750909100505 0.325223261171938 -0.0293544935367801 0.395740264978484 0.189977957199595 0.330435835379669
0.473825654647086 0.374970006659441 0.519079759585648 0.460538015913119 0.556906143078067 0 0.441233779924126 0.313407909488515 0.523548431602179 0.561633614074813 0.285086059830831 0.270523379323246 0.393838419043244 0.533750613257313 0.527910908810519 0.4939477126093 0.31265549354165 0.202930223571141 0.216712312657857 0.270739096082146 -0.151123265518486 0.449447336487619 0.402883999905336 0.296192126672749 0.598919938538979 0.621695436981699 0.135252010920223 0.284885243435791 0.16113994152694 0.147914616951779 0.252630096838705 0.22933944965508 0.288978170004391 0.449646065228371 0.366768415916352 0.261099517073068 0.0712242290509217 0.556994313134578 0.0595580323867762 0.0814417149681006 0.153504359986194 0.239797302418431 0.256781438791736 0.157566468471723 0.227986637366262 0.26708420267841 0.417965247262414 0.34976966888944 0.415998479744777 0.351018358058397 0.381382219570799 0.386494307553116 0.521186896385919 0.518003724367288 0.324442981532893 0.191861728474357 0.222575585495432 0.17860902510484 0.302731072026572 0.486293653216529 0.427781102518889 0.457677940075773 0.338564082631389 0.385170577598647 0.054437418466545 0.0560993263903445 0.108074755004273 0.138550668995022 0.175180826183047 0.148016058640517 0.223111521029348 -0.0710738025670058 0.25627330044828 0.179268947945136 0.258623793766814 0.242066490421586 -0.0403030724310728 0.324864437668889 0.435882336468745 0.405097800710343 0.196737430811529 0.182535721949039 0.382006490921289 0.0489309544465938 0.275834252647743 0.0249918702451061 0.432946493343658 0.159374879002 0.370514418433219
0.674689876501516 0.54412233120466 0.738445530978563 0.71325065697752 0.470385591139354 0.441233779924126 0 0.70200807189782 0.51945892465353 0.412186708855987 0.598449453361556 0.406922762014098 0.588382208894313 0.482860336802633 0.412424380606724 0.357140957606675 0.504971654669122 0.471466940324517 0.481491661749191 0.585257264610507 0.00505303179780573 0.100399381465825 0.657167529164227 0.553313851084545 0.24520935387692 0.356364544143097 0.483817677830054 0.537203140963958 0.541717624989462 0.452962426394628 0.639699240673704 0.611778423110323 0.376917780600546 0.313531692149981 0.444927293627951 0.36460674604146 0.421756818431609 0.344282865921211 0.190051783733428 -0.0199773707150978 0.501323048991634 0.53513924953264 0.52561753379492 0.442204155658439 0.437551004271243 0.4958226420695 0.53753326892543 0.467066932354219 0.500596773370581 0.393241144416113 0.532942516499248 0.505157440639082 0.671907282004913 0.573036262386358 0.762810760394013 0.458358641741701 0.489298795176626 0.548136787660689 0.388156825639869 0.403433654558161 0.685091778396953 0.598532296122369 0.427527914273234 0.619345686460706 0.232941606493949 0.40352112665037 0.319847898006979 0.245764767954285 0.433748621621947 0.23769457462345 0.545320122443135 0.351713155211227 0.375562617489671 0.477139215377766 0.463867223285665 0.398176577615924 0.310041020075693 0.373926697349545 0.408678738514521 0.447355049940333 0.492630847571226 0.4372985967236 0.621917296749713 0.58795905139125 0.525729471970998 0.404456105676979 0.596318526057819 0.620126404064023 0.516294674934633
0.610898406499077 0.509312406582701 0.52765580381232 0.770059805979244 0.184256597286793 0.313407909488515 0.70200807189782 0 0.274209335272125 0.210456381993721 0.525306857250977 0.648916223508252 0.467138093501348 0.445216811012422 0.119091417957315 0.120121212689268 0.480469833311161 0.552640487961211 0.486940241505965 0.614352622124893 -0.0197636614594121 -0.146434082645806 0.4963622580362 0.575066057271177 -0.0267071617740876 0.215341716680592 0.450027185904804 0.55237845627363 0.471071353894673 0.535470427943676 0.621122240361155 0.670554061251519 0.183880064502238 0.271848455851343 0.374125812916227 0.4260540516194 0.403237096667067 0.228003194167663 0.0530050368991602 0.0470691230176871 0.503601415808536 0.538106639000222 0.376216693586027 0.421969052464223 0.48440493289304 0.541799715655201 0.50446904515462 0.467595334563397 0.525388311952963 0.583723726279199 0.511363498872423 0.433538172568134 0.573645955773926 0.544093402038041 0.698166807105645 0.729978789333494 0.536013286707095 0.668028349997294 0.217921305164636 0.553432670384047 0.611472650946661 0.707040345920711 0.473241161129609 0.617645040225381 0.0342300057892668 0.292008603196441 0.0415467520923597 -0.0445133840688639 0.450457394778662 0.102005857043366 0.449958520313612 0.402558907268703 0.37398154618668 0.511747909724218 0.459885343072465 0.437243148498616 0.374351383599314 0.414800122309034 0.36623820854963 0.559264483531443 0.459945934225585 0.504781186205985 0.435711886208567 0.316309050056295 0.201505263119232 0.452795789371051 0.394597000912562 0.483121090356605 0.276992601162857
0.326772034044726 0.147288880884669 0.474566454645764 0.254804006829101 0.460361813357542 0.523548431602179 0.51945892465353 0.274209335272125 0 0.60484841596531 0.38532215682685 0.368197893255984 0.529936834025778 0.412367594872516 0.668989944535568 0.411721148134925 0.0867698776255454 0.0537615590224521 0.0975436305627885 0.135374888405002 -0.0886006116014737 0.241585385235754 0.44365348724045 0.221694715714457 0.528323992071941 0.502020653185733 0.132139285269539 0.17071442020431 0.208031102055171 0.0547885577009353 0.123176393460344 0.0571918723493674 0.186326292785605 0.0614172899141793 0.157257860458495 0.10250581911539 0.0411724458023901 0.301848666599526 0.021308224496571 -0.0259408312909677 -0.038883020486055 0.000134573141983089 0.110445825032711 -0.073605130550007 -0.0407711795851695 -0.0291491109305537 0.108228195038436 0.0143405214685051 0.0800713336456708 0.107128029332811 0.155276167413805 0.193212707630342 0.306001946302874 0.29788909746952 0.429568733215116 0.240850004838131 0.0850419233760529 0.117817317103846 0.320719623406474 0.318767926383453 0.238232374638251 0.191220362047865 0.115034496709357 0.132702881639893 0.152777361357366 0.0481852949186243 0.110368440676728 0.216351099890136 0.274292875495029 0.170397193831557 0.171654800862281 -0.0120062865531388 0.152533194979545 0.0428131687418378 0.0551575786485665 0.121670469229045 0.0127309186393797 0.334005538495931 0.33802183644617 0.148029303748057 0.279572061571266 0.148907501331094 0.201841169384075 0.103862494327374 0.145588320933128 -0.0977231093291025 0.208946453785817 0.00081570909835473 0.162684099352706
0.429413611642606 0.407637966400322 0.372032347024299 0.38305277784942 0.442330014782307 0.561633614074813 0.412186708855987 0.210456381993721 0.60484841596531 0 0.340129033761888 0.278224434681671 0.315561987846787 0.735280224266638 0.582662120598248 0.792574754863666 0.385576166949896 0.293123397747719 0.321930565666025 0.341567177756866 0.0985528153952668 0.493024245954514 0.35091941366516 0.411658175287075 0.733589587776602 0.69880883453248 0.373306280285912 0.413989109470993 0.391741952954952 0.333648540159612 0.357007320863238 0.296191222514514 0.31593897236692 0.218617838051294 0.401415871911726 0.228159353832567 0.0841657036744626 0.446637298875383 0.115863816139518 -0.011045463096109 0.0258261013795914 0.0678577712410213 0.291851120433118 0.125423864397654 0.0817827257952917 0.136719896368347 0.321563842727202 0.240580766293817 0.272765466199968 0.0193536884379439 0.391911277386396 0.42945546188729 0.440209216357364 0.334476304338054 0.393582863302376 0.206391689460029 0.328281204778047 0.2988488427122 0.323159867824618 0.354605523683784 0.357246949152914 0.282756842721299 0.29740700382653 0.311023365416495 0.288146851873128 0.190445615793486 0.211187909145177 0.345202512108592 0.0543766210857158 0.373604736393793 0.215715497182136 0.117002104042226 0.393374724833376 0.255066968797282 0.348867664987406 0.308767124969905 -0.058807662542058 0.326369427566369 0.394604118403069 0.26936687705046 0.0309497225780125 0.0389379772173594 0.354179993087081 0.122342798867637 0.488622096040265 -0.263135936092889 0.536551755295657 0.191356100133595 0.468916625588223
0.677036619345783 0.546663278753374 0.497836167414606 0.488464730297929 0.316206764673387 0.285086059830831 0.598449453361556 0.525306857250977 0.38532215682685 0.340129033761888 0 0.585249691004317 0.672419352913467 0.498564135529535 0.419711648420853 0.311100602322698 0.593395008037811 0.564412432739816 0.612108175538503 0.600829814672206 0.0115644341793784 0.0841789533488627 0.54777955874685 0.395970910927028 0.156041405780498 0.255152377610487 0.555770518475608 0.589296188310262 0.375563140939287 0.269750146366955 0.521081564360145 0.488847521079538 0.114372683860474 0.136938538694746 0.385289679276053 0.395317125038313 0.339925104367376 0.305262404011772 0.193496965586214 0.0509206478154211 0.299252611562088 0.314827523433993 0.300534578886223 0.234722339231705 0.239848901019465 0.314020213821879 0.365864939235679 0.299689701751157 0.364574205078222 0.4160094790698 0.542238562374953 0.470140042273287 0.437530570312013 0.317298900902276 0.641507261972033 0.274986643451188 0.63125592307055 0.598268289319492 0.2126579778631 0.232261156997393 0.395944461042524 0.374915555539478 0.43383020456773 0.504735505668298 0.150044926301784 0.319589143152171 0.200397279731974 0.110297502201733 0.385715844694396 0.179300879429065 0.357897953483433 0.153596336968584 0.439269021374102 0.450145348225681 0.493089365047952 0.445290971465604 0.332464213421098 0.390124092342198 0.410115162718263 0.459355285927569 0.315924983276995 0.314623543266954 0.243701917141422 0.261720856618465 0.22790431888179 0.22195690062528 0.340207805307676 0.362021313299063 0.264457789081939
0.541036902305337 0.407940028630158 0.418382090132835 0.495662130265615 0.15359519540672 0.270523379323246 0.406922762014098 0.648916223508252 0.368197893255984 0.278224434681671 0.585249691004317 0 0.484714845056507 0.480189027380483 0.232012944278636 0.215507705026049 0.429124704060458 0.49382997698293 0.49047616766946 0.543356463624497 0.0361598916680789 0.0234705959016698 0.449875423542444 0.438652595889303 0.148426878180815 0.279581133608387 0.431433693214166 0.563900275711699 0.40502972305834 0.398115818030055 0.430163062702293 0.424223663197926 0.0374664727550736 0.0408102520261349 0.292555954518576 0.396799841662111 0.201695988001863 0.315141092812231 0.12128332996172 0.151429200681718 0.272159459803893 0.295640577752866 0.218666420692373 0.218997562939445 0.333311490803568 0.338917265176977 0.308827358338136 0.27277878895077 0.306441277700754 0.52825855601866 0.387873213880124 0.261881340409462 0.343418856765829 0.2664330187475 0.484822118896726 0.467074999886638 0.449707533759712 0.51721024480552 0.0967898136362842 0.296263897514337 0.31920099767532 0.403586622567549 0.454607175203812 0.433536870827488 0.154329926449224 0.188155834285535 -0.0760750450722531 -0.0375139137580138 0.376483033539682 0.0545032940061613 0.342441649342902 0.243725726666847 0.330666819730332 0.378455351548168 0.382211511320419 0.344167207813952 0.237353744194812 0.60161177304076 0.353838710674107 0.44209923224729 0.298534926043028 0.337248759874577 0.108656950829551 0.0137017491919998 -0.0217141547400592 0.125742998363938 0.183079952052216 0.160679357568515 0.132919441700018
0.667269886545205 0.510873511068834 0.707788686814328 0.53621018716413 0.478001026581575 0.393838419043244 0.588382208894313 0.467138093501348 0.529936834025778 0.315561987846787 0.672419352913467 0.484714845056507 0 0.525544256237905 0.60260446773647 0.328570103506432 0.38571093360066 0.421892674423098 0.514732750343375 0.515106704086543 -0.228239833698436 0.190628159346375 0.730508473570529 0.460343117263228 0.227497511242958 0.285396643922075 0.345056659252464 0.448394101297758 0.329725077005366 0.145646122922413 0.449446432656687 0.387348365489419 0.257729736805825 0.255818151836983 0.368907769962785 0.371441209301205 0.353339036161374 0.366322467502572 0.155024124759623 0.095855292810623 0.260121538610598 0.272360776045863 0.340950555092627 0.236659095178874 0.216695767236765 0.287491954507127 0.395779248615485 0.322746803953167 0.432722809240303 0.45713704037401 0.466067276307465 0.499778334096538 0.487567387584518 0.464453139948037 0.601890478777213 0.201379462900504 0.421718675852287 0.412653054715625 0.582557649263313 0.416119420225006 0.466655339569893 0.355632058875649 0.399399872599555 0.499218715704227 0.0336492251044574 0.159984062551618 0.135618456373662 0.0426203192687412 0.396474122002772 0.158567564289152 0.324706705122963 0.12480455607042 0.311908025499084 0.372087960654263 0.359425835647984 0.505305799490873 0.391944430096272 0.452314570778747 0.682003141103449 0.547996023360017 0.526651367417177 0.42992209871228 0.303583178037107 0.324425999805001 0.238809587982973 0.208189755982997 0.35944717056084 0.318621894131237 0.361546230932089
0.609001332539617 0.595798106790634 0.541614189705763 0.611248258037933 0.518338117630716 0.533750613257313 0.482860336802633 0.445216811012422 0.412367594872516 0.735280224266638 0.498564135529535 0.480189027380483 0.525544256237905 0 0.596732298650396 0.800239174597097 0.544678321724647 0.480700392124299 0.547958579738577 0.546756145501529 0.0896962271772883 0.401001134828773 0.577625435012338 0.633623649282262 0.589224267675632 0.722636354918851 0.526096726124981 0.615694050059021 0.476034506420419 0.48805703069904 0.553914180867053 0.493671146892968 0.305444669469754 0.305103446942691 0.434424112353891 0.344402816535952 0.15932381604885 0.45845648525164 0.120793531184969 -0.0175238972558044 0.176360250887482 0.221861389890704 0.352130445466768 0.221680093748595 0.236081277228046 0.306924945299048 0.437569079529476 0.359429714997635 0.469585747576294 0.28284288954136 0.530460343136011 0.561527873678349 0.497596632669026 0.391003235575793 0.514222396359286 0.319851671322151 0.537231241261843 0.487924651216991 0.442195266933283 0.530654235119013 0.465877245799363 0.450493861936036 0.464055481847644 0.473815583847568 0.260518393518126 0.252142738156169 0.168401014798177 0.264588345994809 0.176221603509597 0.380489177249177 0.221947936829473 0.109966863035298 0.514842518218369 0.411893846905768 0.536117154952313 0.549911242919711 0.0689679511591517 0.456686397297374 0.584447705808759 0.536594573630412 0.0680577994129404 0.120284745148109 0.341913061101243 0.144934221831876 0.429926251201782 -0.147190079411038 0.563880091125394 0.278636676466538 0.412630293158428
0.422548169654155 0.33705195411096 0.521908921382731 0.312971277165265 0.595587938110513 0.527910908810519 0.412424380606724 0.119091417957315 0.668989944535568 0.582662120598248 0.419711648420853 0.232012944278636 0.60260446773647 0.596732298650396 0 0.59702896033485 0.271605776889288 0.147136063819202 0.255062555899518 0.250608217516033 -0.0630436036082825 0.412914309949092 0.533085218321925 0.308760647324287 0.622183144707541 0.514838973008431 0.211036062178496 0.302060832414772 0.224537327763399 0.08855658264049 0.222371324150967 0.156246548649289 0.259909371478634 0.213216757865087 0.223336620280291 0.170899419881939 0.0938903188541348 0.407087835905383 0.161419817040215 -0.0860748396927803 0.0226507264269935 0.0763053300095495 0.255576765313677 0.0853984299628827 0.040480095942881 0.0807873992278319 0.241249727154213 0.150642040930953 0.224034422869635 0.0674709684769111 0.298535114514374 0.379658297275264 0.363544997953498 0.342470807926985 0.436490141040281 0.0885920978987945 0.252722080907132 0.169396710382429 0.505208846209998 0.333473218367393 0.297417691074778 0.179981581203454 0.203688326957307 0.267116666297679 0.115658492405309 0.0353316870314713 0.131944984991552 0.167824510856425 0.158710290914074 0.179975913190622 0.148315904839303 0.00464074887143265 0.294309566304 0.18134982621474 0.235580197775128 0.288348567874522 0.120434205212347 0.255565234072903 0.513306653708153 0.259799265460917 0.217390320707769 0.086166661683868 0.241353866981772 0.123574196939972 0.280468605012535 -0.176943605439262 0.332959448349397 0.059467708539098 0.268232601239127
0.480848180715616 0.398019517344719 0.321699085743887 0.345024204179599 0.435893074560303 0.4939477126093 0.357140957606675 0.120121212689268 0.411721148134925 0.792574754863666 0.311100602322698 0.215507705026049 0.328570103506432 0.800239174597097 0.59702896033485 0 0.39415098798223 0.198490513295769 0.364657543376781 0.337377511384926 0.148414500295903 0.540530742684812 0.342633383389818 0.370263903055299 0.7359444016304 0.780144162581839 0.440108814225336 0.418771070051387 0.409617592824341 0.326120451427433 0.379782038179099 0.271135818589192 0.355181038521332 0.210942964350248 0.349738430350223 0.158777478407144 -0.0126164851181456 0.376325206524484 0.151240771139515 -0.191290148390884 0.0719522348686203 0.12667563716283 0.318447986691494 0.161623556848562 0.106494231205546 0.184623515139021 0.392797920912284 0.32732615450733 0.364414145071846 0.0173587267878644 0.400399897919809 0.404324592839173 0.433766460170429 0.32540050528303 0.368511662249602 0.111690002293781 0.365335723523027 0.246023529771639 0.35337340259208 0.299426867881312 0.303313727160084 0.267967467630506 0.32672683494381 0.300551598440589 0.454472086776232 0.270706955853755 0.246675976576556 0.396745958417237 0.0252609445339877 0.427007329192968 0.254038805400751 0.0996357205723174 0.455633801946737 0.218214323162269 0.433729194398064 0.237390294274038 -0.19006512484617 0.320430214335658 0.37663804953978 0.234596102753821 -0.139944819554321 -0.112187245672231 0.372045641081012 0.192274381840773 0.636817734634342 -0.41689824205138 0.651882970119338 0.211481045147359 0.483421578272882
0.716869316773591 0.805837826352652 0.471930649412699 0.581534954394303 0.346127261182413 0.31265549354165 0.504971654669122 0.480469833311161 0.0867698776255454 0.385576166949896 0.593395008037811 0.429124704060458 0.38571093360066 0.544678321724647 0.271605776889288 0.39415098798223 0 0.863617094278911 0.771039881681946 0.822333897951588 0.16051990923892 0.196849205831551 0.42742117536463 0.519562392659086 0.26325166351739 0.378394383740045 0.823274563432721 0.857450458181995 0.656002214366647 0.631222437186402 0.856460572771355 0.803089990819564 0.318728809554795 0.309494099081866 0.649121387323439 0.63642304970375 0.50603869681449 0.411505685489599 0.284280808730433 0.152105469196911 0.458427977730617 0.517992234641602 0.551177601470388 0.532760947487945 0.496927274502955 0.570293958021554 0.486917907989725 0.447361014444906 0.542472803640466 0.356287539677376 0.829303301752186 0.723728352165084 0.49059627665632 0.307560888011295 0.511945797394707 0.215178006958264 0.88887933342764 0.745854980752208 0.126210313426156 0.229375578033211 0.55778857623368 0.552916187073526 0.676866863980632 0.764591962731952 0.188625995213859 0.390245631878742 0.306976504948703 0.169116291658274 0.231639448645091 0.251053062270032 0.46902962854493 0.32254076125863 0.773951070324111 0.760307151535534 0.868067551226916 0.647556379984661 0.420033067721488 0.322731477332706 0.414851552563249 0.485178309564936 0.196756310075001 0.228687994292593 0.37295935671527 0.286810727845293 0.396397438428966 0.234322859918437 0.522301831575948 0.501758483376694 0.48677299687009
0.681382985260207 0.86539761866934 0.492894199260825 0.633885414433177 0.304906671459865 0.202930223571141 0.471466940324517 0.552640487961211 0.0537615590224521 0.293123397747719 0.564412432739816 0.49382997698293 0.421892674423098 0.480700392124299 0.147136063819202 0.198490513295769 0.863617094278911 0 0.790573202359357 0.864002731983685 0.0427242308900478 0.0649690393373469 0.458628749834139 0.537181148793449 0.137305693393026 0.220147069676581 0.711744644905593 0.834153488788496 0.576276645709323 0.575396377752436 0.830287280020896 0.817973307833169 0.21001423053069 0.272977882733509 0.637958124946551 0.675661678294695 0.585576561367019 0.441479140063113 0.18988764405423 0.277726657703402 0.488578382983238 0.514782592563728 0.537358083240153 0.529572384481432 0.536659908880104 0.584728479434156 0.473165403910121 0.436695009591927 0.562009804960513 0.457609861811768 0.813971532697105 0.794874773777632 0.483077669662007 0.332164040455546 0.495540579607018 0.247075140387804 0.808053313552153 0.799242438672477 0.162530827895357 0.23756893095104 0.575324461114719 0.552656979423331 0.67007776914935 0.795386067962096 0.025703201525532 0.29471524924903 0.233417717175893 0.133180081506051 0.275814944427263 0.179041822626469 0.365076041891964 0.316494236078414 0.642031000978037 0.828368130807707 0.785993088241879 0.78721756322636 0.553319344205334 0.409824231431376 0.479450062966633 0.597071579565241 0.35131553954127 0.415809726975115 0.278694044845633 0.230512243734773 0.259025764765589 0.341366997496263 0.397049111976333 0.479909588719865 0.430822794035366
0.805357020796887 0.835041141356743 0.495462412763838 0.582522693477207 0.2749855316377 0.216712312657857 0.481491661749191 0.486940241505965 0.0975436305627885 0.321930565666025 0.612108175538503 0.49047616766946 0.514732750343375 0.547958579738577 0.255062555899518 0.364657543376781 0.771039881681946 0.790573202359357 0 0.905189622371404 0.119451848003684 0.177084534631181 0.513156234954454 0.499982180273168 0.1889630204944 0.302830665600159 0.677642067801019 0.761990845294092 0.551427189796106 0.539739097015656 0.793979903645108 0.718293001475347 0.252182306186217 0.231970063769864 0.546983748300271 0.560258609306461 0.396386125806009 0.356650993727011 0.229602871262366 0.0677617717282734 0.485018398534948 0.477417644108232 0.526198987778177 0.491852984351742 0.510210832401113 0.557670909895767 0.552088808345504 0.512963361823599 0.568927264114438 0.452491128243404 0.8139137956227 0.729523096664374 0.5276316622576 0.40947460130304 0.500359107062533 0.231461154242665 0.762092424366395 0.614682194784821 0.210010499948446 0.245593716746199 0.503376846395517 0.501303318974369 0.76584858571195 0.774928433244492 0.243065994533441 0.433028112212656 0.282523593861936 0.216702561538818 0.291498382819911 0.274337764627354 0.366325125429662 0.315563716740126 0.560817049357624 0.657793973069539 0.7359887683392 0.607243749666673 0.324865016143759 0.359107173780778 0.442904187566219 0.527691016530929 0.201324283396495 0.273212528743159 0.341106301062438 0.34166086980859 0.399873808251738 0.2450660697772 0.504248477870987 0.518938708155533 0.480821663197552
0.847138690510965 0.917666325080994 0.58090723599616 0.71210630323563 0.33106900568883 0.270739096082146 0.585257264610507 0.614352622124893 0.135374888405002 0.341567177756866 0.600829814672206 0.543356463624497 0.515106704086543 0.546756145501529 0.250608217516033 0.337377511384926 0.822333897951588 0.864002731983685 0.905189622371404 0 0.089388237120003 0.128548482189971 0.585513270329956 0.617436667700886 0.164967100027213 0.27939430894167 0.713203286181241 0.838965353122106 0.673763538540426 0.624373069498382 0.873258995828102 0.849467787289134 0.282211970215935 0.316268870203226 0.648289456141188 0.664908072224315 0.513913993755421 0.427686840266833 0.301110107177323 0.162526026160345 0.578661024035801 0.604355303403107 0.613602968129471 0.613478591641291 0.610150652875866 0.680201573626643 0.616789464376723 0.582381337027055 0.621732846425964 0.536845514562299 0.878656894140297 0.810363012008032 0.61829915760885 0.521079563121071 0.566629078236173 0.350630505868457 0.803166801166205 0.741422762653175 0.202053001333811 0.297696261520015 0.619930320251632 0.624991227771976 0.821036971277457 0.887306852863474 0.201888568450829 0.438749026693576 0.29450664473126 0.210016671265054 0.325414108044935 0.223313650302662 0.51041023440451 0.433459849081435 0.656414936380815 0.757117339827407 0.786203636147047 0.69400746880166 0.445690485273358 0.424952292971923 0.47612806188695 0.594750345932517 0.327941250721894 0.431979935949025 0.435908739540026 0.394751910527811 0.422264980456173 0.380115215271266 0.568029856189859 0.612413839366409 0.504342883963396
-0.0216288470761164 0.0123690991603678 -0.168571229076528 -0.037667814009811 -0.107164477867808 -0.151123265518486 0.00505303179780573 -0.0197636614594121 -0.0886006116014737 0.0985528153952668 0.0115644341793784 0.0361598916680789 -0.228239833698436 0.0896962271772883 -0.0630436036082825 0.148414500295903 0.16051990923892 0.0427242308900478 0.119451848003684 0.089388237120003 0 0.0566474802464104 -0.115604626760225 -0.0102766480264045 0.0493275369524538 0.0554713512502725 0.293926595733444 0.135145704015175 0.204919945272018 0.251152097252238 0.127694076749827 0.0578751281798612 0.0717333220867174 -0.0888313353620573 0.0733145292721269 -0.0339210054911551 -0.0839831258115037 -0.110431993032362 0.0967400319414216 -0.20914768214949 -0.0254901372044178 -0.030404584640648 -0.0294212488709746 -0.00992064636724982 -0.0594728572298447 -0.00888794993746951 -0.0470283666955547 -0.0332057173785112 -0.0485244677395209 -0.134353703072504 0.0620045563036761 -0.0146488549880288 -0.121696231104942 -0.196073901308338 -0.00215560629941655 0.0637534871749945 0.210110300027615 0.0676241124108662 -0.220115292885213 -0.0720950093986107 -0.0631136770258269 -0.0212537562555444 0.134516625547392 0.0126307526611462 0.511991215275437 0.307724419501197 0.141334130316679 0.127759642613222 -0.146488602288706 0.0837632413149201 0.0826246901919111 0.106051531446672 0.185665404120656 0.108289401951261 0.255595227846655 -0.0934335475820866 -0.0771168009786403 -0.19466888678116 -0.241552484637855 -0.158238114745119 -0.299977810718046 -0.318147638840302 0.00708457750609529 0.103810626392271 0.166575034892734 -0.213427302850832 0.0761071277956164 0.0963498531062171 0.0551968726942041
0.234557427496738 0.254536104367634 0.246403124472886 0.127972688026454 0.450897989823808 0.449447336487619 0.100399381465825 -0.146434082645806 0.241585385235754 0.493024245954514 0.0841789533488627 0.0234705959016698 0.190628159346375 0.401001134828773 0.412914309949092 0.540530742684812 0.196849205831551 0.0649690393373469 0.177084534631181 0.128548482189971 0.0566474802464104 0 0.250478113500366 0.178632037525627 0.631814429374572 0.532930932672196 0.0418359823594495 0.127165854573281 0.12184829614648 0.0471381187398282 0.0718943310089238 -0.0134325310579575 0.283882650743464 0.225335632972921 0.242691877828081 0.0640783042904315 -0.116550845927194 0.448124754089187 0.146830300944085 -0.0174814946237801 -0.00878286055411288 -0.00349383156474737 0.211400495946927 0.0747542201703312 0.0815026056741401 0.0935775499313195 0.216129051004953 0.16025069656194 0.240829261538896 0.0274536080920137 0.236133794030953 0.270958700029423 0.228136358140243 0.149941723333337 0.0161506737667373 -0.204191268981292 0.0955302638387931 -0.0556791419059789 0.193393879956784 0.127250177411288 0.174990742830844 0.0776858074621675 0.195214252001022 0.142652077298773 0.227287603217807 0.0627052638374769 0.140775169691695 0.297518695323738 -0.0585416627179481 0.259498632724686 -0.0100635074963643 -0.145875888192294 0.0814517553121267 0.036119566085545 0.166066513032077 0.15259111104938 -0.208290246024772 0.183212827397077 0.309399181770507 0.142245331815331 -0.0685566986960553 -0.0968617325980745 0.170180365921207 -0.000850977011662863 0.352108675070795 -0.337649354679303 0.335414585885382 0.00669922563606376 0.377054504974609
0.60027560190347 0.538377049431844 0.849304245662311 0.690941301649373 0.624098925163592 0.402883999905336 0.657167529164227 0.4963622580362 0.44365348724045 0.35091941366516 0.54777955874685 0.449875423542444 0.730508473570529 0.577625435012338 0.533085218321925 0.342633383389818 0.42742117536463 0.458628749834139 0.513156234954454 0.585513270329956 -0.115604626760225 0.250478113500366 0 0.788984641950491 0.27776803277104 0.385355401638305 0.39224036644805 0.514017772168142 0.543820121817465 0.411534947556184 0.541408211616974 0.529837217923796 0.375383601375616 0.330556349716861 0.364269056487003 0.362161328640974 0.366753908338439 0.418823944675663 0.0866064770359838 0.157986937539492 0.372334365454061 0.38371999726046 0.425597220458929 0.304334272164726 0.32835636584208 0.367565683632914 0.356271881289075 0.299280468181831 0.413438076943893 0.392988982063446 0.442979551679538 0.502842137295891 0.399620018727573 0.38443536512612 0.514105444609562 0.250602448741126 0.410773503559555 0.375730501838036 0.521671746245692 0.394127349444173 0.533294965063381 0.429299352155474 0.372754172965337 0.496216418260021 0.127232247788673 0.28015183462991 0.250889327883989 0.186815766701755 0.402896769808177 0.248004353501724 0.354238027178989 0.223425786213392 0.307951176672234 0.483994193062693 0.413033380887269 0.545648663777515 0.329327730853547 0.437728903396266 0.594868247199297 0.476009572721928 0.456893538136402 0.426954446493809 0.358216134996304 0.291973556246078 0.283697807596757 0.255591339358755 0.407959465321325 0.359531841304416 0.378415118575822
0.582855912328404 0.554629331819781 0.700680628403299 0.826856314806811 0.439179281285254 0.296192126672749 0.553313851084545 0.575066057271177 0.221694715714457 0.411658175287075 0.395970910927028 0.438652595889303 0.460343117263228 0.633623649282262 0.308760647324287 0.370263903055299 0.519562392659086 0.537181148793449 0.499982180273168 0.617436667700886 -0.0102766480264045 0.178632037525627 0.788984641950491 0 0.18849411297629 0.43027542806454 0.483704767311558 0.57308799610101 0.625674893421691 0.668466004273012 0.648916409063573 0.694781326825126 0.471768063231487 0.434696648111663 0.363118456932856 0.344244177680031 0.301746159540078 0.316137492687951 0.0897630579346048 0.125362252562289 0.448422943145585 0.473470804063941 0.453674924201796 0.40450648110474 0.44834760654186 0.482878240681964 0.450678547402594 0.399615702848051 0.45862333638398 0.402085910051649 0.510105083527724 0.535852741235721 0.439110228330856 0.409893678535757 0.509604773447368 0.382028407002889 0.533730114800185 0.517773244536509 0.426558087402404 0.499829029530792 0.652944954372699 0.597465111850588 0.453781288169185 0.553808274879882 0.110791074903575 0.289225507853634 0.197864757448926 0.086526077096044 0.275320659022637 0.229244937042802 0.336838896210333 0.265549075509965 0.462648947267631 0.558055373212972 0.533195162814043 0.573682264585504 0.328928461602285 0.428889064076081 0.552023797229641 0.529091096019005 0.327039273510417 0.405005056227597 0.445832722538157 0.268294049703344 0.322590488220251 0.249265165277286 0.496445581443171 0.436842532801384 0.415592667775333
0.287625716064538 0.281903660740776 0.302887782142341 0.196012905334223 0.564548485859186 0.598919938538979 0.24520935387692 -0.0267071617740876 0.528323992071941 0.733589587776602 0.156041405780498 0.148426878180815 0.227497511242958 0.589224267675632 0.622183144707541 0.7359444016304 0.26325166351739 0.137305693393026 0.1889630204944 0.164967100027213 0.0493275369524538 0.631814429374572 0.27776803277104 0.18849411297629 0 0.81127669696262 0.171926738731209 0.256246181043787 0.210826057133077 0.15289665769412 0.197655606692165 0.0842815698220755 0.270805689896853 0.200849921807232 0.279844697831631 0.0975695691620224 -0.0220957173208164 0.506425330595102 0.047722367819704 -0.0608134376249271 0.0131053668908583 0.0399588532173372 0.29748907033211 0.0839368201547885 0.0669100785600427 0.101937754572434 0.232108900435346 0.152993552948663 0.242958101427289 -0.0314035068510592 0.247942833062028 0.297270067926011 0.259853322532535 0.187799452107063 0.156681813992055 -0.00225693905464993 0.15142440760706 0.070793615685664 0.313819012839825 0.291161517439369 0.233986076830521 0.200403750593741 0.174733551205137 0.167563928160371 0.251229481913121 0.0427777928911489 0.082117369140559 0.384704075266447 -0.0309631183833021 0.310275805577909 0.0510884105824243 -0.0785696594931128 0.228475438464537 0.128580185951491 0.230984769354998 0.210310017480024 -0.189111130286218 0.240632444005471 0.338544777962396 0.157486213599097 -0.098426826102158 -0.0969393352185353 0.175779922153846 -0.0242645749256665 0.417885938317546 -0.432444527380433 0.411721234906276 -0.0189523802537584 0.347574640145975
