0 0.0010963326642723 0.00133557500355149 0.000242489383204561 0.000684668582748941 0.00238282703471186 0.00116652860647451 0.000838521559870586 0.00225205835044 -0.000913882339178603 0.00114424996818082 0.000789437272791093 -0.0002406564970225 -0.00105335425573172 0.000652304975771058 0.000263886842014474 -0.00100100051113966 0.00324826547903628
0.0010963326642723 0 0.000214949098576235 -0.00016011849406528 0.000810315633540815 -0.00260863473602569 0.000587302583913321 0.00140790414614233 0.000146763958070177 0.00042036704328453 7.04551629965659e-05 -0.000240047985940422 -0.00100899266801554 0.00101619815240456 0.000103511285291624 -0.000243270890896837 9.85257072477093e-05 0.00171931649763952
0.00133557500355149 0.000214949098576235 0 0.000708943863413717 -0.000661215447308146 0.00104892381202536 -0.00029365274676662 -0.00013098379503235 -6.70353325233813e-05 0.00104862474505366 -0.000514689337937534 0.00063751873847036 0.000735362877540726 -0.000321574093768481 0.000552585518838856 0.000200849281782572 -0.000593880605610797 0.00107409911786998
0.000242489383204561 -0.00016011849406528 0.000708943863413717 0 0.000533559968342162 0.00128633421936846 -0.00106032698982378 0.00156696631573436 -0.000345674112442301 0.00106011110394799 -0.00021704915879712 0.000597023413398971 -0.000667090328091771 0.000659544152042011 -0.000349099761731536 0.00013210618608585 0.000202793341483734 0.000800262440201202
0.000684668582748941 0.000810315633540815 -0.000661215447308146 0.000533559968342162 0 -5.68010965247017e-05 -0.000168177318370605 -0.000417531453942548 0.00128049574825426 0.00140582243115776 0.000496854446846538 0.000898706298953638 -0.000773251321495226 -0.000182979857047595 0.000303825641406497 0.000805935772720345 -0.000946795309545528 7.80237916964597e-05
0.00238282703471186 -0.00260863473602569 0.00104892381202536 0.00128633421936846 -5.68010965247017e-05 0 0.000245108901298272 -0.00215228801097685 0.000298569543618669 0.00030690459887583 -0.000228795153538854 0.0020153759662833 -0.0020448348430199 0.00162726154408046 0.00114201337171094 6.52642551597602e-05 -0.000886754902070533 0.000543905084061833
0.00116652860647451 0.000587302583913321 -0.00029365274676662 -0.00106032698982378 -0.000168177318370605 0.000245108901298272 0 0.000339905512989438 0.000101811311234056 -0.000599854347965247 0.000827633933774214 -0.00131102337113003 0.00204294753248573 -0.000493652329009389 0.00192587495628499 -0.00119821224756987 0.000627299178086747 0.000717016476839504
0.000838521559870586 0.00140790414614233 -0.00013098379503235 0.00156696631573436 -0.000417531453942548 -0.00215228801097685 0.000339905512989438 0 -0.00197445891764203 0.00224032492419647 -0.000830723382620974 6.39485500117728e-05 -1.67469721962343e-05 0.000889897795391038 0.0010634537991127 0.000690409457006634 9.25745579658071e-05 -0.000220437828897145
0.00225205835044 0.000146763958070177 -6.70353325233813e-05 -0.000345674112442301 0.00128049574825426 0.000298569543618669 0.000101811311234056 -0.00197445891764203 0 -0.00137460483617319 0.000884700303843847 0.000685055155435309 0.000387977522415465 -0.000221922843171753 -0.000108983907599023 0.00120348568437619 -0.000164532926067884 0.000851632204348945
-0.000913882339178603 0.00042036704328453 0.00104862474505366 0.00106011110394799 0.00140582243115776 0.00030690459887583 -0.000599854347965247 0.00224032492419647 -0.00137460483617319 0 -0.000225415483795864 0.00139387082659186 0.00190733619553651 0.00266173814888216 0.000757537216024637 0.00156951162522904 0.000695286510455185 -2.05678518942982e-05
0.00114424996818082 7.04551629965659e-05 -0.000514689337937534 -0.00021704915879712 0.000496854446846538 -0.000228795153538854 0.000827633933774214 -0.000830723382620974 0.000884700303843847 -0.000225415483795864 0 0.000349666237704284 0.000167442158873507 0.000354449965042788 -9.04420970692771e-05 0.000661628330710732 -0.000301973952273969 -0.00017930224325661
0.000789437272791093 -0.000240047985940422 0.00063751873847036 0.000597023413398971 0.000898706298953638 0.0020153759662833 -0.00131102337113003 6.39485500117728e-05 0.000685055155435309 0.00139387082659186 0.000349666237704284 0 -0.0012332366812424 0.00104225101637237 -0.00023562596903 0.000136907357147959 -7.7996670087087e-05 0.000806675923117481
-0.0002406564970225 -0.00100899266801554 0.000735362877540726 -0.000667090328091771 -0.000773251321495226 -0.0020448348430199 0.00204294753248573 -1.67469721962343e-05 0.000387977522415465 0.00190733619553651 0.000167442158873507 -0.0012332366812424 0 0.000194336775424888 9.21951706313113e-05 0.000436728021266983 0.000509854531858298 5.48872390908421e-05
-0.00105335425573172 0.00101619815240456 -0.000321574093768481 0.000659544152042011 -0.000182979857047595 0.00162726154408046 -0.000493652329009389 0.000889897795391038 -0.000221922843171753 0.00266173814888216 0.000354449965042788 0.00104225101637237 0.000194336775424888 0 -0.000484328239352011 -0.000181219309665962 0.000873204997207533 -0.000412057460287664
0.000652304975771058 0.000103511285291624 0.000552585518838856 -0.000349099761731536 0.000303825641406497 0.00114201337171094 0.00192587495628499 0.0010634537991127 -0.000108983907599023 0.000757537216024637 -9.04420970692771e-05 -0.00023562596903 9.21951706313113e-05 -0.000484328239352011 0 0.00160866410350136 0.000149392410641717 -0.000271872791446062
0.000263886842014474 -0.000243270890896837 0.000200849281782572 0.00013210618608585 0.000805935772720345 6.52642551597602e-05 -0.00119821224756987 0.000690409457006634 0.00120348568437619 0.00156951162522904 0.000661628330710732 0.000136907357147959 0.000436728021266983 -0.000181219309665962 0.00160866410350136 0 -0.000530345256338184 -0.000114161769765976
-0.00100100051113966 9.85257072477093e-05 -0.000593880605610797 0.000202793341483734 -0.000946795309545528 -0.000886754902070533 0.000627299178086747 9.25745579658071e-05 -0.000164532926067884 0.000695286510455185 -0.000301973952273969 -7.7996670087087e-05 0.000509854531858298 0.000873204997207533 0.000149392410641717 -0.000530345256338184 0 -0.000303622682443086
0.00324826547903628 0.00171931649763952 0.00107409911786998 0.000800262440201202 7.80237916964597e-05 0.000543905084061833 0.000717016476839504 -0.000220437828897145 0.000851632204348945 -2.05678518942982e-05 -0.00017930224325661 0.000806675923117481 5.48872390908421e-05 -0.000412057460287664 -0.000271872791446062 -0.000114161769765976 -0.000303622682443086 0
