0 0.0159016099619471 0.00237142920764336 0.00106077342097062 0.000873847424902271 0.00190292143053233 0.00731628309641684 0.00269812820166116 5.36053880532558e-05 -0.00257349599172601 0.014747485908534 0.00799965239423063 0.00577639349573458 0.00352261347171261 0.00047135051440379 -0.00155925218339449 0.00755804376143712 0.011636886125948 0.00875136948235877 0.00734198174770516 -0.000193007022025203 0.00464380965859383 -0.0003400395996414 -0.00407990345997286 -0.00138222862234926 4.07923259073834e-05 0.00589577899702912 0.00519894958231679 0.00136737996677259 -0.00260192437472115 0.00471519176349359 0.00251554720868389 -0.00626515064352176 -0.00496817455785603 0.00157379880887187 0.00176037739673558 0.00180264730290412 0.00195466599948374 0.000592303940138982 0.00279148790701312 0.00981520885614165 0.0100824759712733 0.0118198875684637 0.0143825635867894 0.0101556986763044 0.00772444119919228 0.0104118150195364 0.0123827339515878 0.00528969088904194 0.00408178427432593 0.0221706323386813 0.0171262699221673 0.0183405698430106 0.0171720443337366 0.00557544113729099 0.000385251069049375 0.0136304550073927 0.0089362661467257 -0.0066722296039048 -0.00809813138347579 0.000544148904214473 0.000132966247492489 0.00664375363574956 0.00937157757429148 0.00503445781436755 0.00209145352755359 0.00453383045280893 0.00743656095026233 0.00320312900004024 0.00026594021460713 0.00571154698972446 0.0016470520619476 0.00688874167776954 0.00485127276444811 0.00874786743779205 0.00645505247419345 0.00118682786032779 -0.0018519237774795 0.00293865553820107 0.00223606516928609 0.00120697933250596 0.00168000981992435 0.00224191755030084 0.00273816674057036 0.00509834444738043 0.00620217477743377 0.00468651964564001 0.00727528810064184 0.0026648370934419
0.0159016099619471 0 0.00289416165980236 0.00223699030711338 0.0031358442401646 0.00262019267636238 0.00641778757375793 0.00406493416276119 0.00178440793894149 0.00166881042880536 0.0120962551493771 0.00979370728774629 0.00501201855262815 0.00373465096530477 6.20550615707608e-05 0.00134616872673293 0.00714645492961091 0.0110332135181243 0.00628701431628874 0.00721290101536668 0.000728769205077944 0.00240697780866942 0.00181078388420391 -0.00122633125025357 0.0016653013305466 0.00103656540789229 0.00376679433589633 0.00277203603876918 0.000624991045552301 -0.000797171767077744 0.00562570084162575 0.00502023680122601 -0.00299840033853474 -0.00243518018328691 0.00387807247267909 0.00294103998117164 0.00304347200515337 0.00376516113275069 -0.000878991478138238 0.00221749695256795 0.0108232808520735 0.0119067200290537 0.012433844284389 0.0156370161285758 0.0110735140407467 0.0101392477845713 0.0114330772782043 0.0130319629975901 0.00552982765532387 0.00495367031573068 0.0207671293008344 0.0214823748199403 0.0140078605636411 0.0174220919217348 0.00674343135080807 0.00420078260394716 0.00826277237625083 0.00504918374656761 0.00152463353979566 -0.00245077337721284 0.00228967916420106 0.00193360276230316 0.0119089112050199 0.0141774379329876 0.00452147096871183 0.0029957121175307 0.00352193881803861 0.00546820589337345 -0.00052826012374731 0.00301640436293007 0.00284175523155163 0.000469679805720702 0.00592554129671673 0.00716889895803836 0.00774716916193484 0.00792111535972968 0.0020463746626548 0.0005408203789528 0.00258315425795195 0.0052174076753248 0.00102895535037075 0.00359734140544199 0.00242823714933979 0.00375769108173089 0.00742596814718586 0.00719746789412792 0.00463311167001322 0.00595202803370474 0.00545058997316951
0.00237142920764336 0.00289416165980236 0 0.0136255372832479 0.00747346486843682 0.0049800057161084 0.0102793365623733 0.00995763867726974 0.00758014445581562 0.00828384545452822 0.000554842342034079 0.00293840200929478 0.00799054625135116 0.00666160974215251 0.0126887132781512 0.0102236104519343 0.000799422061843748 0.0035341535856903 0.00574352719538497 0.00305002784368092 0.00565881330618762 0.00343686115156795 0.0173808634783817 0.0133173658602172 0.0106170068699425 0.00993647148724371 0.00332330026034786 0.00404742580271239 0.00859231653923882 0.0141099542149685 0.00980988943054533 0.00831294968138976 0.0204155973143872 0.013035600440316 0.00625737437038725 0.00419573933618461 0.00504612198797091 0.00348087635699383 0.000493121794392398 -0.000550828217621385 0.0144454035827099 0.0132229580457765 0.00920379332269632 0.00561328148666602 0.00850384743658009 0.00912805343505052 0.00940128183797911 0.00898492743987942 0.00458409611219757 0.00523048519645668 0.0048799520943818 0.00582575381685577 0.00730910921324665 0.00865934437682877 0.0165517642181029 0.0111866419031753 0.00573848234173718 0.00560725462705168 0.0384170496453783 0.0268951314419102 0.0191055830085443 0.0159022773554007 0.0079882690125729 0.00526718849409507 0.00786785037235014 0.00834804749700239 0.00474668484869922 0.00541823298228099 0.000844290726486129 0.00371384144567342 0.00755435377842922 0.00800576668302129 0.00450310389552957 0.00519073589891398 0.00601066242146046 0.00417687218171339 0.00469032873800092 0.00464919351888873 0.0123336587071411 0.0102580200218347 0.00800245823714091 0.0044361633354412 0.0111567649108146 0.0129612265514451 0.00704114920001176 0.00766953893395725 0.0070061653944786 0.00562682840542124 0.0102869183818069
0.00106077342097062 0.00223699030711338 0.0136255372832479 0 0.00894175224540941 0.0074307766287498 0.00817511144873663 0.0142369086904463 0.00601912573300297 0.0113498655900422 -0.00145989893471618 0.0018752437887852 0.00040234614807918 0.00499724951011743 0.00854416644619339 0.00946882414270891 0.00428015898053052 0.00287648574554435 0.00448750188559672 0.00323366856882316 0.0057301412679636 0.0014366477798967 0.0152099664626452 0.0152032483093703 0.00947593665808058 0.0102512711608133 0.00491817577816061 0.00555974377128603 0.00909732112745155 0.0172953907422583 0.0107881109970388 0.0099791322393948 0.0185033912025577 0.0123080770336359 0.00661483749839585 0.00487279994987285 0.00509974451188138 0.0031504799325102 -0.00197962902301694 -0.00161412572361012 0.0124902599094058 0.0112010134905386 0.00877407630950215 0.00490900072354027 0.0079279264570606 0.00894501060984091 0.00960010263952775 0.00740302365352419 0.00439062100322888 0.00410471998915368 0.00439480094018174 0.00439415100701738 0.00753670245804789 0.0090262296608096 0.0160253984441976 0.0223129340244023 0.00633846436954525 0.00924937771433726 0.0330285907830176 0.0291969965113443 0.0199615822430652 0.0194258268375546 0.00510829801840189 0.00605311344745618 0.00691048215835611 0.00871768276273363 0.00467726330350229 0.00577133750378351 -0.000947894715819623 0.00429129876484299 0.00679907404175104 0.00782719702587363 0.00631968025742525 0.00498673080577657 0.00738729799155163 0.00563227162859973 0.00628351314047175 0.00501945692867686 0.0100382394498257 0.0093042686622147 0.00473334521738686 0.00592207099690977 0.0128680430736487 0.0119774815221232 0.00753886758468421 0.00861305852191974 0.00770169331163536 0.00587387424507724 0.0110744021120701
0.000873847424902271 0.0031358442401646 0.00747346486843682 0.00894175224540941 0 0.00781776994225972 0.0072314093052256 0.00830093163479794 0.00882415633920341 0.0101935046131852 0.00237563876434821 0.0027202004106596 0.00475344026067958 0.00538080295881883 0.00813563270683297 0.00996397749135347 0.0019565402872641 0.00241116807902087 0.00335642971930638 0.00298957929932662 0.0035588838236107 0.000352268064797014 0.0118603528322948 0.0106371031245195 0.00683821674858947 0.00625713240272058 0.00392745030692743 0.00351089611368544 0.00598477100995947 0.00932145155669588 0.00623875512837236 0.0057143759134593 0.0113905010524163 0.00548655446704074 0.00425929064980197 0.00297450769551561 0.00215524397334001 0.00241055881470569 -0.000672434826940814 -0.000916104983454913 0.00748952318502659 0.00716959062475557 0.00440969772260288 0.00257130960399579 0.0046636995781349 0.00621058193482721 0.00566143089728706 0.00402965645816969 0.00291988967986458 0.00281964568552202 0.00423930412443922 0.00392939306729892 0.00384587091145622 0.00534321530615956 0.01096627276394 0.0124545907937355 0.00489822563572302 0.00450737807652939 0.0150032136587073 0.0116510647994786 0.0097280230390422 0.00765515804577999 0.00478486405057506 0.0038112328361926 0.00465889620624543 0.00500973893265421 0.0027883239099464 0.00366097609596082 -0.00149221109536512 0.00453734021030641 0.00385519511174926 0.00498520023701424 0.00415937393894361 0.00489613614150772 0.00542098924877572 0.00474140090830211 0.00454993413075064 0.00313341493839883 0.0070457263748053 0.00619285432557994 0.00424913649727244 0.0049400861911242 0.0086836409760678 0.00934170610029715 0.0054726041453247 0.00601181910481497 0.00467348563103142 0.00417427555986032 0.00732062602409193
0.00190292143053233 0.00262019267636238 0.0049800057161084 0.0074307766287498 0.00781776994225972 0 0.00528450988969878 0.00747083332614403 0.00472849633404483 0.0100977853046203 0.00298750015030251 0.00408303774997534 0.00378619992310972 0.00770707252806507 0.00596647954382044 0.0106171447892604 0.00345516566649438 0.0064072440155499 0.00419277301588326 0.00231253841920584 0.00257452660588999 0.00154887203096543 0.00845517386879138 0.00815540837379069 0.00621485072003074 0.00764292542710407 0.00434052418431786 0.00589967299595579 0.00592409096431678 0.00907633304445374 0.00641635466625354 0.005844256275675 0.0101260677884962 0.00398296865632794 0.00448959377532414 0.00284063274521891 0.00177199757066209 0.00345243080143517 0.00284641841932187 -0.00128007248450663 0.00913247533385815 0.00853037175900442 0.00771320175787771 0.007577314987481 0.00682606245885595 0.00683429294977309 0.00869664856961701 0.00599187415003876 0.00335685848267416 0.00426536291089232 0.006043795319568 0.00412440849099537 0.00559083617583881 0.00612049430069552 0.00957472053876009 0.0112381173125042 0.0096556018387844 0.00934509435012411 0.0136696640417243 0.0111749065869447 0.0108019406308943 0.00934702548361651 0.00288934593153097 0.00375396488895008 0.0044454671255651 0.00355814207493511 0.00280660575436888 0.00481972647173323 -0.00385750381551818 0.00689775845954348 0.00533615914665524 0.00573224561478456 0.00567937651764592 0.00653221285662186 0.00620813888851593 0.00498110628022282 0.00358338588611283 0.00359872784856592 0.00864851767512678 0.00744174680955313 0.00304768855999926 0.00608574927852401 0.0088789985691145 0.00895950419623376 0.0074460370588493 0.00803088358760556 0.0054441432311233 0.00517842775827444 0.00909673448916848
0.00731628309641684 0.00641778757375793 0.0102793365623733 0.00817511144873663 0.0072314093052256 0.00528450988969878 0 0.0113532821254296 0.0138110582131332 0.00643627069550922 0.00993642438296975 0.0075415825294353 0.0114829587207635 0.00639539016587186 0.00719402774110469 0.00592253194084208 0.0017528799472031 0.00595830861994226 0.00772619854745831 0.00383249565328735 0.00297696983188185 0.00118471967618961 0.00755930908294665 0.00288864958007964 0.00352678618566226 0.00163344688556127 0.00569430212179963 0.00534630234148365 0.0037458666106946 0.00416482469843358 0.00750268391059639 0.00519223618471472 0.00375411007520176 0.00208135030993221 0.00227625184649949 0.0012629180533154 0.0033202624347243 0.00223992398826205 -0.000526309367608448 0.00124940810219094 0.00770027244569675 0.00746495874066256 0.00534017376887478 0.00365473163547439 0.00323089644462707 0.00400612272387624 0.00458974830224152 0.00479024987303146 0.00313173035248198 0.00225507309029742 0.00880977487433124 0.0070811512862376 0.00969582851963018 0.00968996947707135 0.0184324874370085 0.0128174471909727 0.0129132605162769 0.00971269111823731 0.0110031265905493 0.00931295118083308 0.0111668223658685 0.00887195566965781 0.00344418328507751 0.00311314765314606 0.00519048388583045 0.00507882845457712 0.00361090606259507 0.005072923746524 0.00226595254911224 0.000916173189502651 0.00400603347020941 0.00441580007990035 0.00400027682756648 0.00360771116514445 0.00563348820503978 0.00452526647134578 0.000662320390862698 -0.00189793939687869 0.00763876813433567 0.00419187826533604 0.00717013192732247 0.00297262131837451 0.0105636538978186 0.0124477051362497 0.00583313692213571 0.00794753061816301 0.00562647761910163 0.0073835640013931 0.00590001687811137
0.00269812820166116 0.00406493416276119 0.00995763867726974 0.0142369086904463 0.00830093163479794 0.00747083332614403 0.0113532821254296 0 0.00822282027373386 0.0127386863638551 0.00264543116276325 0.00724277777168306 0.0036066295326661 0.00578928834986114 0.00561904808103509 0.00919587076634789 0.00190455433486702 0.00443951864173813 0.00378768989570482 0.00300969200695126 0.00478974690178228 0.000455778377504752 0.0068315551557387 0.00763790048429965 0.00586987940938594 0.00535016814169203 0.00475406346446079 0.00648749116065495 0.00480290731793906 0.011605861915515 0.0076545468463297 0.00756193432995301 0.00901107442021791 0.0076008815573189 0.00323491918871015 0.00315498866943714 0.00462888965244755 0.00291737700596424 -0.00133748219185708 -0.000973207696815374 0.010823145533963 0.0100562414106923 0.00810323256521853 0.00591202400578034 0.0065687348642401 0.0071125849506428 0.00797776686500139 0.00703926708574727 0.00372850922321998 0.00361752708372687 0.00561332540929686 0.00552831260112473 0.00899277525628636 0.0105503050610806 0.0191859391326552 0.0245044312931484 0.00811689777307959 0.0101027126157505 0.0184860505523418 0.021567010671277 0.0151892055521253 0.0154954677214171 0.00370925464384404 0.00454470154009205 0.00447216616834475 0.00599711587635595 0.00359694647102195 0.0055563151373272 -0.000222755275233622 0.00282274916415816 0.00630688730384682 0.0064414444554889 0.00529491822103726 0.00493456421651387 0.00619036969386144 0.00433871072483634 0.00208025228248211 0.000948583718594106 0.0077251724493924 0.00872942618006611 0.00605249625174677 0.0061047851313566 0.0120235788469251 0.0112543892170616 0.00658170872403823 0.00840009278833537 0.00713375652914766 0.00678975895084912 0.00893418344659147
5.36053880532558e-05 0.00178440793894149 0.00758014445581562 0.00601912573300297 0.00882415633920341 0.00472849633404483 0.0138110582131332 0.00822282027373386 0 0.0103338020942088 0.0048787008687809 0.00488237549792059 0.0104203862936945 0.00366736268103057 0.00837368476840384 0.00957889878391702 0.00309815019056374 0.00355437935175002 0.00397719131212534 0.000542461456455928 0.00308599651934639 0.000941568589667951 0.00811167129212032 0.00458521121939047 0.00469461710157891 0.00184527618821961 0.00521035421843736 0.00398168288176016 0.00299884511906089 0.00344758433977239 0.00704675015688664 0.00474155222899022 0.0077141258337178 0.00241414183592078 0.00343693942598725 0.000772194972097126 0.00168928646168967 0.00120288177243624 -0.00146576113318806 0.00166460158016634 0.00324430314406944 0.00369001566145502 -4.43071865100987e-05 -0.00126294148316412 0.00010754523479701 0.00159339111223944 0.0019247079185582 -3.2504958931503e-05 0.00188410782595239 0.000639415375636686 0.00191198538939196 0.000720346995326449 0.000667395947159879 0.00236503081589363 0.0157557866847961 0.0114856600558673 0.00732387911567779 0.00427863386376101 0.0119105945584885 0.00657470261206453 0.00785719855759495 0.00465109612811981 0.00104363642584288 -0.000733383923596546 0.00315010495952296 0.00553259159184605 0.00219232413991334 0.00250568066071777 0.00237064742338516 0.00415245697543594 0.00112527918211282 0.0024255288380668 0.00449064970933455 0.00338292844280979 0.00385351535090491 0.00239445226887103 -5.747546781391e-05 -0.00211826908749485 0.00560963658501983 0.00222747455967351 0.00618355769610128 0.00268651975164263 0.0113350378269637 0.0132269895880239 0.00578189907404774 0.00727004729334639 0.00356018937912074 0.00488001086793265 0.0060846569208402
-0.00257349599172601 0.00166881042880536 0.00828384545452822 0.0113498655900422 0.0101935046131852 0.0100977853046203 0.00643627069550922 0.0127386863638551 0.0103338020942088 0 -4.66782295120226e-05 0.0042943728316492 0.00486879757890087 0.00761966720501624 0.00952390886695016 0.0159593031409715 0.000635544466427453 0.00254888857812622 0.00203037297108544 0.00126132906058511 0.00544873657519185 -6.22448775338219e-05 0.0110662105198672 0.0121365635494486 0.0101871042452436 0.00901478241809436 0.00250622167830018 0.00413951313910315 0.0055762898999182 0.0128790147939723 0.00591264987058289 0.00639640308330573 0.0133578869347406 0.00694531300984371 0.00530148907531609 0.0033017992906102 0.0026237407795714 0.00293684662398494 -0.000250067545194826 -0.000650646084245701 0.00865609944971025 0.00835792405525982 0.00340941537880331 0.000840048386791746 0.00434507124874004 0.00483684334276799 0.00719756861810679 0.00433405279480531 0.00233349102717606 0.00403122617502428 0.0019000248414663 0.0029437955349945 0.00301725820216224 0.00515629754414377 0.0155945276388618 0.0195327868053746 0.00228861738591611 0.00482950596517874 0.0240752735596236 0.0230576287685449 0.0130528901769881 0.0117719072921946 0.00504526868002903 0.00474594694069473 0.00540695061217831 0.00678842416872469 0.00274646577377504 0.00410260141711929 -0.000773678338520533 0.00935725472216259 0.00473178738272176 0.00580497564226867 0.00475602545869546 0.00598434769202986 0.00549043187796678 0.00462360998552506 0.0037403833617842 0.0043224836100719 0.00849814854034971 0.0104690828603976 0.0063758449955759 0.00743431394973462 0.0132898802849458 0.0117899432973489 0.00690526828967278 0.00792750155783399 0.00661843229093394 0.00464211582568238 0.0098725863251749
0.014747485908534 0.0120962551493771 0.000554842342034079 -0.00145989893471618 0.00237563876434821 0.00298750015030251 0.00993642438296975 0.00264543116276325 0.0048787008687809 -4.66782295120226e-05 0 0.0148558303068368 0.0138819762234189 0.00844107776972786 0.00173680500688816 0.000537118101138589 0.00405848264359205 0.00942548970105344 0.00846968045001016 0.00454906259745654 0.0011013793156013 0.00361751763674457 -0.000527767699704678 -0.0044409867756776 -0.00128403979380074 -0.000454057397234773 0.00669784768475262 0.0055568086441346 0.00255361391789827 -0.00223477889157896 0.00391646615271228 0.00117051848953764 -0.00757072553817453 -0.00588457354232886 0.000897808581701823 0.00082624233767893 0.00147461623029009 0.00375818104448486 0.0036808694407691 0.00577913781814017 0.0042627363651484 0.00702226185154659 0.00526171276218801 0.00772830299638698 0.00181980364053743 0.00288878581205933 0.00316910795165932 0.00434659020610898 0.00356510619947739 0.00313526012754082 0.015238644959246 0.0140380842543411 0.0147353124050615 0.0136436998236003 0.00771278501053028 0.000901220711047105 0.0178534200243219 0.0113976978603802 -0.012498590122634 -0.0104039275187333 -0.000362905371392302 0.000390553458647421 0.00255915466798439 0.00567577122664628 0.00292025690986745 0.0012478302983737 0.00249267090211988 0.0060076500941939 0.00398052208843169 0.0032696512780336 0.00365192278991875 0.00372439307414157 0.00213973369024735 0.0051498263507125 0.00568520655394429 0.00536766911683279 0.000890193098069217 -0.00223681835466938 0.00342060440497858 0.00220480491050141 0.00544925770534039 0.00311865277241613 0.00430736528653092 0.00611943376651532 0.0047898273014677 0.0066891572048804 0.00447035594828518 0.00792672921652638 0.00195973878800512
0.00799965239423063 0.00979370728774629 0.00293840200929478 0.0018752437887852 0.0027202004106596 0.00408303774997534 0.0075415825294353 0.00724277777168306 0.00488237549792059 0.0042943728316492 0.0148558303068368 0 0.0117344583502952 0.0119663375627973 0.0024134066174218 0.00851172260632201 0.000465071607661135 0.00604473871131056 0.00597931159611321 0.00452178442779095 0.00168796021851134 0.00310699182485342 0.000211155732906413 0.00062661275839412 0.000519970731370222 8.75600130496705e-05 0.00407338189825224 0.00611134897938636 0.00145992989326202 0.00170808494790476 0.00266595537783738 0.00289619209007804 -0.00291264968129078 -0.00203547161157645 0.000338935421382985 0.000264726876100383 0.00260859351508272 0.00386101197812653 0.00190255922621291 0.00035221936789049 0.00672959569496384 0.00846611714204375 0.00666939004095977 0.00794922182301559 0.00447830238015946 0.00469227543710583 0.00506429502969477 0.00719660796866597 0.00386548250261249 0.00396998643320972 0.0071155647408858 0.0101306454535393 0.0107051870897188 0.0120216621830843 0.00901206754348522 0.00997539176792867 0.0124915525946386 0.0114523689643751 -0.00443963857809373 0.00166515689435176 0.00207819124477025 0.00539738774845916 0.00145104737758063 0.00461461879864559 0.00192137285640005 0.00206751499962829 0.00391306760431192 0.00620776018544459 0.000428858318688936 0.00376396117837202 0.00347902855582076 0.0053937660979728 -3.08463073783772e-05 0.00301298104061501 0.00114130540805671 0.00311377382078289 -0.000225995392229203 -0.000221325348911477 0.00315066191390177 0.00697112615155378 0.005616380645621 0.00509312650230191 0.00432373311235827 0.00525223098654137 0.00423864312769584 0.00532315405685215 0.00366719758026431 0.00537160841223324 0.0037314411618114
0.00577639349573458 0.00501201855262815 0.00799054625135116 0.00040234614807918 0.00475344026067958 0.00378619992310972 0.0114829587207635 0.0036066295326661 0.0104203862936945 0.00486879757890087 0.0138819762234189 0.0117344583502952 0 0.015072155637302 0.0132663316462373 0.0121843418911011 -0.0018940977536251 0.00394860471807932 0.00756655306800162 0.0043323817021738 0.00350798900675853 0.0039531477602591 0.0109423702906804 0.00603581237819899 0.00498510680173609 0.00305367706523293 0.0039072231400884 0.00368373453346311 0.00403239735593533 0.00330275309929677 0.00428381555736355 0.00325453770943866 0.00669583796721423 0.0021669262255176 0.0043439062460737 0.00174272764069408 0.00272383976063477 0.0039283052285765 0.00525091507538504 0.00449580139414078 0.00769998587927429 0.00755186573383435 0.00410131621401914 0.00197957717459525 0.00231010972752557 0.00365028750964047 0.00195566864356691 0.00353630881702299 0.00307081441985375 0.0034767083820067 0.00642927853061846 0.00826471259214608 0.00573888903839848 0.0061912023890674 0.0125801461765111 0.000442202357335426 0.0107297664641905 0.00449491488046376 0.00993326097529194 0.00521321622480094 0.0060263163849149 0.00213951900356878 0.00336574294016242 0.00189704338674079 0.00550220921896274 0.00469921905467385 0.00289782223193083 0.00278924491420444 0.00125162544938442 0.00333277848549164 0.00402542703783344 0.00539718828880733 -0.00106258945036654 0.000789911475025117 0.00160832218180673 0.00181827525452648 0.00282110796641866 0.0010449719476065 0.0101627864099308 0.00690170972801865 0.0103696975012373 0.00463577234996617 0.00985464835200138 0.0112180760794234 0.00517003708117131 0.00614366982298956 0.00477270998913931 0.00599541344008108 0.00468998177349941
0.00352261347171261 0.00373465096530477 0.00666160974215251 0.00499724951011743 0.00538080295881883 0.00770707252806507 0.00639539016587186 0.00578928834986114 0.00366736268103057 0.00761966720501624 0.00844107776972786 0.0119663375627973 0.015072155637302 0 0.0126693957744927 0.0160537331330389 -0.0018070685507253 0.00265770429262798 0.0066391725771412 0.00445246216035869 0.00378910966549121 0.00317302487840178 0.0122849969383176 0.0136399598792493 0.00686479443266937 0.00653300085243344 0.00303406270944348 0.00407348176069119 0.00544451648297493 0.00820695934889775 0.00451574507738808 0.00514452149914564 0.00881418078066797 0.00443618688144681 0.00428336385380328 0.00243139379744625 0.00280475389302708 0.0041558250521189 0.00584353926303453 0.000699483970996508 0.00708542334553864 0.00691696410344732 0.00528536530502009 0.00334450039792072 0.00325068510354274 0.00421410115199323 0.00347872652528536 0.00362725514714324 0.00302363530275077 0.00368917347703912 0.00506499723375041 0.00681047522809289 0.00638348371461069 0.00630172895366965 0.00870617523919084 0.00579902924889777 0.0104859106512896 0.00861716811468983 0.0127866172884179 0.0149628803637875 0.00794178717764991 0.00708510788924864 0.00362925433986573 0.00394462113283703 0.00478181131940552 0.00466656495905547 0.00394176644237017 0.00462841443589866 -0.00217899977742401 0.00472463156675345 0.00654027820970913 0.00770908333201024 -0.000638986747302451 0.00154744732459448 0.00160554546482721 0.00405699255323369 0.00540998709861524 0.00651676708063143 0.0111029575094825 0.0110178075507521 0.0077191343408711 0.00704378411706537 0.00988763570789875 0.00951329756894435 0.00477914818008588 0.00580448531928857 0.00499066746486829 0.00486299324423736 0.00578619314212116
0.00047135051440379 6.20550615707608e-05 0.0126887132781512 0.00854416644619339 0.00813563270683297 0.00596647954382044 0.00719402774110469 0.00561904808103509 0.00837368476840384 0.00952390886695016 0.00173680500688816 0.0024134066174218 0.0132663316462373 0.0126693957744927 0 0.0170324801091553 -0.00163225881392865 7.47808969667934e-05 0.00473691587271156 0.00261661854910741 0.00667012981042024 0.00414334747556858 0.0213419102588385 0.0191124661773682 0.012057369999247 0.0107574174865933 0.00278687989000479 0.00240036561386062 0.00741432781934637 0.0122342802456249 0.00529224465019795 0.00520738066788815 0.0203609003343134 0.0115881135305304 0.00734191906220796 0.00435484218807093 0.00424305815724417 0.00413174742910389 0.00449579209874541 0.000821831091584046 0.0105395325402794 0.00953488091042929 0.00417355701942885 0.000994098929021516 0.00536115166229082 0.00500636158230284 0.00530095183437991 0.00492950121988698 0.00377454539466169 0.00379175282663903 0.00354499931825448 0.0046743844851427 0.00239076968201733 0.00395965215752359 0.0109646518344037 0.00594671987575932 0.00189025776746526 0.00228534256788744 0.0328068659897567 0.0228143731463179 0.0136063517063158 0.00841906623523156 0.00722761868622835 0.00367469762300248 0.00695032683823628 0.00698782839046613 0.00309383347795037 0.00382671836547342 0.00125757100204447 0.00306808225875236 0.0070216720205533 0.00813449791688093 0.00146024461399473 0.000318841363596177 0.00277046603425068 0.00252979062129226 0.00792230364447775 0.00652731469983506 0.0133048714423844 0.0106405258025639 0.00918274565531685 0.00494049297892281 0.0115885586456721 0.0117147350492245 0.00405080138581037 0.00518405010662226 0.00530212182306857 0.0040924620913214 0.0069040290827209
-0.00155925218339449 0.00134616872673293 0.0102236104519343 0.00946882414270891 0.00996397749135347 0.0106171447892604 0.00592253194084208 0.00919587076634789 0.00957889878391702 0.0159593031409715 0.000537118101138589 0.00851172260632201 0.0121843418911011 0.0160537331330389 0.0170324801091553 0 -0.000725569301051437 0.0010975546656568 0.00325151500079966 0.00278798788883493 0.00621712472103819 0.00236122062459491 0.018402121210696 0.0215361781067113 0.0128173038037689 0.0114918131858541 0.00236793219417922 0.00367881981743068 0.00579256615678652 0.013390063561933 0.00666835956973802 0.00791270213389212 0.0201749211173092 0.00886213478428349 0.00693880780820194 0.00513706301494794 0.00468481076254144 0.00554338861827727 0.00238198809027691 -0.00111726086266435 0.0117427713786034 0.0114112656960969 0.00602533247656987 0.00243562097647617 0.00585834249802696 0.00639786511128389 0.00620463330623268 0.00680552341625772 0.00393447207256273 0.0053358487766447 0.0024193445614208 0.0050485043560501 0.00404433354042148 0.00667530933089777 0.016036567900206 0.0177654144002468 0.00591908036063607 0.00777293309342922 0.0338617843284664 0.0298476795329261 0.0147739593561879 0.0129746812687294 0.00468912300833175 0.00468729750767949 0.00774266192233419 0.00864604408030137 0.00422650571872498 0.00572013838958323 -0.00254018297477412 0.00871910385331074 0.00773847512856093 0.00870781264232767 0.000507990141064655 0.00363779869077499 0.00167606202251705 0.0023883204054962 0.00700138793631983 0.0085412678315618 0.0132869056586295 0.0155347927574955 0.00862271853079399 0.00862900661188722 0.013181330411112 0.0121509758339523 0.00721435854650974 0.00801771717352215 0.00675379361601808 0.00519215247235094 0.0106136170052387
0.00755804376143712 0.00714645492961091 0.000799422061843748 0.00428015898053052 0.0019565402872641 0.00345516566649438 0.0017528799472031 0.00190455433486702 0.00309815019056374 0.000635544466427453 0.00405848264359205 0.000465071607661135 -0.0018940977536251 -0.0018070685507253 -0.00163225881392865 -0.000725569301051437 0 0.00975481104497828 0.00355737722083746 0.00177907855779059 0.000165416659312818 0.00165703527329501 0.00106552818549386 -0.000476187722034186 0.00124381160647237 0.00238268589607723 0.00707073728425152 0.00499510256132344 0.00318299795221404 0.00190915753027422 0.00921875292509097 0.00735677886287629 0.00352377460031037 0.000108714658698053 0.00593123729005221 0.00357081378800695 0.00315511932935913 0.00293661882681756 0.000397238799299864 0.0031307074024849 0.00926622033885329 0.00975803400532602 0.0110071671579804 0.0131258503639218 0.00847383749296231 0.00925977365402801 0.00888364117821287 0.0078723930635016 0.00519288922170465 0.00378337155599702 0.0139453732519858 0.0074795821681932 0.00786717463354959 0.00923715087907807 0.00459956185921205 0.00514522872784617 0.0129672982774744 0.0068942974967266 0.00690769606096883 -0.00222245251471257 0.00683966405670783 0.00593362284840327 0.00243696313328991 0.00404500981577444 0.00339566055208322 0.00309300078882233 0.00295918426218857 0.00328132578823172 -0.00245919958690543 0.00579599671051212 0.004315734095116 0.00132952008082405 0.0120071790679699 0.00633762689186655 0.00901123907769393 0.00314197846114245 0.00329626901731589 -0.000523961210571633 0.00438008911171893 0.000816451846246388 -0.000629666333100243 0.00311145615080828 0.00582500227503563 0.00555289900921358 0.0105993421134134 0.0100479754615699 0.00522416054408847 0.00566616356025139 0.00975705309190622
0.011636886125948 0.0110332135181243 0.0035341535856903 0.00287648574554435 0.00241116807902087 0.0064072440155499 0.00595830861994226 0.00443951864173813 0.00355437935175002 0.00254888857812622 0.00942548970105344 0.00604473871131056 0.00394860471807932 0.00265770429262798 7.47808969667934e-05 0.0010975546656568 0.00975481104497828 0 0.00813778366492937 0.00510465782161933 -0.000305471450498921 0.0050796815470122 0.000332740758400306 -0.00395841780562931 0.00140773546176484 0.00294470097994245 0.00637645735956361 0.00853869317101186 0.0032159029383303 0.00110401259253176 0.005309508431161 0.00370651988428721 0.00173172586909681 -0.000957815676182046 0.00391840680946423 0.00178511481774276 0.000369108656589225 0.0026015536159496 0.0048668069333528 0.00330663072448442 0.0114635389545371 0.0116392185433103 0.012957243059404 0.0161913231405246 0.010711374195774 0.00956105480870284 0.0114063468461722 0.0102132779884097 0.00438083894415502 0.00511389660809419 0.0184033168765499 0.0146240871937853 0.012163386393314 0.0128067839278532 0.00662115033696395 0.00286402481591902 0.0135345286958937 0.0104937097073172 0.00417016755424365 -0.00241782627305784 0.00701980078412237 0.00441982503660321 0.00826230671681314 0.00651804983018611 0.00393820704607805 0.00133159864686037 0.0033330389610856 0.00587891860494216 0.00107336458168656 0.00609348731715658 0.00530503477611587 0.00341390370664496 0.0120326255586481 0.0118401975080026 0.0109023327512223 0.0066557569985531 -0.00110594330308178 -0.00216796455016691 0.00534976330714758 0.0045597008800686 0.00110260173295832 0.00304202506514955 0.00616902982431603 0.00778344875010973 0.00925143915588066 0.00886886007945803 0.00691637695614514 0.00817683356249748 0.00783678946622295
0.00875136948235877 0.00628701431628874 0.00574352719538497 0.00448750188559672 0.00335642971930638 0.00419277301588326 0.00772619854745831 0.00378768989570482 0.00397719131212534 0.00203037297108544 0.00846968045001016 0.00597931159611321 0.00756655306800162 0.0066391725771412 0.00473691587271156 0.00325151500079966 0.00355737722083746 0.00813778366492937 0 0.00564811072821126 0.00181660032518649 0.00291870651614867 0.00677025315573618 0.00263810083345473 0.00172525234413652 0.00241440714348361 0.00456302000188285 0.00475352137664734 0.00367778927493942 0.00275702562490144 0.00492848156568182 0.00362280656651227 0.00344619565173135 -0.000282520379834374 0.00237172258842117 0.000829305601907409 0.0016321805968135 0.00190986097342968 0.0026534252733157 0.00155774566246755 0.00818859519782755 0.00769035257287644 0.00723490692536071 0.00665787589418921 0.00543560386650515 0.00513155157055314 0.00687580296192923 0.00702702368860965 0.00290683832685653 0.00328519650555621 0.00998970481171345 0.00762105075606147 0.0102711853229621 0.00954901248635252 0.00768080524064312 0.00320480459110582 0.0100882708965461 0.00793651953157785 0.0070420601088304 0.00382461739654507 0.00717008888538601 0.00493204662921162 0.00433331642556398 0.002904732590836 0.00502426744045976 0.00409298063964497 0.00475397906928692 0.0057433458359111 0.00317360639076322 0.00294944287979713 0.00450938883725186 0.00426660117126845 0.0038194567974058 0.00418414667469694 0.00469392063201128 0.00381260100881563 0.00128571618635658 0.000179395490364398 0.00591813410426144 0.00428569721886235 0.00334921261920065 0.00251618918552435 0.00754927883509589 0.00898249072015704 0.00574967889146141 0.00686320022704535 0.00509870433666298 0.0063280621176153 0.0049996409371176
0.00734198174770516 0.00721290101536668 0.00305002784368092 0.00323366856882316 0.00298957929932662 0.00231253841920584 0.00383249565328735 0.00300969200695126 0.000542461456455928 0.00126132906058511 0.00454906259745654 0.00452178442779095 0.0043323817021738 0.00445246216035869 0.00261661854910741 0.00278798788883493 0.00177907855779059 0.00510465782161933 0.00564811072821126 0 0.000913642743127934 0.00138605668626352 0.00416684992403822 0.00333966867920945 0.00115365141915089 0.0015810479300075 0.00202038111834055 0.00257636486389212 0.00145279641252049 0.00158668412415546 0.0021623981434017 0.00219827779208112 0.00217598170088469 0.000295900427064026 0.000717351987915088 0.000721707811697441 0.000705833879370441 0.000965986865663401 0.00070807588507353 -5.77562473280303e-05 0.00609854066085506 0.00619134493561871 0.00575357998136629 0.00583586531098533 0.00586317228879097 0.00516987550309189 0.00475575462614911 0.00610921963362954 0.00198307990197419 0.00167360939623551 0.00780046198084735 0.0075022385350403 0.00676821838170287 0.00756845621291275 0.00385680849269155 0.00280149988964519 0.00415097694249543 0.00332081890782615 0.00211927949941021 0.00168665051721926 0.00236460809019703 0.000817690491294941 0.00517218427009474 0.00496577170248045 0.00289889272279581 0.00211853925740717 0.00278208355406527 0.00326080212650716 0.00191574269055357 0.000993501691542628 0.002933214504065 0.00182556033783184 0.00213719074327909 0.00182842478103926 0.00295178422257814 0.00347312227933605 0.0017085105572128 0.00145078872452487 0.00270950474707046 0.00385371306301366 0.00152281231216269 0.00162754380271581 0.00197722844271907 0.00220933916743528 0.00160029274053609 0.00226681028346768 0.00253440472158582 0.00275509479297887 0.00175466178494447
-0.000193007022025203 0.000728769205077944 0.00565881330618762 0.0057301412679636 0.0035588838236107 0.00257452660588999 0.00297696983188185 0.00478974690178228 0.00308599651934639 0.00544873657519185 0.0011013793156013 0.00168796021851134 0.00350798900675853 0.00378910966549121 0.00667012981042024 0.00621712472103819 0.000165416659312818 -0.000305471450498921 0.00181660032518649 0.000913642743127934 0 0.000193272415174946 0.00729141950047263 0.00823845888275029 0.00560931179301976 0.00518561117279236 0.00139833526242673 0.000929430036543556 0.00331247956207121 0.00650328096073641 0.0034194419540196 0.00393937070906567 0.00965987584183997 0.00410567671573461 0.00357988359380194 0.00271974990490078 0.00320227177229767 0.00254086632737631 0.002226208439109 0.00129747706488703 0.00558373469472672 0.00557769839158385 0.00202167201645358 0.0011504276984525 0.00213811910455567 0.00325401168008215 0.00290763516171969 0.00330355064985406 0.00200128022315121 0.00203135524495451 0.000926980887925541 0.0017618146917115 0.00180581277309533 0.00266841917910035 0.00672942062353159 0.00591247049208879 0.00159129461423138 0.00194710273234906 0.0166385448487135 0.014557196236265 0.00844901110483137 0.00722396624208262 0.00279561626875485 0.001615173140875 0.00233522753852501 0.00284119229241001 0.000945582495775893 0.00148043631284886 0.00215541439956469 0.00168246854517208 0.00295230284054642 0.00357850971139774 -0.00021955105389785 0.00164983386581145 0.000643770420318125 0.000690607899296167 0.00344858482097007 0.00365827262378645 0.00606021289628738 0.00597999176117943 0.00557581714096885 0.00364601667573929 0.00712773454070391 0.00661982797500834 0.00367007358333074 0.00410847845584459 0.0038140411647825 0.00261326557053331 0.00437607746495371
0.00464380965859383 0.00240697780866942 0.00343686115156795 0.0014366477798967 0.000352268064797014 0.00154887203096543 0.00118471967618961 0.000455778377504752 0.000941568589667951 -6.22448775338219e-05 0.00361751763674457 0.00310699182485342 0.0039531477602591 0.00317302487840178 0.00414334747556858 0.00236122062459491 0.00165703527329501 0.0050796815470122 0.00291870651614867 0.00138605668626352 0.000193272415174946 0 0.00175250084261297 -0.000149228617104494 0.00287190395699584 0.00347892179581285 0.00256073592302255 0.00477948793306799 0.00433385974966038 0.00438703631927785 0.0010743629508132 3.43108888468872e-05 0.00250901105958744 0.00360373771810984 0.00439133092636652 0.00147513443088758 -0.000494441235693917 0.00209176264577978 0.00310778250280617 0.0030299162612179 0.0100658691314113 0.0075139044945965 0.00829672226290502 0.00905962157634791 0.00774115389362005 0.00667662868528963 0.00819783891605395 0.00601354761753314 0.00381295167050108 0.00306126788440253 0.00539438197828148 0.00463587634968058 0.00558933530680433 0.00497677461788005 0.00175476647734034 -0.00426679350691236 0.000843764369178012 0.00177554024610956 0.00485522804473341 0.000143989841489463 0.00313943704876892 0.00145762137712946 0.00569618027028772 0.00187501686490662 0.000685287869443513 0.0009258518968796 0.00186062446657136 0.00282914830930321 -0.00435121290628471 0.00280457048055461 0.00394032092916253 0.00524259190950568 0.00522488177406183 0.0045327069213356 0.00486565877397955 0.00240429286704176 0.00035701631711759 -0.000682023886679728 0.00323232925737596 0.00289389252081253 0.00252095176070056 0.00176120651210519 0.00293254607305687 0.00239525113652448 0.00333714084651221 0.00271573700970966 0.00350136117643178 0.00325427351723695 0.0026801259223314
