0 0.379754138332713 0.19680008517805 0.146157977107563 0.0991030832349466 0.105468010897318 0.210845162514182 0.128682391520713 0.15042346862712 0.0659178457001584 0.238127686898275 0.224951498036468 0.238413341553096 0.173954565771764 0.131871810231602 0.0840086477299382 0.27749901330471 0.314040662569952 0.27579204796227 0.253277187746058 0.0300037850281004 0.065434796263243 0.140152721130252 0.059556161343253 0.102970945205443 0.104905378536875 0.211726928482725 0.159418436220769 0.0923967950094782 0.0631471694503065 0.270536323931932 0.220047547339199 0.103796798439266 0.154650757094688 0.147992074712434 0.106067844868861 0.0874196722228711 0.136959533776856 0.119041443935269 0.158941756838762 0.16082829946576 0.202272633875901 0.212630811407881 0.239861074996734 0.202484037063963 0.250529382645763 0.176082182144038 0.151966590845859 0.177575307627916 0.182914102200557 0.403392403926941 0.381213864792566 0.240089807095547 0.242217033202255 0.16073056890186 0.134286699333791 0.308183894415049 0.240555560474611 0.102311343631837 0.00673898198106379 0.208192117110955 0.154382316571186 0.378917495205675 0.366663970609419 0.106275981775888 0.0656330041748481 0.0474732034007123 0.0294125049229524 0.0816157126154639 -0.0301285615651437 0.0517347516437126 0.0920430465222205 0.192725046101653 0.230129757386256 0.363108976600785 0.304815536839033 0.15524474842685 0.118616289960758 0.22835422700354 0.180553229160367 0.175335036249782 0.165037362334871 0.0446896402939983 0.0951566041961028 0.117431730967082 0.114895119953491 0.0806737443208543 0.110504216190608 0.148387422851917
0.379754138332713 0 0.198761879908937 0.164309535998869 0.119230178967854 0.130250446252775 0.168226596242408 0.113610865828113 0.167201788317338 0.0999953836623093 0.170679039902615 0.237778298975815 0.204232234633956 0.175388313360163 0.134109805556296 0.122266893642064 0.270792048223824 0.339569125226051 0.270472422008531 0.256653040016966 0.00885245330485525 0.0490202262681985 0.150585870279565 0.0306858344309514 0.134628037778523 0.105623608555765 0.221584641567216 0.173110528231855 0.103268982003515 0.0854556092991465 0.273905973004275 0.23055637583232 0.104740106155468 0.162855830296674 0.142415023946137 0.13163719382697 0.0864813074181432 0.148979141758505 0.177532199853092 0.198677760582084 0.148665321941598 0.198510463377012 0.274455635175712 0.289550093350136 0.22074246012021 0.239351920581771 0.199967540165727 0.206727919947178 0.197341387973044 0.190133017017286 0.423424346895708 0.402907618889406 0.281080871692234 0.292875553664313 0.115336996022455 0.132224961032951 0.293003950144974 0.278274953130154 0.0589659573609666 0.00937356592464747 0.240153113580478 0.156471995169785 0.383755266033409 0.402954692897814 0.135526237668368 0.0979245849312381 0.0558202980233162 0.0824244455524489 0.0871665701487442 0.00867710158486797 0.060109631115564 0.125348823518228 0.203582662887683 0.262789212429704 0.390693022584884 0.384260634806056 0.186195846824671 0.164970549839081 0.223946255715819 0.189762429610981 0.168047973427957 0.181236535435045 0.0287660943135921 0.0637115727650515 0.109974491205063 0.125707127448059 0.069089840090175 0.106009061504602 0.132735984075872
0.19680008517805 0.198761879908937 0 0.215134652170098 0.170252169450465 0.14618076834066 0.322054969606721 0.213031557538745 0.237235759926925 0.104872383975474 0.198937099703891 0.152847670703266 0.252098978072034 0.161953917009152 0.205780949395185 0.230175817779572 0.176573351547174 0.209739461832761 0.210659488887223 0.161603343342849 0.0634036663794687 0.0452147182623544 0.285907825716476 0.235819636978227 0.196273374512024 0.162474235665769 0.184191082405801 0.108108717794494 0.19754560639221 0.176029251158962 0.300805838209442 0.260012623139865 0.256727023998632 0.285439595746342 0.122715104882643 0.0795702449494766 0.0943710240957089 0.112803340442204 0.0717300406296622 0.111975298428598 0.196251702826888 0.190254902699064 0.179287000189096 0.183956214496086 0.129800298538397 0.172562913796767 0.215930958118773 0.218738758219817 0.164994530587502 0.160395571458493 0.205526456948777 0.201082311544646 0.231575449405509 0.219916117726097 0.227957868677941 0.167168699260225 0.26808395843915 0.18065575141001 0.300869722237132 0.226660612561078 0.272308799607263 0.207779483914636 0.15640564038421 0.192046994613946 0.177596935952586 0.16317748165533 0.134172949525581 0.127017980751947 0.109904000889773 0.0151176591851399 0.186442157749096 0.134056489627709 0.131452437943343 0.213367310056579 0.238560202447009 0.217692056851258 0.179623497611055 0.131740993941988 0.27445219872295 0.244175333531338 0.207586822816391 0.179649336019614 0.187909007621648 0.19423062689923 0.199353629389677 0.171749893155836 0.122914800311031 0.167273945682784 0.210025637929999
0.146157977107563 0.164309535998869 0.215134652170098 0 0.152401699500367 0.221822967380574 0.279998429343875 0.316877178949235 0.191900445349564 0.170248237423982 0.183105361775583 0.185073771399895 0.191364389799022 0.218857215750638 0.146914867765296 0.215502590051015 0.138823723516882 0.157562961090603 0.162475871350166 0.145309157217235 -0.00768080257030825 0.0564246054827045 0.200488911738518 0.227952375468726 0.171764862511357 0.177964774400942 0.145282225724353 0.11853402994098 0.150349237304378 0.184471750706048 0.224430262965833 0.27395340789786 0.248980553830823 0.334063043252381 0.0844609131521234 0.095142501818804 0.0891529536484517 0.134161128506785 0.0825128898142122 0.152875877230296 0.266489462790679 0.242655917044222 0.218081967937778 0.200219671469546 0.165765747895348 0.228538412090484 0.259327510579906 0.276743632996014 0.14489614924856 0.19050280790268 0.124356812480034 0.154318288019769 0.281680911450745 0.271975879416883 0.255217073638277 0.301776269159747 0.234561668004265 0.228763711864033 0.239801244917688 0.320284107565139 0.296529246669626 0.278084539158248 0.039044535583203 0.117429147805499 0.22321913541146 0.200056443570294 0.200881091145232 0.217722702206589 0.14559116403426 0.0928288633205209 0.202894682647975 0.20135912853663 0.106792145892158 0.184687201455001 0.172897774428129 0.193509549743954 0.151501540549775 0.163010188779159 0.177516110348366 0.285349421435122 0.187789333205503 0.228507107914857 0.240799082353368 0.230001560982143 0.253767099556387 0.217241102441345 0.220324485457552 0.246084749043319 0.258162597125779
0.0991030832349466 0.119230178967854 0.170252169450465 0.152401699500367 0 0.142152687298513 0.254567341230923 0.206847721219527 0.207331699133495 0.158743838716467 0.123164582306488 0.11816156833061 0.171602623045604 0.132817509559304 0.149029126223094 0.167314610066592 0.0823992970249015 0.0939350950523651 0.0998671160046679 0.0870390267398312 0.0333574536920032 0.0156435613024948 0.19321269390277 0.146731552910077 0.147505355713828 0.138522110819563 0.109955498512143 0.0559257930239865 0.108896086653225 0.119118141744214 0.164513599344476 0.153856597393436 0.163364634503378 0.208484105205667 0.0850875692737275 0.0663799052708142 0.0475234629385059 0.084813503929549 0.0891787671439506 0.116878796911852 0.137327693063132 0.120066177869437 0.125809915850019 0.142014918775341 0.100373638371762 0.139642361850177 0.15567816206849 0.155437734963299 0.0938464611282613 0.110370938244038 0.0825835206759961 0.0948597624071139 0.161691258621945 0.156344158540788 0.215562467161535 0.157623686768661 0.128190790872535 0.127708874189122 0.212068591507775 0.204074448401739 0.16881047638888 0.155293851845001 0.0535838087872373 0.0927950826431562 0.144804256091865 0.145898131992984 0.143682840558622 0.125530019328064 0.0976238464352738 0.0405346862555317 0.141612053735107 0.112240691092278 0.0406273937140442 0.0777557511011387 0.112773821950487 0.119133461439567 0.104118737485226 0.101186546864133 0.145791466787003 0.168866972472521 0.156051425292349 0.154063814144206 0.180862219729517 0.190378257094484 0.163347196920438 0.152525120954779 0.116890770964361 0.149829402104102 0.185998372579312
0.105468010897318 0.130250446252775 0.14618076834066 0.221822967380574 0.142152687298513 0 0.229141650438552 0.255910651131382 0.161740207335615 0.152931513238955 0.127954209298555 0.189289526118761 0.178149561196813 0.218731243990831 0.125157120216941 0.198853078145388 0.104663204477855 0.154909651507459 0.124095606896683 0.105331011730919 0.00440875500266581 0.046090432250689 0.167888405659179 0.151989890210111 0.18001511545502 0.156624689626876 0.161344115040647 0.127480621759985 0.119305521006751 0.176183946237264 0.17404728603994 0.249920742330525 0.220076413570106 0.237819747508817 0.0563425533462634 0.085219363622269 0.0839386645213964 0.12774835292101 0.122937550364028 0.187242195703756 0.255919950364991 0.240222227058094 0.243515862779908 0.223222950310101 0.201376978975061 0.249833398879449 0.268698914593217 0.275756080017987 0.125425677960532 0.21241172312409 0.128890303177716 0.128774347097061 0.280088475439703 0.265632654594032 0.217148430426382 0.271178414536782 0.223341935214444 0.228895149595336 0.153018229753318 0.250463624151792 0.241297201424756 0.239985986838227 0.031941417722395 0.103161634800712 0.214086274812982 0.199605188996235 0.163763155242388 0.215471342062675 0.116402030366506 0.0959680951797187 0.220854769397394 0.225609080546987 0.0989828939162575 0.173583339901418 0.164878514353603 0.168109466291294 0.140445822180299 0.130024398582487 0.130010299934399 0.25745275808453 0.158647016781306 0.23649972326892 0.229554930092733 0.195713475518049 0.237289465174267 0.204791291117905 0.219460723423296 0.22623829135134 0.245992771200079
0.210845162514182 0.168226596242408 0.322054969606721 0.279998429343875 0.254567341230923 0.229141650438552 0 0.351732127401478 0.350628714211272 0.188151263164093 0.24819125938834 0.190953254916607 0.331574034476194 0.235469573170358 0.277176278516181 0.269589640913145 0.136620865459564 0.151630847036497 0.183347502562147 0.13984222809229 0.0343763442721508 0.0142199208303858 0.322857923066802 0.2511795258472 0.245774795007142 0.205717910120039 0.170084444740672 0.0797411777438645 0.165448437662672 0.175719708113999 0.292235466033606 0.273861260800236 0.331066711702041 0.365442031588964 0.116511898835874 0.0958196216556193 0.084815236772377 0.140715771587654 0.104947944004515 0.189535562700386 0.269423351887478 0.24203044600306 0.234787582298159 0.235436830597933 0.171992492397179 0.245089555267019 0.310172459484074 0.300752045737712 0.186881076037008 0.216232177252132 0.143472206915061 0.173970524098298 0.318327398739502 0.286392984972392 0.385293632445256 0.290960847987904 0.274305104797598 0.171202762718708 0.416822947017845 0.363281572060496 0.317083199073541 0.271021176241406 0.136563293053649 0.148493815929043 0.283471265315968 0.26254041935263 0.218972014907432 0.212634587654025 0.177203926584873 0.0575459031783484 0.283978335563086 0.204654413657712 0.0755352831718244 0.166936967705065 0.201246803255541 0.193902153474879 0.176549035309558 0.164928487197482 0.290695973175126 0.314278954469703 0.284324602234249 0.289543027114267 0.335328603957177 0.352743593455942 0.310867792395686 0.271549273184744 0.237847293866475 0.279817952742725 0.335332322804905
0.128682391520713 0.113610865828113 0.213031557538745 0.316877178949235 0.206847721219527 0.255910651131382 0.351732127401478 0 0.217246842137484 0.231229064690519 0.177394128899744 0.268910619768287 0.214573869065539 0.291348363883768 0.13623181860623 0.242072422330396 0.105443759534351 0.132285968249452 0.146509732236919 0.123101127204505 -0.0178695584396916 0.00870908144241576 0.201273445707606 0.24469064348595 0.180353447266424 0.160862521270488 0.141747468353915 0.122622477545227 0.144853598371677 0.186009443902379 0.211302852485 0.294084216062108 0.240688637812116 0.353300985051221 0.0766339034816834 0.0723970921746995 0.0801058319282431 0.141419857318318 0.10329371807468 0.200336189435038 0.264765320207808 0.251094826849469 0.227312458315654 0.21959740460524 0.1604943195633 0.237279711198381 0.291159676269958 0.307995799587955 0.127178487226115 0.214466953266058 0.083700604919543 0.105019352179532 0.306974536489083 0.309604218411332 0.337413439425452 0.385328506021185 0.235929018389258 0.247171319200548 0.247758753611028 0.414375071400123 0.296584597343584 0.301070256335511 -0.00640169729403371 0.0631382114769411 0.24688735909037 0.255884310938454 0.252683181071406 0.275084958954469 0.166633234015622 0.122089087953219 0.241768085326359 0.261233206939541 0.0821741575721821 0.19656610043741 0.152247524631116 0.191181121908365 0.141035346717998 0.155790677820749 0.171683372340801 0.320926801849754 0.184686864440176 0.284593393431828 0.306275638587013 0.264675244074928 0.291398631594791 0.261432293295398 0.266242547605748 0.281040501648911 0.303508230787224
0.15042346862712 0.167201788317338 0.237235759926925 0.191900445349564 0.207331699133495 0.161740207335615 0.350628714211272 0.217246842137484 0 0.268708436835943 0.171882363632401 0.108874666171807 0.276334187368595 0.15918063027569 0.27378520604034 0.259457527773371 0.0894899787669666 0.11944098381756 0.146271777099131 0.109298692634737 0.0404373435908672 0.0231911550584349 0.27425928445402 0.211852778293071 0.190775049429976 0.187880654362537 0.121768891535306 0.040259172193995 0.126738808608179 0.138591983063685 0.216933435850958 0.160327809555715 0.240954925912633 0.228780440991542 0.140620915972796 0.0817106460126402 0.0784797592619304 0.10941706696454 0.0969697077165589 0.155057337941991 0.153224760647369 0.127801249052275 0.161956607080251 0.168763745221161 0.0990790885558364 0.169341860759156 0.199686297872528 0.210434803023019 0.122943170499346 0.123115287377122 0.122280776947597 0.151564503530412 0.195038631460631 0.175291747715086 0.259222891832466 0.157472912539546 0.16559358259908 0.124838494175924 0.348906041107195 0.248547918743125 0.212169752598365 0.161474110046507 0.141462884621147 0.16044939780251 0.234978622463806 0.191330160058641 0.162804380318614 0.117762191816779 0.144056315620013 0.00622859892653326 0.199826183632422 0.125879311426367 0.0223279456517708 0.0835037117403266 0.166994931633333 0.168688252606517 0.158941550531492 0.13920591463455 0.217736997623296 0.251605584294746 0.233323172000364 0.199036821361532 0.273410371086549 0.307523739969712 0.200203845629079 0.201104447667559 0.120231281836892 0.178942327874857 0.212713525163769
0.0659178457001584 0.0999953836623093 0.104872383975474 0.170248237423982 0.158743838716467 0.152931513238955 0.188151263164093 0.231229064690519 0.268708436835943 0 0.0765356519700377 0.11824307143146 0.104219889716112 0.141850911645308 0.152315708362578 0.260460230356801 0.0417619825861213 0.0777782851503438 0.113025694186683 0.0676865378456277 0.00171516856018418 0.0020640892369578 0.176323051397519 0.195563945711062 0.0776009295010798 0.102149527620092 0.0350651648970946 0.0774575304557133 0.076261535557949 0.139747887267477 0.109829194844918 0.073872490561723 0.0677437648653515 0.126025391794681 0.042955014640639 0.0352148078411859 0.0565330800490049 0.0752579167773778 0.0597763718613477 0.113968794026225 0.0373273270977037 0.0134672075372346 0.0227094983846487 0.0479038633646543 0.00736383954873818 0.051677085197736 0.034251454519868 0.0549305391174609 0.014709652316002 0.0500770787763339 0.0278544590471999 0.0658339991914675 0.0400597349732481 0.0640941256500859 0.130012707269802 0.204867162943197 0.0676146256398671 0.0706164832837372 0.206414811318317 0.265989738255973 0.0604791206757478 0.0538253200203204 0.00426391187806098 0.0196966306535724 0.148050320678837 0.166633106772041 0.163187195418643 0.120845938518921 0.0846782927649244 0.00545114510905735 0.0717895866364373 0.0832292667970486 0.0177632664622689 0.0439345423271521 0.0822698425792369 0.116153447523623 0.0551979307737558 0.109122653319904 0.142112126644634 0.160090587275897 0.117248389684062 0.133692450158858 0.195391703014601 0.13116768821585 0.101851226901002 0.0951596823619776 0.0707334193568872 0.0641707647312208 0.102832862350829
0.238127686898275 0.170679039902615 0.198937099703891 0.183105361775583 0.123164582306488 0.127954209298555 0.24819125938834 0.177394128899744 0.171882363632401 0.0765356519700377 0 0.231255720522698 0.33216065664348 0.206745643452499 0.0941931497921962 0.12745089912938 0.162335613903403 0.155867440186213 0.191533357295291 0.133271241750379 0.017698646132768 0.0669906070879314 0.137311790848603 0.0984693999095766 0.125585185311265 0.13360449432823 0.195593847208597 0.118250153059495 0.0859794840153966 0.0898977458620358 0.184225747257063 0.181309108054806 0.175506114943141 0.215333456536377 0.100412457347175 0.0828821409297196 0.102829661339618 0.157503754184679 0.13767078308611 0.16188133721407 0.236203660139807 0.243367882626757 0.156191178309232 0.138347115519075 0.167769532136887 0.224111869963389 0.234310832476427 0.187480976786798 0.192820129575662 0.183972712214212 0.169235956880716 0.207757268853761 0.198014450734368 0.224400234574936 0.283396975238215 0.198245171275108 0.30680637086757 0.224676652304727 0.186514062568518 0.155748872277869 0.225998335995173 0.196875420214124 0.128800202272281 0.139380430865037 0.140524282743582 0.135681199859115 0.161709697607893 0.121876426415109 0.170238335096908 0.0246630243788049 0.144203579760104 0.15418252342151 0.0813687251261749 0.1812239209307 0.193167119266768 0.186600812224697 0.114453920069878 0.0772854325171558 0.157828086527381 0.194225056761386 0.193668833887657 0.193921304968475 0.142920284355624 0.174089826376788 0.161956636285137 0.17320198882575 0.180248065353513 0.234931077118008 0.192711265228527
0.224951498036468 0.237778298975815 0.152847670703266 0.185073771399895 0.11816156833061 0.189289526118761 0.190953254916607 0.268910619768287 0.108874666171807 0.11824307143146 0.231255720522698 0 0.200339854028882 0.327265039032176 0.0649834942537435 0.146331374489563 0.204334852531911 0.255290819783178 0.185748762662293 0.207796738089713 -0.0115543906177211 0.00543517900261401 0.106780177053275 0.100683477037761 0.0785991114077813 0.0961939905747101 0.217793382393308 0.22638785169444 0.127372570982772 0.11654108174242 0.205577784139097 0.234486605717689 0.111302450081752 0.200759217971007 0.0950970739503656 0.0546160918235479 0.0930740720376458 0.130560223050749 0.141422473157056 0.165598573874636 0.207873604808339 0.239977958618509 0.226784458963971 0.216445489808186 0.179893007007883 0.216072402378737 0.229393938441218 0.214419446150322 0.154461140387347 0.192881995305905 0.198454456449401 0.199385324905251 0.255416190137395 0.307777820996826 0.245281487469208 0.310498896948233 0.322181350257156 0.386546524926924 0.0500124154507564 0.144006430776779 0.219592461171422 0.228156277721436 0.0881672374871892 0.13017814918133 0.145418695944334 0.170553884603349 0.163231466062874 0.210867137488438 0.137145176196095 0.117726564802515 0.160002550466063 0.198107062479131 0.14602722879812 0.253685190228492 0.244258627288266 0.248251548363495 0.148750851630433 0.145956599069568 0.136975546994708 0.226352284335285 0.115814779520116 0.215373257976556 0.124477243129836 0.0973388906281909 0.192092435139996 0.173394046112562 0.188264223267042 0.197270562119388 0.198936997115576
0.238413341553096 0.204232234633956 0.252098978072034 0.191364389799022 0.171602623045604 0.178149561196813 0.331574034476194 0.214573869065539 0.276334187368595 0.104219889716112 0.33216065664348 0.200339854028882 0 0.246519220230479 0.230651815125705 0.223839263360981 0.170815647528497 0.1906862161496 0.207495181238298 0.156841128427693 0.0510280870529523 0.0117727829547813 0.278407337219997 0.18560851965658 0.220505881644668 0.187179112913439 0.225743847662372 0.108317002510113 0.147513615465435 0.146458756583806 0.253966728009942 0.243141628704336 0.270268245179603 0.246851742801434 0.137362137231752 0.0681953909117176 0.0694977132240422 0.165968530671928 0.142914885634017 0.18766623589781 0.228433406964029 0.232312451006717 0.222283293696582 0.202755365186804 0.190703547332634 0.233746879291409 0.259294613695868 0.23888006516222 0.199892215996744 0.179135671201532 0.2025632711379 0.232704177781307 0.262449881351847 0.240411255684132 0.322812950568948 0.228215517612272 0.308655497057524 0.224667790880306 0.296310086780577 0.213181868360503 0.259869307747932 0.214906356489497 0.140051823892484 0.182724192215505 0.212791074220221 0.181249092691553 0.192641959634017 0.156828054141629 0.182217415932394 0.0373602184121289 0.225620057102644 0.170100407930225 0.0985006721647461 0.181120645159487 0.247432850544383 0.233588339641525 0.185563211097227 0.131320067757119 0.263727076566232 0.240882081526279 0.253267777414416 0.225135665099211 0.191045304520842 0.208997121197283 0.203323642291148 0.192395485005276 0.161069821184175 0.213730581751017 0.225844219837377
0.173954565771764 0.175388313360163 0.161953917009152 0.218857215750638 0.132817509559304 0.218731243990831 0.235469573170358 0.291348363883768 0.15918063027569 0.141850911645308 0.206745643452499 0.327265039032176 0.246519220230479 0 0.119475694853811 0.248634939751451 0.17838002742296 0.220312638206661 0.123859493080129 0.158636542406347 0.00337226682134512 -0.00572967738984882 0.165039067268404 0.16444356902976 0.123066454777005 0.131254777785061 0.237029053556258 0.216249397088086 0.172291160341117 0.166415101869654 0.216583392810918 0.281514472462626 0.181676960439375 0.245842690069367 0.0609890477909083 0.0350302292452927 0.0819722070818 0.151941091160021 0.128517249911592 0.211076751124078 0.261128395062063 0.267330068293957 0.232561838988699 0.222006163232022 0.199787381608253 0.240125026842763 0.261989265612465 0.250386649701068 0.18103453282726 0.205944458953339 0.173382632707066 0.186618217775412 0.304421613361997 0.307765730007912 0.282025770650577 0.327146848223393 0.31133802488653 0.345412273668719 0.133233901583594 0.250603300054714 0.264460167812574 0.245332844427612 0.0416838847306939 0.113341509158328 0.173020427862226 0.178940953451283 0.187842541764225 0.269632237812751 0.191759985122755 0.14507819419704 0.227100649699698 0.258817022879725 0.116911205654696 0.262904500166224 0.248726549302781 0.263977932645961 0.174413569722856 0.188873461882214 0.192015350575545 0.322816012609703 0.155396357673988 0.261849259487801 0.149817864247748 0.120740901648729 0.215502845217297 0.178279743196139 0.203443360865503 0.20786358047685 0.220104382609388
0.131871810231602 0.134109805556296 0.205780949395185 0.146914867765296 0.149029126223094 0.125157120216941 0.277176278516181 0.13623181860623 0.27378520604034 0.152315708362578 0.0941931497921962 0.0649834942537435 0.230651815125705 0.119475694853811 0 0.264056473871812 0.134620836430291 0.142977332041394 0.169586099880578 0.110842283150044 0.0782842003900957 0.00460555256244762 0.340805625795027 0.246959152832753 0.194580719994856 0.175068300074486 0.13334250486413 0.0763477581188216 0.191167508278441 0.172483718328684 0.233996390627032 0.163385673299954 0.24020069211586 0.180849477128436 0.0981640746852928 0.0647203340947396 0.0592351902038806 0.082815680366329 0.0231776514600164 0.0776690325738421 0.132601026149769 0.115725596503821 0.132151083283881 0.110682676983307 0.0827050101020848 0.125276482992835 0.126618152637338 0.123152379998287 0.11099039528977 0.0915486187379495 0.122770844602636 0.124393895924237 0.120325108375735 0.0879341083347183 0.186487626803272 0.105818200704564 0.123468943180471 0.056884684806001 0.340351147460437 0.178797595231869 0.14525821188249 0.111211751316074 0.10717768817625 0.113610872693698 0.169925305679238 0.122367919052043 0.0976007793049649 0.0817279564375555 0.0799769185845519 0.0153547363466157 0.179246997650406 0.0751443466944767 0.103822653908819 0.144268282510841 0.16240403133518 0.153231551697945 0.148868484042822 0.136788734886881 0.256876600989269 0.191331719289783 0.18038364031375 0.129067485076522 0.153520863425872 0.160676518885439 0.109129250648867 0.111707648331183 0.0550547306431228 0.0865609611422605 0.128205794251094
0.0840086477299382 0.122266893642064 0.230175817779572 0.215502590051015 0.167314610066592 0.198853078145388 0.269589640913145 0.242072422330396 0.259457527773371 0.260460230356801 0.12745089912938 0.146331374489563 0.223839263360981 0.248634939751451 0.264056473871812 0 0.128720380653325 0.137217216209805 0.15010486915949 0.108811989673197 0.0710269712974216 0.0127226433289879 0.325462574377203 0.302853606952196 0.206106715570261 0.186923838087439 0.160244412186446 0.131091505171244 0.218304931424068 0.245684373968282 0.214547932740235 0.212145709246697 0.227933755176376 0.196648245761105 0.0678024642596783 0.0662313017469387 0.0882064568433655 0.122365066312628 0.0763824386024376 0.139229525796537 0.175330916515787 0.146056137609189 0.142253119889431 0.129089915768339 0.0922964326992924 0.142331311456645 0.156860013587662 0.1605923304114 0.0965748793656165 0.128452468863532 0.107255522303491 0.10646581725554 0.14232571074398 0.120585724388465 0.208646597771921 0.22224579348663 0.16403996952931 0.144017371437311 0.329964162982728 0.286807090884271 0.162347478891935 0.161903463368968 0.0111633844472636 0.0804656549531871 0.196767007937382 0.195661920818545 0.181926054418017 0.177214723122372 0.136253372556438 0.112264742864437 0.189132806154848 0.184876744760695 0.103981229704114 0.186010500178452 0.159885964951349 0.169070997073259 0.170022331577717 0.185330546657438 0.239930880446735 0.282199298463236 0.173822709791589 0.18975422908364 0.186633680889216 0.158677788425258 0.132776664985539 0.141938024240037 0.12309145355263 0.141057922358092 0.171621349322894
0.27749901330471 0.270792048223824 0.176573351547174 0.138823723516882 0.0823992970249015 0.104663204477855 0.136620865459564 0.105443759534351 0.0894899787669666 0.0417619825861213 0.162335613903403 0.204334852531911 0.170815647528497 0.17838002742296 0.134620836430291 0.128720380653325 0 0.337125841879133 0.242671306249802 0.252373465417431 0.0686980334850473 0.0193514548340473 0.186836831261387 0.0751440800064625 0.123483844403925 0.0905245108738429 0.256077485491339 0.228774650673089 0.180392372142961 0.156130810963482 0.264732097109659 0.225978563108344 0.100736883965251 0.150540906155015 0.11579122791184 0.0529565442670521 0.0892478500238687 0.112018537914758 0.132809821300468 0.0965302222388585 0.140969291675589 0.191025756240017 0.168491692434256 0.15862594689175 0.175994533006363 0.190733411141678 0.121518362885657 0.101598969015738 0.139030278259656 0.14194339780544 0.331832950326976 0.286264055229493 0.180196206308343 0.18291137115857 0.127370454933857 0.101760685363075 0.284230170551086 0.253180983643573 0.0993177802008325 0.0289196633793415 0.179827561836702 0.147065002476704 0.220457549019554 0.260332478467105 0.0601177182376441 0.0586325073453886 0.0563030222374144 0.0945533518774972 0.0515799645230061 0.0689792977602514 0.0805906035811805 0.108334354663891 0.257078787254475 0.313491688911739 0.345721006832435 0.318575948288621 0.170661503637157 0.15757359189857 0.210325153474134 0.151855274992039 0.101921444299898 0.125752471872815 -0.0264085219025665 -0.0271154499063414 0.0816133310263311 0.0679974700532618 0.0648388037185158 0.0753644013233004 0.101809145556313
0.314040662569952 0.339569125226051 0.209739461832761 0.157562961090603 0.0939350950523651 0.154909651507459 0.151630847036497 0.132285968249452 0.11944098381756 0.0777782851503438 0.155867440186213 0.255290819783178 0.1906862161496 0.220312638206661 0.142977332041394 0.137217216209805 0.337125841879133 0 0.266634183332799 0.247435432452036 0.0759405461711932 0.0223765535977005 0.174424793434998 0.0831676072109134 0.140360434864087 0.110521464045238 0.266746895796273 0.305202824851239 0.183459476015782 0.17356532426899 0.290207166391713 0.268348195209145 0.128603488757983 0.158113821971911 0.132680349753619 0.0979534153749844 0.142428136288935 0.135709701493353 0.16743098369145 0.17567118182639 0.214776168057502 0.269403514010339 0.219189853291003 0.218729363760935 0.212394262314687 0.246822442609401 0.1831998935985 0.153198882715112 0.154279892935725 0.169546547821832 0.363914063076464 0.356193195279969 0.2243108656371 0.246560038174982 0.16080674893607 0.134062751278769 0.303850314413281 0.306100380237167 0.129520847672871 0.0337246493018377 0.222422585500725 0.190502336219492 0.251034941391247 0.290701326904821 0.0815229927291709 0.0789223629372241 0.0804032782722996 0.146672656710162 0.0929566316108799 0.108928362687335 0.136582084027624 0.188315397672416 0.276858203638042 0.39579326540484 0.38629309026943 0.403628827079154 0.211897992501647 0.181847187390977 0.226860015538877 0.18865128720237 0.127005369368525 0.183155267609326 -0.00329449459316035 0.0293017515865965 0.110932718278355 0.105694124345958 0.124096901152337 0.148099776174445 0.129182976252436
0.27579204796227 0.270472422008531 0.210659488887223 0.162475871350166 0.0998671160046679 0.124095606896683 0.183347502562147 0.146509732236919 0.146271777099131 0.113025694186683 0.191533357295291 0.185748762662293 0.207495181238298 0.123859493080129 0.169586099880578 0.15010486915949 0.242671306249802 0.266634183332799 0 0.237405706579788 0.0565570010533605 0.0635329094711495 0.206611209658795 0.107422952615884 0.142333282321149 0.11309931424495 0.219753579004585 0.188820693407394 0.163924141204106 0.141154677559597 0.259555664198651 0.172752855999245 0.104919668419927 0.151709804424805 0.141355436694607 0.114222893296229 0.0929831791680214 0.119326592408073 0.10528342951154 0.122202376763147 0.10330219375954 0.171995313097011 0.131062203522821 0.151197706945365 0.143001233731319 0.179461743953399 0.140054493812783 0.137482485483421 0.144952905637903 0.15680718655903 0.27387811802307 0.253027226755891 0.141273143765015 0.14555436971293 0.163532997658237 0.131281425235159 0.239774752946269 0.206924824499383 0.180587198151559 0.0842052809055494 0.166991339323067 0.15163940506538 0.236811955549805 0.267769422427857 0.135172519001747 0.111327070851179 0.0855674153594197 0.059035550449412 0.0909898195745052 0.0155409656872028 0.0529017276274696 0.0986246794769119 0.190882776450993 0.237016584269733 0.278760063241499 0.263940653788854 0.156881466038724 0.139973303380187 0.217645325387451 0.146576822614271 0.134793554337447 0.123266811429212 0.0428877409254125 0.0443870756155362 0.0876230012633914 0.0948279957228886 0.0783943728913167 0.106921887454684 0.115516476561006
0.253277187746058 0.256653040016966 0.161603343342849 0.145309157217235 0.0870390267398312 0.105331011730919 0.13984222809229 0.123101127204505 0.109298692634737 0.0676865378456277 0.133271241750379 0.207796738089713 0.156841128427693 0.158636542406347 0.110842283150044 0.108811989673197 0.252373465417431 0.247435432452036 0.237405706579788 0 0.0317283522740663 0.0293855225914508 0.157645928233375 0.0880329291056025 0.105686194083369 0.0814689640366862 0.184902192653348 0.201514661790257 0.133214184424685 0.115351442770161 0.234058241673889 0.179814633869103 0.0800227648938764 0.132411575995495 0.0842587225148099 0.0852346422992487 0.0781470062986308 0.10170084482001 0.100001047725707 0.0905123594166615 0.0851868454607797 0.143973377226849 0.142034490424692 0.152277284011718 0.114136527162029 0.155205547247738 0.120054232273685 0.0995777973946652 0.13697795311268 0.108674829209702 0.264040957189824 0.252017638097139 0.137466694827326 0.152220873762083 0.078435064609807 0.114415368760818 0.229361593756507 0.213290029594111 0.054171328176766 0.0198251118450425 0.137973207527168 0.132239212777611 0.214247795199201 0.261501115900006 0.0966394001738509 0.0816295524729265 0.0686216604897586 0.0549516788497832 0.0922376125511861 0.0281180265017326 0.0619118322419148 0.0747690499488072 0.173350937119964 0.249834473372349 0.271842700539963 0.255402634188272 0.125583302255272 0.122097954801373 0.190442741064637 0.143569933009145 0.0905880941752238 0.102708880783484 -0.000433099173270291 0.00689337507078573 0.0879884528742622 0.0831702673778545 0.0383286364499689 0.0482826094727021 0.0842723066764567
0.0300037850281004 0.00885245330485525 0.0634036663794687 -0.00768080257030825 0.0333574536920032 0.00440875500266581 0.0343763442721508 -0.0178695584396916 0.0404373435908672 0.00171516856018418 0.017698646132768 -0.0115543906177211 0.0510280870529523 0.00337226682134512 0.0782842003900957 0.0710269712974216 0.0686980334850473 0.0759405461711932 0.0565570010533605 0.0317283522740663 0 0.0118914020022539 0.107061742949084 0.0638217179965274 0.0551825007108634 0.0412090730280987 0.0662292556118152 0.0705383515920355 0.0991899330157929 0.0656429320507153 0.0569182719225399 0.026733003019465 0.0388690376556608 0.0253377944104138 0.0578056656551346 0.0444412248356214 0.0373002558460489 0.0226939715187911 0.0480826672459266 -0.0018309621006379 0.0213205521618374 0.0252083064781586 -0.0296558191247282 -0.0389903805608447 -0.0158982403846263 0.0122926195003885 -0.0135756727358248 -0.0244892338395823 0.02024373145144 -0.00190289006882618 0.0451133697527862 0.0360206418886027 -0.00248475753508976 -0.00892071241342896 0.0314928494044216 -0.0262833425269829 0.0331019776095496 0.00471513983858035 0.126671733899238 0.00205767727359015 0.000887666709362461 -0.00513572944373684 0.0251931049791474 0.031044581819624 -0.0341975835809868 -0.0184202942128217 -0.00276903242138522 -0.0370642418713041 0.00393326129532264 -0.0156418124724839 -0.0128937179632691 -0.0025297109802746 0.0293997827258927 0.0563155748830514 0.0520702631431695 0.0495334894744727 0.055379913653768 0.0454828386672904 0.0866992658847639 -0.00554580856180459 0.0161180870365329 -0.00704526925695362 -0.0349703172276276 -0.013618758851109 -0.0374874736453298 -0.0163183163938365 -0.0181219259394571 6.90661937490619e-05 -0.0178009749025879
0.065434796263243 0.0490202262681985 0.0452147182623544 0.0564246054827045 0.0156435613024948 0.046090432250689 0.0142199208303858 0.00870908144241576 0.0231911550584349 0.0020640892369578 0.0669906070879314 0.00543517900261401 0.0117727829547813 -0.00572967738984882 0.00460555256244762 0.0127226433289879 0.0193514548340473 0.0223765535977005 0.0635329094711495 0.0293855225914508 0.0118914020022539 0 0.0168798299657159 0.0135707015525706 0.0709645516269937 0.055623631406853 0.0338958426515488 -0.00877387638053764 0.0114035828079044 0.0256709049590224 0.0362323145170131 0.0586467836375993 0.0603598792085863 0.0517780427005001 0.0232980952112979 0.0785739967016946 0.0512411212962249 0.0409613444826986 0.0243340269565779 0.0488569120155828 0.0726175213534382 0.0691713774050432 0.0406866448239214 0.0510098850336138 0.057783705655038 0.0722291592305543 0.0689884171297899 0.0705382028737167 0.0493638394860852 0.0564392023529593 0.0706211252436327 0.0776696625997748 0.0662784326926071 0.0689156337673919 0.02869709736232 0.0402240625318255 0.0429267166731328 -0.00188887321298872 0.01317078288754 0.0453629664310974 0.0590333661891202 0.0569571590415713 0.0438993297385896 0.0988927227405702 0.045941118335844 0.0491468776740686 0.0300388250073408 -0.0381366737591472 0.0349533269919241 -0.0227502537980549 0.00562630666421657 0.0407701298888192 0.0453712215935707 0.0203887358711586 0.0500154647265448 0.0476795964338841 0.0424247329224014 0.0130547926270965 0.0203490336882595 0.0365625806164488 0.0511490797698639 0.0397641129941969 0.034366853403204 0.0331777228034042 0.0409072036332776 0.0563831727534514 0.0487492082082206 0.0447697707605875 0.0565276504115775
0.140152721130252 0.150585870279565 0.285907825716476 0.200488911738518 0.19321269390277 0.167888405659179 0.322857923066802 0.201273445707606 0.27425928445402 0.176323051397519 0.137311790848603 0.106780177053275 0.278407337219997 0.165039067268404 0.340805625795027 0.325462574377203 0.186836831261387 0.174424793434998 0.206611209658795 0.157645928233375 0.107061742949084 0.0168798299657159 0 0.320924955552931 0.242181652783767 0.20620935110331 0.18494893326113 0.115997947910887 0.236029055135068 0.236976517068755 0.285245266697901 0.236754338375199 0.282002080460336 0.236873110964153 0.104124296274782 0.0781027174601957 0.0737229060113837 0.106722884964516 0.0480527656362121 0.100245069713932 0.158019218596283 0.14832950923178 0.146750335749155 0.14438808257125 0.101378910876319 0.145296904130679 0.156723576120998 0.155931884022271 0.113212891452435 0.127229065660239 0.147360497725816 0.12530831421638 0.142230642283039 0.120376430139826 0.230061048929273 0.154827359739776 0.172378725198106 0.104756751372926 0.400200329970579 0.250426858055135 0.194928231570791 0.155238488676847 0.0856035173928069 0.119682845742777 0.189595557070364 0.178864524952636 0.147368494483707 0.131114589483727 0.114686441758872 0.0361922698680204 0.199099390537626 0.119388596623531 0.135913959924046 0.194765804602189 0.189077716463237 0.170317037487688 0.190534588572371 0.163847460506762 0.30660359899707 0.248079718411985 0.215895422159709 0.155458670209916 0.193881287325256 0.192704243190137 0.143063724933749 0.155860781269929 0.0914177045157997 0.134155612868389 0.181287294728401
0.059556161343253 0.0306858344309514 0.235819636978227 0.227952375468726 0.146731552910077 0.151989890210111 0.2511795258472 0.24469064348595 0.211852778293071 0.195563945711062 0.0984693999095766 0.100683477037761 0.18560851965658 0.16444356902976 0.246959152832753 0.302853606952196 0.0751440800064625 0.0831676072109134 0.107422952615884 0.0880329291056025 0.0638217179965274 0.0135707015525706 0.320924955552931 0 0.176698754821309 0.190448009554968 0.112189552597022 0.09168965744491 0.210065888382859 0.216463034997222 0.200608726694797 0.19834835206054 0.25502360434417 0.228121730271808 0.0541641370767817 0.0388944206390865 0.0656690565097024 0.0734487188699993 -0.00437435315437633 0.0581452295983786 0.148904617655655 0.11637358148438 0.0602326356510224 0.0781813377117976 0.0505858681880705 0.0916867272685131 0.13002464853388 0.114684343308077 0.0773983322728421 0.0929285730009038 0.0389694355721873 0.038964468961399 0.0948816396862639 0.0809014561144333 0.218216984777541 0.219922034448 0.139825125327609 0.0518409258751114 0.357507543292128 0.344172716664482 0.169558874532003 0.171301936304288 -0.0504111589866398 -0.0212808412260379 0.161509985917495 0.176104236462785 0.159468696133639 0.144964081094536 0.11533637920443 0.0549344314688661 0.160847686155943 0.114032699091177 0.0992782410322716 0.134229094463063 0.104979163288782 0.0771982730826868 0.131489128955041 0.151467329494601 0.222768189299528 0.260355882083707 0.147009263634014 0.13940124222802 0.208016660209731 0.147357529815491 0.130353715298409 0.116626347167441 0.0976125566714365 0.117090863430858 0.154882681424994
