0 0.0875210522243212 0.0779232761326804 0.0694186737577638 0.0397504849448087 0.0325034517947152 0.0891269431326241 0.0923686406745794 0.0563666673361606 0.0537328215458696 0.108938097229556 0.084747331763304 0.093386542221376 0.0871256656721503 0.0612617340478979 0.0767719291311391 0.0891571816707755 0.101937920994918 0.076622125061691 0.0708211719528158 0.0167334382327384 0.0128128671540211 0.0814941813114209 0.0616608258048222 0.027892158259879 0.0252514418308358 0.0687881385203623 0.0822969707003933 0.047207810404893 0.0540547499142235 0.0883419527949974 0.0822916219438829 0.106659324153442 0.0927846384993033 0.0265306436775487 0.0152833463471974 0.0394281051294776 0.0166397460085852 0.0169826734053558 0.00845783493133115 0.10119540929241 0.0895965429051462 0.109706094388639 0.0962219122631579 0.0954713635430125 0.068822866122548 0.0942405776819609 0.114177137225074 0.0483930272132836 0.0376628732373402 0.111439992112363 0.0903539458460015 0.113868709572802 0.0935742721190163 0.108913512869437 0.104448121389707 0.0679914591153297 0.0926507891396367 0.113181743420634 0.112814556254682 0.100368859771502 0.0947615432713906 0.106463375470605 0.101861995511575 0.0525434632339031 0.0629231445499372 0.0559880639127178 0.0518473679177484 -0.00749279277870245 0.0426972770399891 0.0261920315912694 0.0753650146148114 0.0785364537967111 0.0960447836349054 0.069065222042311 0.0895773310285253 0.0331091591147386 0.0374217950378221 0.0699311248455851 0.0940782617935823 0.0414012693172642 0.0781827684009382 0.0433887289271634 0.0568916431421727 0.0284638679634834 0.0189510165614839 0.0423270588284545 0.0482260439382059 0.0100389343846314
0.0875210522243212 0 0.0690652433822353 0.0639314844333585 0.0329342152414131 0.0270074117646398 0.0787133526797735 0.084388013926857 0.0498863782291265 0.0497754305987867 0.0847362778508747 0.0866868844536106 0.0760376660753557 0.0883504942608052 0.0533487968039634 0.0697491069497707 0.0767462546761909 0.095525437986212 0.0684299683958994 0.0632199172311745 0.0159821738037936 0.0154438547574645 0.0741059831939183 0.0563191463299454 0.0242047282170129 0.022541405884118 0.0596541042888578 0.0757288869975815 0.045698199821311 0.0507453745618467 0.0776797465959653 0.0707160544950459 0.0981778629905569 0.0846938969998824 0.0234090740832267 0.0157378479034339 0.0327536412733815 0.0153904267240078 0.0160362068352214 0.00926144997789452 0.0913602995982838 0.0808967351017475 0.0932875538302605 0.0862948014134525 0.0819463145023652 0.0637687500512787 0.0849484104431312 0.103450852557481 0.043574679524539 0.0392251841693581 0.0962350626164889 0.0873633251932293 0.0976370942615307 0.0818351370065838 0.0952242070182065 0.0957032570212677 0.0606675962737707 0.0846722528258511 0.103878520599466 0.103535603472625 0.0876130012881111 0.0833660255534826 0.0897477203524354 0.0820142777335713 0.046386092274513 0.054458539674021 0.0497534240017095 0.0500203804771514 0.00567933072491629 0.0449391850434288 0.0263963435322294 0.0600992518668889 0.0689949259878646 0.0876894127368575 0.063949226911083 0.0832745506391702 0.0282637858229651 0.0364787272868188 0.06367553305958 0.0867234491491973 0.0384866625262276 0.0691149185762863 0.0391460742246996 0.0500185765744944 0.0266870167894508 0.0200715980974345 0.0367333110869523 0.0417266020306704 0.0140307777375673
0.0779232761326804 0.0690652433822353 0 0.062298335323205 0.034935188922255 0.0289669643102534 0.0818669619637458 0.0816391975786267 0.0536683221002535 0.0524212698298725 0.0784415292682179 0.0716991619454217 0.0758576477688173 0.0793381231615143 0.0557798154532224 0.0731900542629283 0.064108289029958 0.073804920660622 0.05980071241583 0.0527165419875466 0.0148184587145504 0.0149594522350104 0.0771854566846771 0.058835421017058 0.0286409956847286 0.025656162698245 0.0522254985619495 0.0661176861176586 0.0497068817371817 0.052678930952782 0.0785524735914585 0.067214762430457 0.093193823786215 0.0771250778881283 0.0237495477761492 0.0160277569104275 0.0291121577124509 0.0155522453979681 0.0134410805212508 0.0176891602670477 0.088457469131645 0.0752015410339842 0.0889623057488323 0.0790198193729151 0.0746606769857981 0.0631513337900362 0.0818495263771447 0.0966530848085065 0.0414344086238356 0.0388123748643893 0.0810752989079192 0.0683512843186694 0.0833737024529116 0.0668465073377278 0.0957705510271216 0.0925588487316768 0.0657546992070748 0.0769848407571975 0.111762298145106 0.103767176199505 0.0829807732763753 0.0765814881983821 0.0720844122999527 0.0642882547764369 0.0439587447906618 0.0516930291153375 0.0463546418412313 0.0428245075905001 0.00667916675364983 0.0408080989255442 0.0300750829271417 0.0605863815132571 0.0693805586178144 0.0807235972542562 0.0583471307779253 0.0765557097525024 0.0246349208904773 0.0331255401405245 0.0621673360988378 0.080203377288928 0.0384501249680578 0.0633050431308575 0.0430861022227528 0.0532634662744457 0.0294139823102384 0.0214113685106896 0.0365772546115799 0.0419370134502483 0.0179824215127799
0.0694186737577638 0.0639314844333585 0.062298335323205 0 0.0326190844976595 0.0313381945337797 0.0710304619720731 0.0787926650020109 0.0479088198047746 0.0524761536823173 0.0689260877691375 0.0688119841247506 0.063448300352278 0.0713372978350207 0.0473479877086722 0.0663273420049698 0.0569557440727663 0.0675458810952759 0.0545961396347488 0.0472420070129733 0.0127736074333424 0.0144607354841702 0.066492787063177 0.055428156837374 0.027476754790462 0.0260206745286608 0.0442943562028576 0.0605078923643734 0.0435016390349041 0.0493119575067299 0.0713608899599708 0.063120701074863 0.0853728108664734 0.0756589502381193 0.0217886587302345 0.0131153622626085 0.0253984895252483 0.0135114999509273 0.0131239177499174 0.0167673414145049 0.0787427265163599 0.0684651640459162 0.082776301626538 0.0735937399684937 0.0685646127004262 0.0569039012685747 0.0758198125586254 0.0899714162548792 0.0370077038017612 0.0335646424319643 0.0737203444698551 0.0654825944780622 0.0761057294443353 0.0653822960365414 0.0860126114474978 0.0913331699946717 0.0540937076848011 0.0733782459997545 0.0969930468453847 0.105155455704741 0.077487597710078 0.0758535268420635 0.0641565338595305 0.0602454740604765 0.0414875562370384 0.0480053699742081 0.041307591706155 0.0416869932108245 0.00621783772875482 0.0392559327636926 0.0274082342333128 0.0531400923660941 0.0596422273740009 0.0702773974259975 0.0518325282321084 0.0679457103952085 0.0200246417111716 0.0277894139458041 0.0546713681265475 0.0763650647057608 0.0342271507382583 0.0591674046543921 0.0382164009875604 0.0476149767545415 0.0248038011299766 0.0190552370813284 0.0326999689670682 0.0375966576788369 0.0156996127890262
0.0397504849448087 0.0329342152414131 0.034935188922255 0.0326190844976595 0 0.0197693179050386 0.0409811374791779 0.0413332405177203 0.033999564044972 0.0318483143068346 0.0433114770728987 0.031783710893437 0.0406774244353133 0.0341889686289735 0.0321082432782347 0.0403100271915959 0.031095174751088 0.031587923877089 0.0295088562436581 0.0232794092831771 0.00737692875864094 0.00680012384468506 0.0398761421412408 0.0298831016623299 0.0189578296504035 0.0152854307519568 0.0233322340510254 0.0304601480469662 0.0235619577497959 0.0258137944425125 0.041207874211581 0.0357906570085696 0.0438251974159064 0.0382216820488845 0.0115308289290889 0.00453760537304004 0.0145242094716808 0.00699558825378379 0.00767421480649897 0.0127235841489347 0.0427956400909805 0.0355238957289179 0.0461421983162281 0.0390448787253481 0.0369860373258753 0.0304574048243372 0.0419923748093421 0.0506729738335511 0.0203219873637299 0.0175420290382597 0.0405558008334181 0.0320884943022514 0.0400437312094354 0.0337847087507973 0.0487140136858515 0.0480614994758279 0.0335684685211565 0.0372207899259333 0.0527192038945735 0.0527678718029615 0.0396820702249437 0.0364537078843832 0.0311096689164568 0.0316049365178339 0.0238467841309844 0.0286413359382267 0.0238573371726804 0.0222209637122417 7.74248282489109e-05 0.017498615973902 0.01276211182175 0.0305464962265495 0.0331753451611422 0.0331693199367691 0.0273290403353865 0.03531370544085 0.00946951560657616 0.0136999484408851 0.0315429074017227 0.0402141795411431 0.0194210320691444 0.0325765431374813 0.0219347412008424 0.0290091623140548 0.0143165990585541 0.0102723953500346 0.0193319152285663 0.0224980472580748 0.00796891386224211
0.0325034517947152 0.0270074117646398 0.0289669643102534 0.0313381945337797 0.0197693179050386 0 0.0351526542318033 0.0404770013691879 0.0285988920743706 0.0327390841384807 0.0368622865484479 0.0333890446467607 0.0337097509391605 0.0327433287857478 0.0262477749176395 0.0367301609883759 0.0268633735588123 0.0289765312122756 0.0265387538167789 0.0198074805251559 0.00839525762498825 0.00886139229628902 0.0339099141380435 0.0271423825739033 0.0169524034724902 0.0173182884557962 0.019984372897889 0.0289958653457139 0.0217698746354346 0.0240425021206569 0.0347619104291153 0.0313837565199496 0.0373627349027743 0.0360723859033274 0.0103511213550573 0.00607428832088857 0.0122514874988681 0.0063175225025964 0.00810186420784025 0.0093879035568691 0.0392960424303125 0.034352111245455 0.0456233413722139 0.0402175396185139 0.037338815665543 0.030985991525066 0.0423420942100822 0.049185788197241 0.0192055463735515 0.0169107737203899 0.0336724627177247 0.0281088372627943 0.0357285569711238 0.0314593084796684 0.043153925208283 0.047360013956073 0.0290885732982963 0.0344337271550345 0.0443192713719846 0.0503378793394319 0.0343898109557533 0.0311487203327486 0.026544185924815 0.0294441457640091 0.0243261716167786 0.0273808917560739 0.021707114568321 0.0229799117045664 0.00306722949694854 0.0222054129138516 0.0174607049436929 0.0289477026993123 0.0277088571478309 0.0279130961659995 0.0236924160219543 0.0310377355661905 0.00805794212974037 0.0126015128653824 0.027944062487493 0.0360770552581221 0.0177537720817614 0.0311174273510657 0.0221582646786704 0.027920059055457 0.0134003904315924 0.0104511907282134 0.015593505318436 0.0202592563154167 0.00890812573930411
0.0891269431326241 0.0787133526797735 0.0818669619637458 0.0710304619720731 0.0409811374791779 0.0351526542318033 0 0.0962082971899209 0.0665367871512616 0.0624951353064212 0.0921195912045421 0.0827037222020092 0.0881167263660404 0.0885910576863724 0.0642444731708574 0.0804242135820911 0.0711990641901495 0.0805375177547042 0.0675205765765915 0.0566544852259605 0.0168444520808125 0.0175002043339533 0.0860767128002997 0.0636243954639796 0.0315562960123081 0.0282688991220008 0.0582863042580514 0.0729303858371659 0.0567952389933362 0.0583194860193711 0.088540376839191 0.0751262825075251 0.101498709011511 0.0882519869821101 0.0280414002952491 0.0186287209733101 0.0331601831524796 0.0180848520043513 0.0163573671009068 0.022962820104554 0.105003685954867 0.0897463321391103 0.104953047670971 0.0953551539583277 0.087489883527729 0.0767447124260612 0.0993380388281741 0.115713118635719 0.0499042225094706 0.0465363115562639 0.0930142083490333 0.0791922843183958 0.0971106623718312 0.0792843308519711 0.113156291103992 0.108396988042727 0.0776419198965445 0.0872145142829074 0.125054893713241 0.118608665343931 0.0940431852949437 0.087712718170957 0.0793545595278917 0.0695482696966731 0.0513891355877968 0.0611175246663397 0.0524858884164773 0.0493477370971368 0.00808173558364227 0.0486251030071757 0.0395567609469732 0.0706502719631996 0.0765135401032345 0.08620751734478 0.0656357043528551 0.0846547048241922 0.0261669359396971 0.0356616134422233 0.0730180732307151 0.0910896133510973 0.0479546149144167 0.0742588733206437 0.0558346120505642 0.0686110116877067 0.0384916083239123 0.0283090946047237 0.0464016806991955 0.0531011537010953 0.024872168185773
0.0923686406745794 0.084388013926857 0.0816391975786267 0.0787926650020109 0.0413332405177203 0.0404770013691879 0.0962082971899209 0 0.0656228590621952 0.0695771244455815 0.094346245188653 0.096304706598669 0.0873257943865192 0.0998961645676958 0.06262169699702 0.0898245952534927 0.0750318741567213 0.0891236442838748 0.071420531806631 0.0630350573268789 0.0189235291713989 0.0193349119485164 0.087771356685001 0.0713370271531447 0.0323714398404189 0.0316635891268249 0.0607494103785179 0.0802031837901267 0.0583423977410252 0.0639542575047114 0.0933011035576996 0.0819730630440831 0.112691563084436 0.101199616006708 0.0273517748634788 0.0193482083283041 0.0355083189701856 0.0187252853964561 0.0180704987219004 0.0198282382103503 0.111299687916489 0.0984430471354573 0.114071755361093 0.103702491484195 0.0965183595861934 0.0823498924213105 0.105027388994623 0.126060257392906 0.0505252363394145 0.0482521933318108 0.0976801454697531 0.0848649459129589 0.105100069988072 0.0870146929802695 0.117982595069881 0.125366436341913 0.0732418909119481 0.0977963390866869 0.126622087635645 0.138018509846429 0.102934160402955 0.0980807394552137 0.085749542476725 0.0790370006133966 0.0548138213883773 0.063772012014189 0.0545428611224866 0.0536274204240261 0.0115060785555582 0.0540543436847058 0.0409178166704614 0.0752051545518764 0.0769806195619577 0.0943047655014404 0.0682630492158658 0.0910789759809011 0.0265910777574859 0.0391485931211662 0.0745002150038923 0.101141479259223 0.047870462347298 0.082923022407176 0.0560984671401858 0.0697912448039567 0.0361793903018805 0.0262171337675731 0.0462698585180232 0.0542915809732053 0.0211290282324334
0.0563666673361606 0.0498863782291265 0.0536683221002535 0.0479088198047746 0.033999564044972 0.0285988920743706 0.0665367871512616 0.0656228590621952 0 0.0535162649867735 0.0639938887578581 0.0522012192767101 0.06219093608447 0.0556098729959822 0.050582638617156 0.0570866211178078 0.0406859879679562 0.039843911944504 0.0404085419993706 0.0289817239380624 0.0119732332105637 0.0130896662850635 0.0602812585682428 0.0414861116511927 0.0275066165897689 0.021712725549947 0.0331925997014851 0.0417022154624207 0.03803594491242 0.0378531019756699 0.0585904266971864 0.0467391438320631 0.0635383220351376 0.0543666021877985 0.0180202471240623 0.0111448539728034 0.0211651796956951 0.011954357859967 0.0124996750781087 0.0227310054232863 0.0735782869220907 0.0642210247339027 0.0707713173644948 0.0668828947132478 0.0588143142936313 0.0555784832219662 0.0725021888019357 0.0823884968219213 0.0343441429102931 0.0329690624442155 0.055799053305322 0.047637734539063 0.0613788880420452 0.0507907766118561 0.078899144838801 0.0751909174587606 0.0559281560414505 0.0529766913728801 0.0842147600975689 0.0788108007983887 0.0571465792152103 0.0532797559201636 0.0391904325479406 0.0330990548268476 0.0347098511947379 0.0424722543455351 0.0330391725241087 0.0338358129118987 0.00678366726240211 0.0332598007703643 0.0300418254101671 0.0476097132330473 0.0454578013683073 0.0474330298679365 0.0417083013665647 0.0497377836480822 0.0131291570503737 0.0193052562341107 0.0526994101180127 0.0566622462246272 0.0370719105961291 0.0478469647223832 0.0426469648569857 0.055297843140842 0.0297379453279206 0.0225885996983602 0.0336741966266353 0.0393917181169362 0.0206448547528319
0.0537328215458696 0.0497754305987867 0.0524212698298725 0.0524761536823173 0.0318483143068346 0.0327390841384807 0.0624951353064212 0.0695771244455815 0.0535162649867735 0 0.0571610926416566 0.0581266645526444 0.0561391122931904 0.060389409808976 0.0451866977482475 0.0634719372420031 0.0421994550288547 0.0483823803570864 0.0426636214524986 0.0340307610983255 0.0129379280819366 0.0154663159382866 0.0593780019070625 0.046954789165646 0.0271665654789738 0.0237492527014482 0.0338198906185374 0.0456042725684483 0.0378933905069873 0.041632690400997 0.0601802847665824 0.0501437679122633 0.0729744905896339 0.0637811186940264 0.0175202977683645 0.0120199200360969 0.0208380527930478 0.0115877496023773 0.0142576211344909 0.0138429729412364 0.0736010961534697 0.0637350523309978 0.0729776412043355 0.0673622392166029 0.0598549390149606 0.0538585361249915 0.0708027153568298 0.0813004900191358 0.0316119007542439 0.0320209718324609 0.0552263418992323 0.0474767995525747 0.0620990780081102 0.0519921258164315 0.0740849673906708 0.0806175793746413 0.0474197403885841 0.0568310142200989 0.0815650908733076 0.0874062091411691 0.0628514094497086 0.0583126878155855 0.0438798667800469 0.0406670054038708 0.0366846893335602 0.0451247550670891 0.0343916363547564 0.0368990464211564 -0.00398664536822578 0.026892315585779 0.0287654789715067 0.045474199979681 0.0456144261947856 0.0540667591798569 0.0396461346081357 0.0528725353438337 0.0143830606337768 0.0211871455207702 0.0498748733305558 0.0614063365827672 0.0320681702870037 0.0518263932505781 0.0419599523576939 0.0515739064265134 0.0245413790776888 0.0188848187703348 0.0290730829469806 0.0368936601002018 0.0163800492082688
0.108938097229556 0.0847362778508747 0.0784415292682179 0.0689260877691375 0.0433114770728987 0.0368622865484479 0.0921195912045421 0.094346245188653 0.0639938887578581 0.0571610926416566 0 0.0819875796538596 0.110951812957016 0.083744386405448 0.0672868293712513 0.0774478657684873 0.0906970489802222 0.093865512441034 0.0773362830537288 0.0673056734695243 0.0182531731650542 0.0109211885703654 0.0828816378089509 0.0651397143438577 0.0302111269415641 0.0280594283895577 0.0717663320462908 0.081361939916764 0.0426999612553444 0.0530521801932863 0.0869668879810329 0.0841398436607496 0.0993933074182985 0.0857822146763455 0.0257187663449348 0.0112585635295773 0.0393663404227429 0.0173289177736477 0.016895904021126 0.0140032479704425 0.0980738896146574 0.088811678717795 0.110138573044709 0.0965127987477341 0.0969575644906309 0.0677711044596009 0.0947678139686791 0.112796700967935 0.047288725095246 0.036678777064472 0.110426462969394 0.0844228678392694 0.117812425335608 0.0927264966291492 0.117120180819131 0.107920220158792 0.0744736149176674 0.0926342178749857 0.112586042749418 0.117058391482551 0.0956844638385193 0.0912953003238671 0.099478616690896 0.100977343804557 0.0535099479827496 0.0663441972964844 0.0575108004152583 0.0530582763872142 -0.0184019132327169 0.0446922100267158 0.0245432785655051 0.0841269469342279 0.0785398432654933 0.0942327113599834 0.0687779071286502 0.0891486203420927 0.0308982190373891 0.0339196202988073 0.0710385241970898 0.0923834038167529 0.0430544739166371 0.0787664184149627 0.0408753844964345 0.0550880247544371 0.0273960978159768 0.0194149799933504 0.0424605766368648 0.0497041931965946 0.00979443255801316
0.084747331763304 0.0866868844536106 0.0716991619454217 0.0688119841247506 0.031783710893437 0.0333890446467607 0.0827037222020092 0.096304706598669 0.0522012192767101 0.0581266645526444 0.0819875796538596 0 0.0751990839598322 0.108694570710368 0.0534897327312797 0.0789253607030496 0.0728991246300968 0.0981321220446142 0.0712633617490965 0.0647569759174822 0.0191103665789743 0.018998809223565 0.078831661349224 0.0651801427673451 0.023891424066825 0.0246170158462308 0.0597089407728435 0.0849542685245997 0.0527039550037694 0.0566980760080785 0.0793830513634098 0.0719700782672264 0.100112655636907 0.0885198912220126 0.0231725073443444 0.0176991148823399 0.0312737110410311 0.01643189572394 0.0197874372664488 0.00928795431400997 0.096990729266781 0.0827531618396168 0.0997344363633441 0.0914337721268194 0.088178470416903 0.0689568378628992 0.0906711531132169 0.109538458352014 0.0436261774909328 0.0418967266098782 0.0876861944251094 0.0845748873577107 0.0969561360425416 0.0813228976348523 0.103879151576709 0.112950633073524 0.0659422003054884 0.0943562745135549 0.107304008307888 0.123523701143256 0.0877496402063464 0.0844243326582433 0.0839970345511767 0.0783387923853708 0.0508354983759142 0.0515517735664626 0.0496048504493907 0.0523396491715892 0.0140107184574327 0.0465847536040205 0.0324990978497783 0.059732259132926 0.0658479309308861 0.0903244410277237 0.0672642948654789 0.0875742259866324 0.0271290472666712 0.0400884636029111 0.0675708430981165 0.092439717890038 0.0404654494850855 0.0746615460035357 0.0406132286943681 0.0489250607898568 0.0279381047168688 0.0216537475562725 0.034734691668555 0.0407289845914557 0.0169862461574875
0.093386542221376 0.0760376660753557 0.0758576477688173 0.063448300352278 0.0406774244353133 0.0337097509391605 0.0881167263660404 0.0873257943865192 0.06219093608447 0.0561391122931904 0.110951812957016 0.0751990839598322 0 0.0823119944857395 0.0663324696104197 0.0767743884738908 0.0771442155361073 0.0811932141302367 0.0687220285735352 0.0580049777414853 0.0182364369181251 0.0124081927955096 0.0834207297064087 0.0625877435547388 0.0315441464164762 0.0282280518095912 0.0615655526812381 0.0732705977508039 0.046638202638151 0.0530973227198907 0.0829719396987939 0.0755666781744157 0.096974335982424 0.0828715738302944 0.0247626054386343 0.0121268697464051 0.0349643593353657 0.0172825760662509 0.0149161884200737 0.0171598660689066 0.0952486953724314 0.0835752254640539 0.10160836599372 0.0908645320665923 0.0881085440371197 0.0676168491617213 0.0908850551452113 0.107407144383533 0.045994179675587 0.0393622017076019 0.0950785143495721 0.0725103633614788 0.099347385443431 0.0769564583105992 0.108209059570617 0.0987425295859898 0.0739585617182343 0.0812716701728228 0.114437192891353 0.109258082497678 0.0871676786042685 0.0807355830864332 0.0815216118552635 0.0799972901889659 0.0503996457561565 0.0608211049184711 0.0533029853157988 0.048951891293453 -0.0058087319816684 0.0432373703060686 0.0295362268491259 0.0731417407185466 0.0719225179595429 0.0875777774708396 0.0644153739428666 0.0823846504857817 0.0281409367536183 0.033082361726147 0.0695313365005504 0.0852750422935141 0.0419667189319888 0.0707716324699272 0.0440382555610853 0.0569967344793506 0.0305125155231284 0.0213937799167974 0.0421665647145433 0.0477708269933798 0.0162940975342617
0.0871256656721503 0.0883504942608052 0.0793381231615143 0.0713372978350207 0.0341889686289735 0.0327433287857478 0.0885910576863724 0.0998961645676958 0.0556098729959822 0.060389409808976 0.083744386405448 0.108694570710368 0.0823119944857395 0 0.0601801911903661 0.0903055341990874 0.0714925276937697 0.0937331709841274 0.0697892693207725 0.0661219888436189 0.0200751732616793 0.0210798198687563 0.0873199009154482 0.0729328444992451 0.0271316282690311 0.0289045258491139 0.0608011760666509 0.0872306174978404 0.0591123679912544 0.0640890326980231 0.0859319053569316 0.0762374967376596 0.107898598278662 0.0936032225892879 0.0244585015014569 0.0185280468711336 0.03184107134353 0.0170419216511557 0.0144256071665563 0.0189433913667019 0.103811379659704 0.0914539942876322 0.102780927371009 0.0948750411082997 0.0878606001908635 0.0759703775392175 0.095733511370132 0.114201409171706 0.0464247252823162 0.0484400630300961 0.0900488730975782 0.0836777747794823 0.0958114132233919 0.0763189788654639 0.109683856145179 0.116365045815039 0.0766408801642342 0.0960813093573935 0.122835208966878 0.127709820643228 0.0937392185199114 0.0891405404115301 0.079064385619742 0.0712436765588042 0.0504839625200516 0.053172569586075 0.0514882834844992 0.0537706682675731 0.0216878678273995 0.0585790060143955 0.0330583210279557 0.0643346326369993 0.0760729012957469 0.101045598888413 0.0711790253821837 0.093489278911025 0.0253313113368985 0.0432385999974491 0.0720464888141279 0.096899770407886 0.0429895650958658 0.0733780888401776 0.0452279834361003 0.054836139860113 0.0321457149329899 0.0235870971227201 0.0398339251952915 0.0444607228423859 0.0207774013995408
0.0612617340478979 0.0533487968039634 0.0557798154532224 0.0473479877086722 0.0321082432782347 0.0262477749176395 0.0642444731708574 0.06262169699702 0.050582638617156 0.0451866977482475 0.0672868293712513 0.0534897327312797 0.0663324696104197 0.0601801911903661 0 0.0592746589219252 0.0489350576747229 0.0521117804268288 0.04610849671789 0.0364545230359768 0.013746225916373 0.0117309868558698 0.0640024111701529 0.0452671888341502 0.0273069068543128 0.022410801612843 0.0388293892609149 0.0491616607651971 0.038595461050597 0.0402818998936624 0.0596090804392007 0.0513914663485457 0.0683508257361812 0.0575539092685937 0.019613586126765 0.0110282360383559 0.0235616144806153 0.0115846561238583 0.0108884195242836 0.0199379431700878 0.0701007247441892 0.0608855868213994 0.0710832769490057 0.0643315809759277 0.0600944282032796 0.0510496640567796 0.0681395774366306 0.0783012689849539 0.0342857635025078 0.0305281653954816 0.0630496441796005 0.0509388788505904 0.0634838111915262 0.0500641164455886 0.0753873740761398 0.0702238446966963 0.057224973782766 0.0565133481532407 0.084865875128773 0.0762174803222764 0.0594297946241473 0.0533329844921532 0.0492923325685722 0.0454802495443731 0.0365603630645678 0.0427719741119134 0.0368349586938604 0.0358543776233815 0.00313831197664855 0.0359136567685438 0.0248369914994024 0.0488632684615814 0.0516399631124193 0.0575777547312767 0.0456309062476154 0.056898210880718 0.0179864036926872 0.025005025858593 0.05229827467224 0.0596364211227897 0.0330471088847292 0.0479672246303613 0.0364544251916779 0.0472036800235767 0.025742977560808 0.019440066172682 0.0311123071579522 0.035285732936831 0.0161261567893607
0.0767719291311391 0.0697491069497707 0.0731900542629283 0.0663273420049698 0.0403100271915959 0.0367301609883759 0.0804242135820911 0.0898245952534927 0.0570866211178078 0.0634719372420031 0.0774478657684873 0.0789253607030496 0.0767743884738908 0.0903055341990874 0.0592746589219252 0 0.0623768828596226 0.0730599199392881 0.0598014315265775 0.0551380945717776 0.0179593722805506 0.0175280434873914 0.0837278803368919 0.0701914519264915 0.0349779302208269 0.0331392841486109 0.0501479075639159 0.0709304363290441 0.0552897868170202 0.0613207493078245 0.0870841978704776 0.0759663044437992 0.104020681758386 0.0894837415669594 0.0242238931139073 0.0143685849610139 0.0317095663045388 0.0147468028931275 0.0158235739537454 0.0243244587758995 0.0932058889938949 0.0805123823831333 0.0961117371615533 0.0828847943929274 0.0805590164776563 0.0673133711634916 0.0857998244794568 0.104882360170793 0.0410061815256425 0.0394612249360458 0.0785210250252513 0.0657480823694383 0.0821315843993014 0.0657309584518175 0.0979551642708977 0.107071678892717 0.0659243381123595 0.0825420750335 0.115828257616562 0.119174783900112 0.0890912185708778 0.0810944737357329 0.0677005047859559 0.0658230098336836 0.0478897681320954 0.0541991997259064 0.0482248159267029 0.0461679847369407 0.0155809547554839 0.0433003139785008 0.0265597131174088 0.0636538244106866 0.0732356322696149 0.0824722085522676 0.0603283323025817 0.0812559963740975 0.0221620146432906 0.0374260660888181 0.0651515953840514 0.0889316650113094 0.0383286327628372 0.0698908047879286 0.0432206369852438 0.0554393932496069 0.0282728867880547 0.0165398134087365 0.0374909525962967 0.0427752573827303 0.0143592599341568
0.0891571816707755 0.0767462546761909 0.064108289029958 0.0569557440727663 0.031095174751088 0.0268633735588123 0.0711990641901495 0.0750318741567213 0.0406859879679562 0.0421994550288547 0.0906970489802222 0.0728991246300968 0.0771442155361073 0.0714925276937697 0.0489350576747229 0.0623768828596226 0 0.0995259633443032 0.067704998242097 0.0656856180597032 0.0135327443813216 0.0103743046949832 0.0685260256470019 0.0500874835733021 0.0215919351836123 0.0198271910266946 0.0627316677027806 0.0733855164495558 0.0380908292663567 0.0438251857588281 0.072903697400884 0.0707873016172726 0.0957417162816458 0.0843303122657056 0.0220713651861907 0.0131098685751695 0.0359527173112112 0.0136252115868625 0.0172635825379957 -0.00476267047110623 0.0828237514943329 0.0732652711169421 0.0932268921339762 0.0811976311982667 0.0830321780488868 0.0541210173985555 0.0774954436864985 0.0949020387573738 0.0422136710883683 0.0293303471283629 0.100363008667493 0.0815970579817288 0.100877766133027 0.0830499070152853 0.0865111564183432 0.0836095207614291 0.0525418947764597 0.0786579326977054 0.092236628048375 0.0900991469016964 0.0867071994589579 0.0804104358560661 0.102794081009832 0.0998533770384658 0.0445555220598006 0.0545755088947111 0.0481717616236478 0.0449089785191356 -0.0154122290318026 0.0307147738552221 0.019106932027308 0.06258017794843 0.0698044493842663 0.0839640221625884 0.0610260948248332 0.0777689240034391 0.0331145306892551 0.0337918382823994 0.0589728143766863 0.0790299501176901 0.0327667856867896 0.0678343595870798 0.0355360228379872 0.0443099416289599 0.0208547278454955 0.0133180827496782 0.0342764933185712 0.038385061167609 0.00480696646733874
0.101937920994918 0.095525437986212 0.073804920660622 0.0675458810952759 0.031587923877089 0.0289765312122756 0.0805375177547042 0.0891236442838748 0.039843911944504 0.0483823803570864 0.093865512441034 0.0981321220446142 0.0811932141302367 0.0937331709841274 0.0521117804268288 0.0730599199392881 0.0995259633443032 0 0.0818289527839508 0.0823201439899936 0.0174011240769239 0.0154818334279406 0.0789784406425366 0.0596645122184456 0.0216333514522144 0.0213719800284571 0.0741851617131391 0.0946631649952377 0.0446316888830102 0.0522590135961797 0.0859060816864406 0.0814281292342026 0.123444179938632 0.107459896618684 0.0243324491265054 0.0212893623057657 0.042961781353621 0.0173033766963264 0.0200564487238453 -0.0150323060592107 0.100032739002371 0.0879348503042258 0.107579217063616 0.0948444844449202 0.0964180687073882 0.0639339837328434 0.0865964151109266 0.110457332738406 0.0471192615274958 0.0368799340392865 0.114926469505344 0.101126262999557 0.116515512998015 0.0988454999505158 0.0959752428438142 0.101984694356989 0.051317794971915 0.0961519618547852 0.10646758259322 0.110745338405802 0.10642470483764 0.0989342379106319 0.127711634800712 0.12072923586961 0.0517020313183268 0.0624146451547885 0.0555863638875982 0.0550431212443625 -0.0267277499372457 0.0314773108082154 0.0201722821696276 0.0657389961359426 0.0803478030181401 0.111136095723549 0.0683309226421425 0.0971514491543928 0.0409800768021316 0.0449227135734307 0.0661277659179855 0.0976161097483629 0.0354606955485648 0.0819764258706184 0.0387438528684063 0.0490687197424537 0.0210085497692578 0.013935292057495 0.0346410519874636 0.0427624526130727 0.00366443367403137
0.076622125061691 0.0684299683958994 0.05980071241583 0.0545961396347488 0.0295088562436581 0.0265387538167789 0.0675205765765915 0.071420531806631 0.0404085419993706 0.0426636214524986 0.0773362830537288 0.0712633617490965 0.0687220285735352 0.0697892693207725 0.04610849671789 0.0598014315265775 0.067704998242097 0.0818289527839508 0 0.0562617534603589 0.0130291311721443 0.0116897985368843 0.0648227577108372 0.0479820478006159 0.0223297216906558 0.0196585258341509 0.05228676326883 0.065799545280289 0.0390282843301795 0.0421683575538935 0.0689264752711553 0.063782470455412 0.084696481788447 0.0724288258301942 0.0191343542490812 0.0111674997346742 0.0289214904904192 0.0121977701801115 0.0132842327516948 0.0037826689741422 0.0766664225107434 0.0648306283590163 0.0822408321143356 0.0721952361201276 0.0716467801568522 0.050780284344156 0.0696692765925378 0.086297308786392 0.0359379220040902 0.0287785608863537 0.0810647690500753 0.0694561873650456 0.0839311130140245 0.0714878986366672 0.0800272663715811 0.0817899515037835 0.0501675884359589 0.0726691636196819 0.0848865665191669 0.0896188656352904 0.0756725994026597 0.0710051442583555 0.0833397251768444 0.0799176946872428 0.041750113939812 0.0485183981765776 0.0444834180618705 0.041915647617009 -0.00833020957617409 0.0314376301325472 0.0211843642508747 0.0535960576890931 0.0590192933702842 0.0750079210164586 0.0523590348862608 0.0711607150990894 0.0270387041167785 0.029578227521164 0.0533186386966759 0.0734920360893276 0.0310262295920073 0.0608899618802651 0.0312990565135901 0.0412308827378346 0.0197217274749169 0.0142496373867084 0.0294065840012909 0.0346789909196333 0.00757366660705169
0.0708211719528158 0.0632199172311745 0.0527165419875466 0.0472420070129733 0.0232794092831771 0.0198074805251559 0.0566544852259605 0.0630350573268789 0.0289817239380624 0.0340307610983255 0.0673056734695243 0.0647569759174822 0.0580049777414853 0.0661219888436189 0.0364545230359768 0.0551380945717776 0.0656856180597032 0.0823201439899936 0.0562617534603589 0 0.00940348144430731 0.00864981767166716 0.0555014718146744 0.0438853044722025 0.0158155850135075 0.015074866467751 0.0507491469325028 0.0627042523617627 0.0325728542679288 0.0373240957478252 0.0619293319690956 0.0591813242282444 0.0855337161038075 0.072356056881387 0.0148905913517724 0.00955609407567228 0.0291760423659158 0.00997497669322923 0.0121906488508971 -0.00863552703249503 0.0684716935214042 0.0603733289390341 0.0750384830880253 0.0637736619148455 0.0655034814989887 0.0421543595903316 0.0584771932859338 0.0741956186467313 0.0303553053989492 0.0216132498865403 0.0755295020048298 0.0637627999690919 0.0808525426214001 0.067851418153921 0.0681206690370429 0.073225316583607 0.0354466099716822 0.0673500387226957 0.0760203296806356 0.0806632344271305 0.0747186166267417 0.0704810611996162 0.0896002296019227 0.0867826190856973 0.0350392616641515 0.0403994435546786 0.0378788637018526 0.0358688556335331 -0.0127407597381129 0.0245860470285106 0.0110300381241835 0.0484218597758373 0.0555867293792927 0.0745367144330806 0.0474766833952103 0.0654615448200784 0.0263985240897538 0.028451394889582 0.0456114008228103 0.0670782527970348 0.0239396624259897 0.0553785750107889 0.0241364151958559 0.0327708478146307 0.0123043377412187 0.00497837527546837 0.0243881956200332 0.0284930957965141 -0.00171542257144824
0.0167334382327384 0.0159821738037936 0.0148184587145504 0.0127736074333424 0.00737692875864094 0.00839525762498825 0.0168444520808125 0.0189235291713989 0.0119732332105637 0.0129379280819366 0.0182531731650542 0.0191103665789743 0.0182364369181251 0.0200751732616793 0.013746225916373 0.0179593722805506 0.0135327443813216 0.0174011240769239 0.0130291311721443 0.00940348144430731 0 0.0047250530496707 0.0171158550216579 0.0135232553966054 0.00661482044868257 0.00760941105537903 0.0108367391099274 0.0150896992178302 0.0116059025054341 0.0129258521251163 0.0144985978746904 0.0140970600332495 0.0159451334857106 0.0147002313167102 0.00688674255905087 0.00461184687489657 0.00648149596687673 0.00431025127844678 0.0039615776102247 0.00710617869526762 0.020336483861582 0.0191476172684424 0.0221370510629992 0.0212409182735926 0.0202025458878632 0.0170933755364797 0.0215090245381973 0.0261746679492845 0.00982830524786238 0.0113416307846276 0.0186403812971822 0.0155289244146526 0.0171478974601041 0.0128433511988627 0.0208994465133204 0.0187868180328508 0.0181955460536659 0.0165573961184716 0.022626943042613 0.0213591175951427 0.014499109415114 0.0126057295438875 0.010629972763246 0.00883131988303008 0.0117547846079441 0.0123556711624483 0.0106133221474511 0.0122380197073693 0.00347334188551757 0.0100550200044033 0.0111827976050696 0.0142752532085862 0.0120369092699766 0.0164979458993567 0.014233433479617 0.0177001776468998 0.00521880099557367 0.00990079753249354 0.0144986158561592 0.0187450594093787 0.00917281731462131 0.0143756356366263 0.0100161256701527 0.0118945419368952 0.00892094539864901 0.00714812240624315 0.00748260274442254 0.00931016265857951 0.00629660337296142
0.0128128671540211 0.0154438547574645 0.0149594522350104 0.0144607354841702 0.00680012384468506 0.00886139229628902 0.0175002043339533 0.0193349119485164 0.0130896662850635 0.0154663159382866 0.0109211885703654 0.018998809223565 0.0124081927955096 0.0210798198687563 0.0117309868558698 0.0175280434873914 0.0103743046949832 0.0154818334279406 0.0116897985368843 0.00864981767166716 0.0047250530496707 0 0.0161537290298887 0.0117979949311158 0.00651774640481347 0.00735388947615285 0.00894290110559192 0.0144189322278027 0.0131393829618768 0.0122225656476428 0.0161436278409239 0.0116063186363813 0.0176389910587356 0.0161900003767931 0.00511806573901001 0.00679340610714374 0.00455595196757836 0.00494458560466597 0.00457724232770234 0.00501680503151861 0.020825396322281 0.0177200398695252 0.0175577778495499 0.0174454509138562 0.0156958107214589 0.0171801089942805 0.0232855508443235 0.0249582104932761 0.0105166497229892 0.0137593460368164 0.01465231323722 0.0170453162100703 0.0165972274348038 0.0152672121527124 0.0197418643536689 0.0211295143052908 0.0164543363735045 0.015318013054366 0.0231000393881743 0.0206016984602291 0.0165969156741042 0.0136090482069332 0.00935206757590794 0.0064459634465173 0.0106250994626855 0.0128787796871789 0.00913174823395726 0.0118137844204787 0.00406772247895151 0.0117915516012323 0.0122862352750422 0.0111814305844389 0.011600981495751 0.0173660641113861 0.0118615280277771 0.016990240574797 0.00344365997009921 0.00880873939903936 0.0139811126080998 0.0180609939783353 0.0102403207219872 0.0144286301440806 0.0126363246201036 0.0153230678742409 0.00887681386041324 0.00925690395631044 0.00710593229965173 0.0106055549097813 0.00877493762090418
0.0814941813114209 0.0741059831939183 0.0771854566846771 0.066492787063177 0.0398761421412408 0.0339099141380435 0.0860767128002997 0.087771356685001 0.0602812585682428 0.0593780019070625 0.0828816378089509 0.078831661349224 0.0834207297064087 0.0873199009154482 0.0640024111701529 0.0837278803368919 0.0685260256470019 0.0789784406425366 0.0648227577108372 0.0555014718146744 0.0171158550216579 0.0161537290298887 0 0.0656927992098575 0.0354205008309397 0.0296549111918651 0.0544622569497599 0.0718957209382097 0.0551282522686921 0.0574570233673563 0.0853508589912899 0.0733807921721136 0.103212172330648 0.0852240960125665 0.0260837911418537 0.015276722204934 0.0324750741637293 0.015598033932897 0.0149586242989085 0.0203695383835157 0.095866755245869 0.0796336684190336 0.0974044181241729 0.0858620297420094 0.0815725910624259 0.067451516337718 0.0887605684289695 0.105569110765784 0.045274418248813 0.0412454144651833 0.0856680985991178 0.0710301094517781 0.0850566288670007 0.0684130685083306 0.1009196326383 0.100815993225728 0.0709521276359365 0.0802693395375923 0.12129740720368 0.113847715779353 0.0869414858178985 0.0786670806162252 0.0744192858809225 0.0683392780339219 0.0494749875628113 0.0568590025528083 0.0510283222643152 0.0480695538803295 0.00943689475244438 0.0460517889828004 0.0312198836212876 0.0629514099195958 0.0741633248353563 0.0849154348129976 0.0638754047350947 0.0821406868471161 0.0272285976402758 0.0366885581884002 0.0699055784571068 0.0864203523620075 0.042378984139295 0.0693143610565944 0.0479125094210121 0.058869479496123 0.0320581009325376 0.0224056901562571 0.0408406758082336 0.0446496245490392 0.0196734820047406
0.0616608258048222 0.0563191463299454 0.058835421017058 0.055428156837374 0.0298831016623299 0.0271423825739033 0.0636243954639796 0.0713370271531447 0.0414861116511927 0.046954789165646 0.0651397143438577 0.0651801427673451 0.0625877435547388 0.0729328444992451 0.0452671888341502 0.0701914519264915 0.0500874835733021 0.0596645122184456 0.0479820478006159 0.0438853044722025 0.0135232553966054 0.0117979949311158 0.0656927992098575 0 0.0263974042854985 0.0274075217847756 0.0412874711956945 0.058460682119953 0.0413804117127581 0.0501544149726347 0.0680382515327534 0.0611246228591547 0.081913747736312 0.0716932080435029 0.0191493765988459 0.011243161797605 0.0230529498861095 0.0126452217980601 0.0105070426357478 0.0192548929565728 0.0705702012441905 0.061224599649658 0.0760113473497293 0.0655909327549654 0.0619131912950534 0.0526038804962284 0.0649180473915207 0.0808199358869389 0.0310599259102264 0.0322859202148585 0.063787027389379 0.0528895216028511 0.0641631950562647 0.0497599519512048 0.080761648541715 0.0877537681031359 0.0532179090040347 0.0688706967883959 0.0952425367334213 0.104761475847086 0.0704121749050012 0.0672087753671299 0.0514634741157446 0.0521283445862532 0.0362565060953502 0.0400399650340579 0.0381894992735197 0.0350322025530608 0.0131463992511596 0.0375155320362454 0.0192410341910323 0.0498373406103496 0.0594514481026354 0.0702284804775002 0.0499633028543366 0.0668715222337016 0.0178034015632771 0.0297982192415737 0.0497716904289197 0.0724955102857373 0.0282682246837247 0.0530987761505686 0.0283410287978869 0.0355284987601071 0.0203341570285022 0.0128040096287879 0.0272011156339867 0.0300230368705328 0.0121879546704127
