0 0.369057527613861 0.226189030722595 0.245987992280192 0.0907813317323573 0.10087575298301 0.292664951312897 0.290455536038766 0.17442111615425 0.185952500482471 0.406852534037093 0.338598546750737 0.343318212052333 0.359454805260496 0.20053131413381 0.200012024387982 0.384557578098489 0.454720444578511 0.306598405298989 0.246723709766414 0.120159426033184 0.168555531603532 0.157674840802073 0.170345645748083 0.220404094628231 0.139508059134113 0.257788179812048 0.348854822603407 0.116120390352463 0.197166797623326 0.297101352851342 0.208732316066671 0.221566419515851 0.188001112495269 0.269941998520539 0.138979197678254 0.221166878796929 0.134864515360851 0.221348309493059 0.0830626839813038 0.346278609010086 0.314351385522167 0.386631937297351 0.409095540149313 0.400554568734113 0.322048359147049 0.351426218769143 0.356309724026639 0.323840641114338 0.301002166099823 0.465744144550224 0.450736453286456 0.424430211973019 0.443440679844195 0.353714796935329 0.309393992405301 0.388330190192357 0.385227703032767 0.194383523541657 0.281076148522026 0.307916893081238 0.302833311139069 0.376116469162165 0.319411155302089 0.0918931678043253 -0.000916596967524392 -0.0094268310024577 0.0148803068198996 0.0115777102180256 0.00840734174623794 -0.0832663018654612 0.125202118276749 0.233664153561789 0.36451435802295 0.402247236015821 0.375839767564914 0.208744547863475 0.287935596685426 0.301455169361564 0.340583569458265 0.203814033519285 0.258533814036398 0.0156882351880821 0.0379820166073067 0.217006927786534 0.146485194488094 0.0581605797476867 0.151733147362964 0.1284304541156
0.369057527613861 0 0.175803540062377 0.195341905466399 0.0502577561236996 0.0411637863618658 0.225309418471447 0.191306982855515 0.120987629261099 0.112596756223629 0.381536231254123 0.296433605958887 0.27858076312179 0.254555515711793 0.164607758588141 0.145442791219379 0.366143288064714 0.448116558107604 0.272660024157971 0.290562717674809 0.149879513108616 0.125210776107563 0.114101557707437 0.143522522574969 0.200037166422915 0.114852849057884 0.242156241031854 0.303537725356368 0.0624042295966231 0.109977000154819 0.183732770006068 0.168638515197519 0.0836351553322324 0.0374404105197431 0.196783456795655 0.133463459638347 0.156000859579194 0.114153154621508 0.250797233654428 0.149141245263085 0.228333290012732 0.206613722572609 0.309098191153819 0.315111436688838 0.333203056161822 0.259017888065157 0.248156804480906 0.263953603187645 0.273221009614993 0.275352138721802 0.439575773503656 0.455175889150323 0.303637385009769 0.361993761056701 0.240948710053749 0.220976349868964 0.29517514845952 0.315612289487142 0.119696963159684 0.158898561698571 0.170884212132714 0.165441977319596 0.389056183497032 0.346764499620026 0.065165221151384 -0.0155898786426124 6.46449149229254e-05 0.0532273319265643 -0.0240733017910911 0.0376536803449726 -0.0905893656325061 0.0548936286990434 0.249014168857491 0.279162727281305 0.370530917597874 0.339974379019502 0.211210640170677 0.285343688840721 0.260571858355753 0.276005882846952 0.169633128820812 0.202753093898832 -0.0624118007152733 -0.0351955201201513 0.13361583540781 0.0970854665546096 -0.0178588231477645 0.0460205141153215 0.103450313424694
0.226189030722595 0.175803540062377 0 0.200667509858481 0.107998336618764 0.0268109484235915 0.24032293738521 0.186043259798032 0.153261391765815 0.0981895560615082 0.189523641941384 0.184092121461974 0.209618195766972 0.179123787014773 0.186012746146376 0.162501776164819 0.238854805675993 0.24350286170927 0.18337975296226 0.125182937328186 0.152667018394526 0.156494971813578 0.210086813390924 0.15555215061364 0.169768348478758 0.150596463767379 0.147529485062101 0.131768305041314 0.126564150979631 0.173069546848648 0.20176736480716 0.184127383692556 0.271517988729558 0.172052760173714 0.163121997822407 0.112444514516066 0.149940922877908 0.104807157126297 0.161248085951074 0.0649680814153258 0.225313650627271 0.214133822793921 0.234774078786019 0.212075963632502 0.223844538812323 0.201035454555935 0.233014608346915 0.218144605905605 0.207834098418056 0.165888533871953 0.254522692886494 0.254750639320135 0.231582494402676 0.233768513586905 0.207541846693353 0.156247534358426 0.229789171368761 0.177915122809243 0.257008218024046 0.224826260693564 0.23618496257829 0.208267202144293 0.210907161360839 0.184737099390508 0.132127424769246 0.0604209328589615 0.0757069202427523 0.0805163078009953 0.0361377338945687 0.0119684487529586 0.00725626539616375 0.105452816568305 0.143879628815582 0.222076075758089 0.248959413993912 0.186505582448128 0.166713794497701 0.166676750373022 0.243338696082427 0.212699371575848 0.173934634349671 0.167463905173151 0.0972866266421637 0.137378221908584 0.148097806568429 0.131681062371541 0.0920992068409301 0.124611884845787 0.0902501571886298
0.245987992280192 0.195341905466399 0.200667509858481 0 0.114693202240969 0.107330654450247 0.266026890997855 0.289323612063592 0.184607965145693 0.171902208006997 0.229279360690599 0.206127167069605 0.248878786768369 0.252708267393217 0.226255832188068 0.227575587704176 0.233023513192404 0.273694277637729 0.185267128677122 0.105116419312435 0.148923263836625 0.188771744473516 0.202596023712126 0.204657490224202 0.162393991854616 0.158545415079384 0.177768910784414 0.211976571326498 0.156421543343638 0.213903174240407 0.233423319628907 0.190145370774453 0.284681468752258 0.277113024839278 0.189011421223839 0.109539509750488 0.178349103947912 0.0779496459962406 0.164032971591025 0.0577967727601168 0.240462305828532 0.227807740565016 0.241382717055447 0.260362615760794 0.242920783150566 0.197915603863741 0.247289095787997 0.226752261070262 0.21210687883668 0.158710135606914 0.281153209573296 0.24911872363672 0.26199556292146 0.285851235147499 0.235141175984713 0.242620277375399 0.233914366061991 0.211158622535005 0.253886106070675 0.291936521142708 0.28410390398741 0.280254835894218 0.217165218538646 0.171162079158089 0.158575671797388 0.0635262282209642 0.0461588808247796 0.0683725156141094 0.0685508577220965 0.00851647318607611 -0.0127949719670464 0.14584124408883 0.136382470526465 0.263791260201255 0.264440268161582 0.225290280684843 0.15566299891407 0.167881966455593 0.226488686384803 0.267391071019403 0.183010799284529 0.20322933900987 0.197663874704675 0.160245213243722 0.200437613521111 0.162299044783376 0.125910279446298 0.167893732996686 0.121504850675212
0.0907813317323573 0.0502577561236996 0.107998336618764 0.114693202240969 0 0.104025371384382 0.148931437425342 0.14569491019984 0.213225213856182 0.17998394940557 0.0565710640607129 0.0606817170662319 0.131246194860976 0.110214936902517 0.13820512944028 0.121552802718339 0.111010292961038 0.101857621230701 0.0724601010439499 -0.00709124492893121 0.0802743952260935 0.0949990409170709 0.170566931062313 0.124227548787834 0.134719785835662 0.0906218590468343 0.0583938812634047 0.100887181655281 0.103542707162623 0.145934742124482 0.185799240241916 0.105764972405219 0.238997927856987 0.203462445174027 0.133811276937041 0.0372229954422813 0.110449418898664 0.0541678390545084 0.0745530961566341 0.0302229531144366 0.154008183364807 0.138756380730148 0.141700532066284 0.133046912744877 0.100826463505444 0.122246022292927 0.116011927583913 0.128727146301116 0.0851047206322589 0.0311447297250429 0.113580593285489 0.0894062956882761 0.137439162973023 0.128207229097574 0.135637967344596 0.141486170602137 0.106267776515055 0.107350835629387 0.190242749312775 0.170619737151225 0.189148957732693 0.174071397879357 0.0677091193140686 0.0484535090127724 0.0790766764664412 0.108009054707591 0.0379041931371245 0.0644674363515864 0.0473998982665227 -0.0057434504458748 0.02828877550396 0.10986338805023 0.0300507261686884 0.185945946638617 0.116695008520994 0.0809382792370834 0.0705169031785036 0.0606812187787648 0.145726660606902 0.140503061874924 0.102053528304981 0.106140286182792 0.200706283234169 0.218564793220467 0.158310600131471 0.133297725245578 0.150292797343052 0.145630096745797 0.0908990514940696
0.10087575298301 0.0411637863618658 0.0268109484235915 0.107330654450247 0.104025371384382 0 0.109436635260656 0.192875670442774 0.168384757899999 0.228107343795436 0.0867036396325805 0.0811280528334604 0.132801680418966 0.122501431154208 0.100796441092344 0.0791661548620878 0.109164429240804 0.0847010190397978 0.048863939837252 -0.0237378021156099 -0.00769173939957325 0.065242134650801 0.0915507846023404 0.0780559259712923 0.103245690750627 0.0891016013894825 0.0776109513579163 0.128494443738023 0.097639550412145 0.146071726363679 0.172316582451107 0.0753505680559429 0.17285719621588 0.23609041271083 0.114023244078363 0.0054724128715351 0.140996766144977 0.0132080005429722 0.0308748332660336 0.0228372011803446 0.167351429637157 0.151606918398166 0.115721233947048 0.159669803472777 0.122106154973104 0.11839502606189 0.127778059563377 0.130650990543472 0.11301486898494 0.0518614435145187 0.102206051877693 0.0504932403904482 0.155273207173786 0.139248985207286 0.137190595739536 0.140766161980328 0.0833698306672804 0.133267385876656 0.0860426709604135 0.165675795680072 0.179298384147738 0.182678188293877 0.0291273825227622 0.00474819207923604 0.0639037832622029 0.100500868299556 -0.0116630770343532 0.0318334226467767 0.0981917669574373 0.00267088132505583 0.00631327903069189 0.101453045304323 0.011946956887353 0.182351730471663 0.0896952725485873 0.0938865482829288 0.0172675102872943 0.0540583466969386 0.0726364471085975 0.120581385610725 0.0710765629304721 0.124438984395767 0.193767640787628 0.162274883181085 0.129048357624561 0.118099775439847 0.16942282127326 0.11645327263227 0.0669116867220198
0.292664951312897 0.225309418471447 0.24032293738521 0.266026890997855 0.148931437425342 0.109436635260656 0 0.326465275452338 0.25601558368713 0.227013269485634 0.285476714781901 0.232032804044409 0.324551265118295 0.295037516839364 0.261451073584925 0.2150959942447 0.319194026894487 0.327778694994672 0.21832796180084 0.120447124312311 0.141241734260029 0.201562068283118 0.255484415220816 0.213769144001078 0.193416641070445 0.147959815439777 0.21007310825874 0.267351168002445 0.183639968433 0.266769577787679 0.316260490895272 0.232415969970874 0.359463142473818 0.304247241047338 0.223190720560774 0.119346406524653 0.22182318735804 0.0968152407306572 0.152594727127845 0.0775112634310378 0.328925255502901 0.273896675117785 0.305248774723299 0.303777623370661 0.282165365749932 0.252308341297691 0.303541388596708 0.28960304397252 0.252606339864794 0.167135072487993 0.344861580503601 0.295319249205344 0.330314171966804 0.340024159895093 0.332853634460037 0.313438942095689 0.315288405110041 0.298217394113795 0.296360158025878 0.33791939540056 0.346196584024408 0.340916919046072 0.247013023021899 0.184617637955192 0.186806236481744 0.10959253263919 0.0607888602574647 0.104844315006598 0.0948418300991823 0.0242294582509485 0.00959626384628918 0.187721464149623 0.18226576720975 0.350999283634057 0.293138759734258 0.238892153214942 0.16436659952775 0.17557419270548 0.261505288437617 0.289881088137591 0.194609765640984 0.215374100526252 0.223547179334956 0.240174884150968 0.260331861013284 0.238544266093491 0.196606326206574 0.224797238273214 0.123216148562045
0.290455536038766 0.191306982855515 0.186043259798032 0.289323612063592 0.14569491019984 0.192875670442774 0.326465275452338 0 0.272537378151984 0.299006454535617 0.267050830800636 0.288017864160614 0.298013309390319 0.352369436097194 0.242643263747619 0.23591850648575 0.295932899039018 0.307981280784929 0.189362458177346 0.0843663857344205 0.115687554712699 0.18706067942042 0.211291417971941 0.213934606849659 0.161584785239252 0.155232016619852 0.217417488168887 0.301243164620532 0.15843568821589 0.295275797263376 0.299256479475873 0.228573972181354 0.344835119236621 0.364908960560216 0.237275664915464 0.0950631847025993 0.209907432744704 0.0739221351799505 0.131513752496337 0.0542435224162003 0.344931245786213 0.313816037418986 0.318529343959751 0.336381624036413 0.318073478272579 0.284117483969496 0.329187013393774 0.317282057556848 0.249027746523036 0.199567367501488 0.315327354473892 0.262609417133296 0.377724967844211 0.36331964629023 0.357032739648779 0.398647707807215 0.280178033381384 0.320872938616256 0.260254323394365 0.382532502337336 0.360795211637467 0.399582784716613 0.214455329189947 0.178329647960743 0.189434924198076 0.121184776605373 0.0222788780879899 0.0710282833048061 0.148092443861285 0.0100359232751734 0.00737193994025295 0.193007887485523 0.162606383503848 0.372207843004596 0.288912631017391 0.241108500901162 0.133427458295415 0.185738176850684 0.25253775924109 0.33933875477791 0.20953336107412 0.243043580676237 0.254956772948494 0.220140464194227 0.268112758645895 0.219731825525255 0.233871641750452 0.249618818324728 0.168502753601415
0.17442111615425 0.120987629261099 0.153261391765815 0.184607965145693 0.213225213856182 0.168384757899999 0.25601558368713 0.272537378151984 0 0.279305695129141 0.165794847533328 0.166754964395429 0.211000668723676 0.217608126874473 0.195754673232232 0.179212542827044 0.207545669465742 0.214910394369885 0.138635736953913 0.0141529899814951 0.0424047260214844 0.125918269317242 0.192407911374611 0.167758642557385 0.175834795955526 0.128058350550392 0.133487283970226 0.218141563235318 0.1287629214376 0.230447033427565 0.245408679157866 0.146299549394351 0.275273270988803 0.280290848939484 0.186487659635408 0.0545781812272916 0.168556231773393 0.0808057349007336 0.101780424140903 0.0636085813085557 0.222895552154113 0.208113927817763 0.191670471674049 0.192754144281429 0.180474537855039 0.157075478677569 0.177640877006692 0.177714600988067 0.148347124068228 0.0890574827761117 0.215447582622726 0.171323925180954 0.22377669006259 0.216579046212631 0.263081564244222 0.283803943920467 0.190507707094031 0.204354781945233 0.218282483172796 0.248863880041731 0.247902000215468 0.251657296015242 0.120840459772887 0.0796741882782315 0.119008943690925 0.122697129635412 0.0411361976148125 0.0828713830520892 0.143536520281217 -0.00403565196564114 0.0148459146441488 0.12035136970972 0.0794356023924097 0.302292132580188 0.214561059492999 0.168568823285448 0.0906180755066563 0.102196816996481 0.174984633243002 0.18791897198835 0.139758388744571 0.162414697025435 0.262984710598276 0.254626810994188 0.221297529865894 0.18485188316216 0.211432046448445 0.196805272544403 0.120851543920212
0.185952500482471 0.112596756223629 0.0981895560615082 0.171902208006997 0.17998394940557 0.228107343795436 0.227013269485634 0.299006454535617 0.279305695129141 0 0.18655756918327 0.186263064430441 0.231335709105355 0.246626004266835 0.140716675293056 0.175041212978123 0.208450721320073 0.220478307084352 0.112365600079022 0.000583069143369293 0.0164354741094575 0.129931963222156 0.177200025670043 0.13902712286193 0.156370140398348 0.131325001316727 0.125759858456095 0.251658997313833 0.143285378968587 0.250527066862714 0.272927774993681 0.150451935907865 0.301440874045098 0.327316647020574 0.222363910777162 0.0338411524926083 0.202135560431174 0.0732356421592466 0.0699738830634029 0.0214451183544796 0.308172732956288 0.265276964301235 0.260385271225933 0.281377721632332 0.235012707477988 0.221918263116582 0.222408879520596 0.243632636539639 0.183050773238544 0.111267817359252 0.217635266547967 0.166906366375563 0.287433306366882 0.278342778851916 0.234689166774863 0.303323697928793 0.191941142737939 0.237243033766232 0.151278182841936 0.243598328661382 0.27747892189556 0.318969871287426 0.114680229457214 0.0476416302654436 0.11804744250345 0.129309121038099 0.00387570359026892 0.0268746405913616 0.116385598303397 -0.0272055936009013 -0.0186686096791826 0.154894328900003 0.0649662875320172 0.329547132270888 0.217240230191871 0.152949361544734 0.0779932505272291 0.113483013252998 0.146564992582825 0.211651137505774 0.138661695387102 0.192952203406088 0.255762852435301 0.238957859089638 0.260925610230355 0.195169760143804 0.249604126607278 0.258027976598562 0.146386368805899
0.406852534037093 0.381536231254123 0.189523641941384 0.229279360690599 0.0565710640607129 0.0867036396325805 0.285476714781901 0.267050830800636 0.165794847533328 0.18655756918327 0 0.364044724918846 0.410597520590786 0.406469589198691 0.224875923916803 0.200789420185919 0.400081840939391 0.479903219134324 0.310476634788663 0.248459184603968 0.0962711695446856 0.147668389894724 0.126731737146866 0.150376044026265 0.212220879294214 0.151175751974431 0.291197904280653 0.397464794850702 0.0753547406518175 0.177976909565078 0.276341182171133 0.189382526793632 0.149845617687597 0.150410820924583 0.236401924124967 0.122065959156931 0.211166636549836 0.130610973191725 0.214898817704993 0.115209333602782 0.30295650214149 0.268734928514233 0.32365838300021 0.365685588848307 0.363943588978193 0.303867837242735 0.309267578999883 0.280339893274744 0.301265523469208 0.280560728570795 0.454208522212422 0.456934009543308 0.401312693438132 0.44015641560301 0.363506779243978 0.325120701431862 0.436495008103522 0.418542474504453 0.168956495631496 0.273409165911957 0.251545854229082 0.280336432862804 0.381387793733467 0.266047813485057 0.0591856716592249 -0.0219826026293981 -0.0336522391059654 0.0154778863793525 -0.00953413362970318 0.0171034077439654 -0.120907811885188 0.0809298680931982 0.236067875077641 0.33228935623337 0.397282036324684 0.362710070408355 0.205742119172385 0.294346626795261 0.283813584589411 0.351871996460896 0.188040033134945 0.230727847661503 -0.0361867511653299 -0.00234678343492485 0.175108862242451 0.0798195079561338 0.00546692285459374 0.0890725608751392 0.0919498156086809
0.338598546750737 0.296433605958887 0.184092121461974 0.206127167069605 0.0606817170662319 0.0811280528334604 0.232032804044409 0.288017864160614 0.166754964395429 0.186263064430441 0.364044724918846 0 0.309313361267185 0.38822700809215 0.218884829256383 0.205701377874885 0.334581469346159 0.397203185427752 0.258992285065596 0.216643490481021 0.0832970812454542 0.17027114320317 0.117050568325453 0.163994950554595 0.155332870450739 0.103081295831629 0.262174127203106 0.339918047024365 0.101431502082151 0.180356531225763 0.246640934503176 0.219130752125952 0.166838303318802 0.163653259348817 0.195063689811118 0.0980572596335157 0.194878785135193 0.0928223910759163 0.150211643830684 0.0475310394630423 0.234523939960014 0.218059029108146 0.250297459455598 0.288022044410697 0.255791101704635 0.221535764115646 0.266573420379981 0.223488855227496 0.227769964756653 0.21276477710606 0.366871862593858 0.341640956681964 0.346497748587367 0.345667586406631 0.322871252173159 0.357269091204403 0.371336730912798 0.384260102442999 0.141963167966397 0.263448489941526 0.247772496455161 0.258014203161503 0.303002148797597 0.210091228136439 0.0817877336628513 -0.00995642782475235 -0.00246090902880506 0.015252627824696 0.0317860827846657 0.0100452691545405 -0.0737113493785293 0.0857954199501789 0.172955999352452 0.309651572418459 0.328907098278688 0.306131301123772 0.168910942916974 0.218688859234294 0.23104789869778 0.316505453137918 0.149485877641564 0.209883408878855 0.0479344913203991 0.0355294815807317 0.172006328958738 0.122999310679814 0.0983654154060852 0.126359639576369 0.108411752108394
0.343318212052333 0.27858076312179 0.209618195766972 0.248878786768369 0.131246194860976 0.132801680418966 0.324551265118295 0.298013309390319 0.211000668723676 0.231335709105355 0.410597520590786 0.309313361267185 0 0.385097669488497 0.31125413609201 0.304158317875915 0.375919920459981 0.425491085271072 0.300762166340471 0.191363861240673 0.133073459739773 0.190982407131 0.251314509436826 0.226801214428265 0.22375415475073 0.170454342884903 0.25014766826503 0.364346472621563 0.121497708143648 0.227830903767672 0.299731938990366 0.216399648707163 0.244981710828375 0.243121363271635 0.217642808470538 0.112531624359753 0.201895702661803 0.137060704646706 0.217025284221154 0.127070653949222 0.303917730338974 0.316050728333202 0.304964489327349 0.337488859194586 0.344765165947167 0.299222571684109 0.280227963277201 0.279958350358663 0.266910013349434 0.239376917783737 0.379419883829416 0.367436572132275 0.361849859994206 0.370872110872477 0.345664570916284 0.325146290085543 0.352937457031683 0.332343303973175 0.278640672766935 0.303855856886027 0.276579598150999 0.301563719966057 0.296872936476363 0.22470087346783 0.127737175570806 0.0263566871351871 -0.018821338636231 0.0397207758163264 0.0476464252658403 0.00584174226895589 -0.0348109354542455 0.128542949096359 0.236923162246124 0.366798446219921 0.370788095273511 0.324971845207462 0.194076223565103 0.255576442986227 0.324345571604156 0.334900623629271 0.225687478747832 0.220927527945727 0.064344257802294 0.0939126810142148 0.190229342725694 0.14160871963574 0.0663409395475805 0.125857194346185 0.12078890084484
0.359454805260496 0.254555515711793 0.179123787014773 0.252708267393217 0.110214936902517 0.122501431154208 0.295037516839364 0.352369436097194 0.217608126874473 0.246626004266835 0.406469589198691 0.38822700809215 0.385097669488497 0 0.302313137150454 0.314829223104806 0.360343555508498 0.420609018121479 0.282627908126096 0.191049435546887 0.124918543537933 0.192678460736605 0.197099904157503 0.225738821221474 0.18146673555359 0.148649750855513 0.289024526071392 0.399993374049465 0.13931134328606 0.225594149449239 0.309059385224766 0.241096232004357 0.259974859349532 0.273364565134975 0.230113219115495 0.115834699338722 0.200173742293637 0.107030845224722 0.148163013655316 0.0509124274361067 0.325238909629597 0.302321008688833 0.308127575750717 0.347444683824887 0.332573003954483 0.300627804864439 0.322682582436789 0.316064982476305 0.274530031033366 0.223599176998898 0.383254589637702 0.360871073689508 0.393071920221443 0.399374195008253 0.358937110805132 0.38509679823113 0.396278019952723 0.400932001610718 0.218007321068816 0.334925223905786 0.296400171942277 0.332195817207113 0.309730794236359 0.200028096218464 0.110058448462949 0.0181363300645788 -0.0188877502755581 0.0271071706758859 0.0616852397526906 -0.00963759432424861 -0.0624400721564455 0.143139552202559 0.2453385602804 0.395720433299508 0.372258172298896 0.317370795789949 0.209301491709145 0.221559813716111 0.275386826005632 0.348611586177599 0.197470555412684 0.26993910846373 0.108268674133704 0.0582200417808619 0.211774212223889 0.151911679202769 0.128614119253333 0.159861233143465 0.132119303949702
0.20053131413381 0.164607758588141 0.186012746146376 0.226255832188068 0.13820512944028 0.100796441092344 0.261451073584925 0.242643263747619 0.195754673232232 0.140716675293056 0.224875923916803 0.218884829256383 0.31125413609201 0.302313137150454 0 0.307958222201582 0.258668520878379 0.278672646699429 0.181884691326817 0.100152936804023 0.19716117740578 0.202101963136076 0.246053991494177 0.21900602393072 0.171434802583178 0.1355803540975 0.192880229118686 0.234793769737803 0.148037524285258 0.202278990575718 0.224703247855952 0.17506182675285 0.28578860408441 0.227773509535172 0.156431396618008 0.10057502813941 0.141321064054032 0.0886864112455962 0.139306490435264 0.0928186857605812 0.207205825070776 0.188535784587102 0.187779473739266 0.188423341865806 0.194046799821063 0.173139282404227 0.189013172326824 0.183321551249263 0.18051538236583 0.129596617577817 0.23328897121661 0.241456636160112 0.226641970431485 0.213872782440172 0.230912826466858 0.211940649584032 0.255100609091138 0.211137457284043 0.308463532257413 0.263508597488066 0.231595976359067 0.235019822882093 0.166751422756522 0.129355685308784 0.157530342646757 0.058864920753215 0.0727387892884989 0.0915930700502162 0.0585886739888574 0.0148549134049457 0.034716655959659 0.139804674775399 0.176368082223725 0.276029353083193 0.269058471352862 0.217156736415834 0.184695670914323 0.157225540861484 0.258753687308224 0.228938285392193 0.181923916643385 0.156107592177274 0.158272877934849 0.155698254098787 0.161574650666884 0.135224042456351 0.100549182744135 0.104446835218652 0.109310745373716
0.200012024387982 0.145442791219379 0.162501776164819 0.227575587704176 0.121552802718339 0.0791661548620878 0.2150959942447 0.23591850648575 0.179212542827044 0.175041212978123 0.200789420185919 0.205701377874885 0.304158317875915 0.314829223104806 0.307958222201582 0 0.229271880627893 0.286071816017903 0.175999725333201 0.102577074129497 0.192396862013784 0.216431198448055 0.242602874180506 0.248700025834808 0.161627816110819 0.165557789029039 0.184286291267832 0.239314985194285 0.141500609260051 0.218857148655012 0.215052540273337 0.160990304257687 0.259953139801706 0.231196198289125 0.123231200808155 0.0989259603977101 0.149650962340934 0.088912085537888 0.148473174652979 0.0753924608870104 0.219282209728358 0.191241028453082 0.175677847629486 0.199463982926223 0.198008772319493 0.183815559519769 0.187268213600462 0.178656462025639 0.178335570084987 0.13096321409968 0.226058459666269 0.222580142751064 0.206601772578789 0.190175040647815 0.179738411337946 0.199091845390907 0.193560071650729 0.155276628254714 0.272175869480774 0.26847403527957 0.202144649762884 0.206631926097918 0.182332834938606 0.110533566972152 0.133345104271889 0.0284719638236647 0.0154756942464521 0.0701033006212019 0.0478151823514554 0.0228175321073699 0.000196022904450021 0.14359005561761 0.176141202051358 0.280112311042086 0.246544467915306 0.235412779953433 0.14704805300567 0.143865213940009 0.23764775039465 0.258097652928386 0.161163201985492 0.164076864334154 0.169436995347878 0.141914650213008 0.12895158514769 0.113124160457291 0.0860107919560139 0.0995060939994611 0.108666789040456
0.384557578098489 0.366143288064714 0.238854805675993 0.233023513192404 0.111010292961038 0.109164429240804 0.319194026894487 0.295932899039018 0.207545669465742 0.208450721320073 0.400081840939391 0.334581469346159 0.375919920459981 0.360343555508498 0.258668520878379 0.229271880627893 0 0.526501855264431 0.322459426212716 0.263217845883868 0.187558852028632 0.206858446182494 0.257008354957397 0.215991144312906 0.228086298061208 0.155765279105035 0.32353493770893 0.396756735575914 0.161714820808444 0.234044230215048 0.356540167358005 0.269918302581134 0.286131959726316 0.249930924263832 0.301432070747237 0.159327366538769 0.237991418815555 0.131957444323317 0.24001024076603 0.113518096385647 0.377986319743382 0.33939455646181 0.410455304839763 0.425045859370213 0.408127050834455 0.345102415609157 0.349646455922436 0.347888553679036 0.332087030423217 0.280451165209377 0.503567205296193 0.462004799617801 0.431161733827593 0.454903550793386 0.357615416910093 0.314538813252612 0.4328447562497 0.424360807925039 0.251178247514053 0.238822108866337 0.327928633641964 0.343043193895393 0.389469496322433 0.319895011444656 0.173472838108475 0.0541002463082975 0.0371265959409716 0.0905667929075503 0.0323023176207786 0.0363962611165684 -0.00121910219728776 0.170676965259782 0.377628385495916 0.46699803296123 0.458166276066427 0.370014784412894 0.245839555351069 0.281479517485897 0.328058805530419 0.326931987989563 0.212609045537054 0.233314489550973 0.064191020173689 0.0851627218130317 0.245808618410899 0.204495459990604 0.128141589919048 0.181895114527621 0.162542650004084
0.454720444578511 0.448116558107604 0.24350286170927 0.273694277637729 0.101857621230701 0.0847010190397978 0.327778694994672 0.307981280784929 0.214910394369885 0.220478307084352 0.479903219134324 0.397203185427752 0.425491085271072 0.420609018121479 0.278672646699429 0.286071816017903 0.526501855264431 0 0.347239201153 0.318330962720381 0.190834177786682 0.227244158006851 0.228676700797645 0.224096006080515 0.283435289065566 0.199659601816159 0.338275026319984 0.467105204473303 0.144826899469297 0.259876299910327 0.372822310735883 0.28559206711891 0.282277494491202 0.253201229528145 0.332446252190413 0.183935685475345 0.279009149238679 0.147558187416246 0.273658520506003 0.120354776089819 0.413737365221629 0.368923272772434 0.444460654500956 0.488453617931082 0.461009137829057 0.383339502274721 0.381522149898664 0.380599046490408 0.364425512763197 0.344617882721319 0.554892079041319 0.548079899675652 0.470556906875517 0.51471568593534 0.384965084402028 0.350764646091432 0.465323792530877 0.4560917555564 0.255443723903472 0.289325374103198 0.337462150110053 0.359096475252537 0.457014400964414 0.35854389360794 0.126627204294431 0.00136321166582251 0.00745365359809107 0.0296138862863025 -0.00150468220942263 0.0304764577139405 -0.0704224834264272 0.135656642317021 0.374605430479623 0.49811066668428 0.52007668459565 0.466544385995143 0.275136235742676 0.321456937035366 0.347032142875803 0.391009301686763 0.240538955595854 0.288728585604514 0.00217519740290392 0.0231971157759944 0.237985430847109 0.161121746232302 0.103525090961323 0.161982078788306 0.169947367589725
0.306598405298989 0.272660024157971 0.18337975296226 0.185267128677122 0.0724601010439499 0.048863939837252 0.21832796180084 0.189362458177346 0.138635736953913 0.112365600079022 0.310476634788663 0.258992285065596 0.300762166340471 0.282627908126096 0.181884691326817 0.175999725333201 0.322459426212716 0.347239201153 0 0.236917357457728 0.111317824837499 0.124117788758948 0.176439982554927 0.154119364489342 0.148165319406304 0.101015639583475 0.235590796713657 0.284364198864845 0.0974466573099406 0.143852706561102 0.227220636961589 0.177892341091167 0.121051631774055 0.0841855538502587 0.173511760457149 0.10816323055326 0.139266888881882 0.103082650352264 0.177812382412189 0.0954473290471366 0.205302553038112 0.204219618432501 0.242356545909752 0.24210220080993 0.265129020296997 0.22237514852386 0.229988506591864 0.205298880317087 0.215559300052198 0.199639146027365 0.344034722053588 0.331939421965182 0.277249440050825 0.28090162418919 0.243870298957719 0.215378269324733 0.294067089559522 0.265458151260372 0.162959114758543 0.163985786394035 0.179962285175197 0.174672093823629 0.301112938227306 0.233597644562013 0.109629780164458 0.00748541196408723 0.0234598326620042 0.0453365151040026 -0.00468686441700224 0.0211632273364631 -0.0634732707349829 0.051949852884403 0.199141150210588 0.24473602728996 0.324741089332685 0.2721741811859 0.170614262489666 0.226657659965346 0.21898414896272 0.217271059651239 0.156484036232127 0.151493376940422 -0.0467903948995796 -0.00689023386164082 0.121810405769881 0.0955469663263286 0.0100869158265044 0.0676262956690162 0.0846531976437046
0.246723709766414 0.290562717674809 0.125182937328186 0.105116419312435 -0.00709124492893121 -0.0237378021156099 0.120447124312311 0.0843663857344205 0.0141529899814951 0.000583069143369293 0.248459184603968 0.216643490481021 0.191363861240673 0.191049435546887 0.100152936804023 0.102577074129497 0.263217845883868 0.318330962720381 0.236917357457728 0 0.0956955631810894 0.0922553968984242 0.0650044175620795 0.110506960366059 0.106330098487668 0.0604682182562352 0.189893552785948 0.209230731117909 0.0286501609635808 0.0503974085611686 0.0964308155663101 0.112845745203052 -0.0169514853126719 -0.069606712321034 0.095971307939951 0.0893569544312873 0.0637454169263375 0.0673571162438442 0.151793792416659 0.099800644415663 0.117188914089654 0.114793712447367 0.169723983004315 0.187407219109049 0.192980760105798 0.150776099411116 0.132652599631954 0.144948433946456 0.17158640458811 0.200480191352113 0.289349279943459 0.292822472079645 0.190971196431393 0.211515285729961 0.15880661453581 0.112914607058714 0.226172279896724 0.217189174268058 0.0461824551492528 0.0362072791313236 0.0680836656830417 0.0594970810943964 0.300298099480656 0.254980728861721 0.0450453077699823 -0.0517171720069464 0.0147830198264102 0.0227329293084891 -0.0231437988638636 0.0372314686533829 -0.0723787498369526 2.0204779327302e-05 0.178671273977537 0.140730459749677 0.240708829413736 0.223903226808817 0.159617504187301 0.175740713965897 0.177525089478591 0.179082936414596 0.0929803294778298 0.106296535396684 -0.169214226919862 -0.151883450934737 0.0512319234261397 0.00702824219487106 -0.0962924066825252 -0.0305957132239833 0.0503147154815817
0.120159426033184 0.149879513108616 0.152667018394526 0.148923263836625 0.0802743952260935 -0.00769173939957325 0.141241734260029 0.115687554712699 0.0424047260214844 0.0164354741094575 0.0962711695446856 0.0832970812454542 0.133073459739773 0.124918543537933 0.19716117740578 0.192396862013784 0.187558852028632 0.190834177786682 0.111317824837499 0.0956955631810894 0 0.205480875189877 0.19084533974139 0.189101127146668 0.161680745668242 0.120514480471314 0.146442128100972 0.124718235104062 0.134329863837504 0.151006472856211 0.136432727747457 0.11332710733752 0.238222788974326 0.126559817412526 0.131787989053748 0.101206945479178 0.0988090109490495 0.0550990225381531 0.133011698037297 0.0616468809564227 0.147100481951614 0.140408119953211 0.163868853051705 0.149189868618292 0.14999780402605 0.113645215478699 0.155659307890244 0.131350103552838 0.111250621401461 0.0957941332777331 0.203276162658164 0.181779616562706 0.133309428839555 0.133026071806331 0.0657996652913231 0.0295846444138978 0.109985757950817 0.0944461956455282 0.221510701768315 0.137230767149743 0.165066221773406 0.134091590780272 0.167356243310209 0.139870462629074 0.151766098014301 0.0901802727535876 0.107429800525349 0.107924737395812 -0.0261875583256267 0.048172493520743 0.056377616406508 0.112046844410465 0.183101402567908 0.193623064998762 0.172698191068071 0.143223330776711 0.160907860981204 0.0821215188363853 0.185904760080489 0.131313591627675 0.114443158404803 0.080588843010229 0.0847730622936061 0.112520740630853 0.10702778790418 0.107555609183304 0.0624270918681011 0.0782154169708431 0.076634712414741
0.168555531603532 0.125210776107563 0.156494971813578 0.188771744473516 0.0949990409170709 0.065242134650801 0.201562068283118 0.18706067942042 0.125918269317242 0.129931963222156 0.147668389894724 0.17027114320317 0.190982407131 0.192678460736605 0.202101963136076 0.216431198448055 0.206858446182494 0.227244158006851 0.124117788758948 0.0922553968984242 0.205480875189877 0 0.197551122535976 0.210740636121913 0.157139234299371 0.156420058569913 0.15153959220576 0.184248968767803 0.152588142316884 0.211496986564719 0.207364140826933 0.161297595816215 0.29368875672342 0.224723252213057 0.18607793060828 0.112470603777972 0.164285093813303 0.0981858927706437 0.145286080261781 0.0124691742925945 0.214747837124668 0.204491555416842 0.203049570567066 0.196402749890868 0.170823637680819 0.178621598314859 0.197380158221295 0.170916026449054 0.164766029851786 0.123158336910436 0.217004288187582 0.184179723209853 0.189640719425728 0.193672717306985 0.15114080483064 0.13462747113361 0.156802378103398 0.148679728567196 0.239076868289909 0.243122263338735 0.237506907208566 0.211699874675936 0.163818956970284 0.111934427611517 0.166405911819924 0.0669217952854652 0.0791421046517326 0.0604873619798486 0.0367596038575441 0.010782550394143 -0.0102074997757624 0.113074519740927 0.17587563055094 0.239920800053055 0.214509258298265 0.177889405011758 0.153369794233108 0.119906113157342 0.205673952858426 0.217638665419536 0.131770772828012 0.140398893264873 0.139233922324831 0.126059627114349 0.140695912406976 0.115906623471834 0.104083457404789 0.133545482539178 0.102612220212353
0.157674840802073 0.114101557707437 0.210086813390924 0.202596023712126 0.170566931062313 0.0915507846023404 0.255484415220816 0.211291417971941 0.192407911374611 0.177200025670043 0.126731737146866 0.117050568325453 0.251314509436826 0.197099904157503 0.246053991494177 0.242602874180506 0.257008354957397 0.228676700797645 0.176439982554927 0.0650044175620795 0.19084533974139 0.197551122535976 0 0.243473424258656 0.174910382436975 0.138104016967817 0.148200686630404 0.194859137299305 0.210529292892892 0.269034543639423 0.28405790074468 0.166682845169041 0.392590911289573 0.322873413307584 0.183236753953936 0.109524016960764 0.154377612155327 0.0760996273336078 0.120925216504581 0.064879937848255 0.252352669719401 0.24793869076279 0.244081165136869 0.22754673433181 0.206892181042862 0.174249897745271 0.19352117961182 0.190214901352406 0.171836301035852 0.0967351141550098 0.219215345628019 0.176119890684808 0.19077209751714 0.201248632463094 0.201680610141662 0.169781155554787 0.192091560260616 0.13599206003265 0.34964191070898 0.23672933760819 0.267999215884933 0.245841297632416 0.128167153132562 0.0826703097360479 0.219547689795818 0.143444103667873 0.120441929049344 0.119096433653269 0.0888951747352423 0.0333013854394178 0.0702168197061484 0.213529709084005 0.188625763067157 0.309959300205103 0.228209305432659 0.158633485499548 0.132375548148511 0.111429445775759 0.227095731321774 0.188133830502484 0.13311705091866 0.146693477972964 0.217142243243266 0.234272299296269 0.201250994496619 0.187551004906099 0.182870004038423 0.172249567144668 0.118521382475926
0.170345645748083 0.143522522574969 0.15555215061364 0.204657490224202 0.124227548787834 0.0780559259712923 0.213769144001078 0.213934606849659 0.167758642557385 0.13902712286193 0.150376044026265 0.163994950554595 0.226801214428265 0.225738821221474 0.21900602393072 0.248700025834808 0.215991144312906 0.224096006080515 0.154119364489342 0.110506960366059 0.189101127146668 0.210740636121913 0.243473424258656 0 0.144932590183768 0.166260563056727 0.166133991600423 0.193571058973846 0.15262165308835 0.239919901079739 0.195215854081246 0.176953749461232 0.251745680446694 0.218489714165931 0.13360866809094 0.103295906233948 0.132541963906126 0.0746936191937571 0.121696230802639 0.041682361036572 0.196856269445312 0.179948429788807 0.179369537971867 0.174107297840396 0.174289978574791 0.157677880338579 0.172563164226127 0.168837417174646 0.155955397261467 0.117925223556033 0.214866685258254 0.193021881068688 0.193157703392974 0.184611321900659 0.166499990452356 0.184122847690155 0.181799163777687 0.15842625129228 0.259989477850159 0.266542202627716 0.225747086766665 0.189155990865855 0.146463240195425 0.114861537366898 0.1354290984275 0.0812424749110701 0.0631418227767125 0.0742921996363879 0.0564305652492898 0.0107789484622937 0.00445883938605403 0.136535615629426 0.15092999640503 0.239859563756938 0.233981769344851 0.194153149094282 0.149831777425413 0.131057508883307 0.215625988140371 0.229015249204354 0.127526514283191 0.150841868450236 0.156866191108977 0.141792463577487 0.138450706977566 0.132329636031535 0.0942631118441267 0.104435935669511 0.09285409429142
0.220404094628231 0.200037166422915 0.169768348478758 0.162393991854616 0.134719785835662 0.103245690750627 0.193416641070445 0.161584785239252 0.175834795955526 0.156370140398348 0.212220879294214 0.155332870450739 0.22375415475073 0.18146673555359 0.171434802583178 0.161627816110819 0.228086298061208 0.283435289065566 0.148165319406304 0.106330098487668 0.161680745668242 0.157139234299371 0.174910382436975 0.144932590183768 0 0.158998580238116 0.128287316259275 0.19176165941894 0.0870736897564851 0.163376413002668 0.224578940414618 0.124914393230283 0.286780770642372 0.211276002399285 0.191846126804446 0.0928625883986254 0.1851099123604 0.0927287917563854 0.221635366346275 0.0899943665032004 0.220962278561484 0.212651470851587 0.227643246141216 0.250144832685371 0.247322205758941 0.206515743395239 0.209953772024902 0.214422009817376 0.19256588063566 0.175444920779978 0.282283363702604 0.264829916219922 0.216271005630229 0.252548138203932 0.185568349564395 0.13563032357172 0.205912998514178 0.190663065573741 0.226377592018955 0.235995005336514 0.245556339289915 0.210675659331152 0.214009481030577 0.178768303356482 0.0609095682022035 0.0581754819633895 0.00621853095930325 0.0373912823371833 -0.00641048480803991 0.00869155453748062 -0.0411723600214457 0.0916794509278663 0.118213823374257 0.226191333535197 0.254559509220533 0.22894567720682 0.159650654300634 0.1792894475287 0.248238754193854 0.247352022379733 0.137481644654249 0.187501639418027 0.091264013031094 0.145676596726563 0.156247331489524 0.140831937515345 0.10064945097506 0.123200514019016 0.0934393598652827
