0 0.395031713020722 0.294181909820228 0.181499708680436 0.706174445570001 0.153745656645747 0.379627445343015 0.669708474051531 0.447875181919355 0.52213358641235 0.56727636055937 0.544363136078579 0.407390147106728 0.447977360804696 0.5655905052526 0.527149654509496 0.260847900711727 0.395396799475618
0.395031713020722 0 0.41572737435036 0.362219882426736 0.462618217535187 0.205233948732254 0.376458752642376 0.461509048342316 0.373357444076858 0.354004329807647 0.354654592407015 0.387661481111267 0.150061625362765 0.37482253309195 0.367568596985625 0.433698897241799 0.185690378799356 0.275946856622605
0.294181909820228 0.41572737435036 0 0.736502059127238 0.599345523009876 0.336787209470699 0.495007303232747 0.746949101138935 0.555561581952856 0.587690464831702 0.273337914104536 0.443649628714103 0.0516385967866015 0.388324926163786 0.304438815326797 0.493938192000108 0.110127142616001 0.347278896787439
0.181499708680436 0.362219882426736 0.736502059127238 0 0.391622692418089 0.272258268796847 0.507079567433758 0.518986981561594 0.434541018388909 0.513557166340784 0.244503383382319 0.332794556611928 -0.0603641253602304 0.269108678455068 0.290064066604879 0.373543450717662 0.269313373115519 0.190617302884117
0.706174445570001 0.462618217535187 0.599345523009876 0.391622692418089 0 0.172578207984104 0.36731615884873 0.609682879959323 0.456909898433529 0.523069982093361 0.569507744751274 0.462123452119507 0.294603504554212 0.516351706685741 0.487215759780483 0.449474913805714 0.17991794599423 0.360744155699784
0.153745656645747 0.205233948732254 0.336787209470699 0.272258268796847 0.172578207984104 0 0.445752133545773 0.554518218559494 0.595292137433822 0.521863306634142 0.314620361262724 0.442150694703628 0.202412328466643 0.270808115797523 0.293259355755376 0.51043548096997 0.35228867984267 0.391728529205464
0.379627445343015 0.376458752642376 0.495007303232747 0.507079567433758 0.36731615884873 0.445752133545773 0 0.590191918214314 0.503307023301228 0.728926825152559 0.257325346330898 0.477207430122079 -0.0514255149723725 0.282492819358234 0.486656392558311 0.638072308680399 0.352247040640958 0.325367672685302
0.669708474051531 0.461509048342316 0.746949101138935 0.518986981561594 0.609682879959323 0.554518218559494 0.590191918214314 0 0.685311183662765 0.734652579691162 0.51807383753681 0.604850353180987 0.205694771262844 0.461714866916869 0.565219852357123 0.704993920025939 0.377266611621717 0.537682771684407
0.447875181919355 0.373357444076858 0.555561581952856 0.434541018388909 0.456909898433529 0.595292137433822 0.503307023301228 0.685311183662765 0 0.744449731113123 0.536774352568994 0.685827627182665 0.260250901258334 0.512611495395979 0.560036843613918 0.691937993636281 0.408683807983999 0.528101944478583
0.52213358641235 0.354004329807647 0.587690464831702 0.513557166340784 0.523069982093361 0.521863306634142 0.728926825152559 0.734652579691162 0.744449731113123 0 0.481064310348842 0.589333233046344 0.103861360034791 0.536647981256155 0.667517923953638 0.705370260290003 0.46735056689289 0.565648976524672
0.56727636055937 0.354654592407015 0.273337914104536 0.244503383382319 0.569507744751274 0.314620361262724 0.257325346330898 0.51807383753681 0.536774352568994 0.481064310348842 0 0.55285394277953 0.470245472370127 0.410172791334589 0.511932638517297 0.46515585765477 0.35462296109691 0.35656138862534
0.544363136078579 0.387661481111267 0.443649628714103 0.332794556611928 0.462123452119507 0.442150694703628 0.477207430122079 0.604850353180987 0.685827627182665 0.589333233046344 0.55285394277953 0 0.376737061819195 0.536382629780484 0.608713443431509 0.711047784282985 0.38813535256239 0.485845602707711
0.407390147106728 0.150061625362765 0.0516385967866015 -0.0603641253602304 0.294603504554212 0.202412328466643 -0.0514255149723725 0.205694771262844 0.260250901258334 0.103861360034791 0.470245472370127 0.376737061819195 0 0.26643890656509 0.293490281233587 0.268273191636664 0.291492804855977 0.170883940476606
0.447977360804696 0.37482253309195 0.388324926163786 0.269108678455068 0.516351706685741 0.270808115797523 0.282492819358234 0.461714866916869 0.512611495395979 0.536647981256155 0.410172791334589 0.536382629780484 0.26643890656509 0 0.420353212954216 0.523910194251816 0.232113788832611 0.607295150058437
0.5655905052526 0.367568596985625 0.304438815326797 0.290064066604879 0.487215759780483 0.293259355755376 0.486656392558311 0.565219852357123 0.560036843613918 0.667517923953638 0.511932638517297 0.608713443431509 0.293490281233587 0.420353212954216 0 0.554639403013862 0.374017529611419 0.400151329156106
0.527149654509496 0.433698897241799 0.493938192000108 0.373543450717662 0.449474913805714 0.51043548096997 0.638072308680399 0.704993920025939 0.691937993636281 0.705370260290003 0.46515585765477 0.711047784282985 0.268273191636664 0.523910194251816 0.554639403013862 0 0.407431462989173 0.541972832670096
0.260847900711727 0.185690378799356 0.110127142616001 0.269313373115519 0.17991794599423 0.35228867984267 0.352247040640958 0.377266611621717 0.408683807983999 0.46735056689289 0.35462296109691 0.38813535256239 0.291492804855977 0.232113788832611 0.374017529611419 0.407431462989173 0 0.313934113218043
0.395396799475618 0.275946856622605 0.347278896787439 0.190617302884117 0.360744155699784 0.391728529205464 0.325367672685302 0.537682771684407 0.528101944478583 0.565648976524672 0.35656138862534 0.485845602707711 0.170883940476606 0.607295150058437 0.400151329156106 0.541972832670096 0.313934113218043 0
