0 0.0321616486767748 0.0225577016320251 0.0218402181445798 0.00535856781640358 0.00357884568151626 0.0210097508876493 0.0193236475170481 0.00827206248758593 0.000765585460150537 0.0219050758011425 0.0163971406254741 0.0181778350652599 0.00885976205859711 0.0101857138874301 0.00127250189156833 0.022630699985822 0.0291254254778183 0.0263077646159352 0.0210022470896084 0.00211238278671489 -0.00276997392201065 0.0134062278507233 0.00796169098756849 0.00448302746510865 0.00100945529718093 0.00899334457417575 0.011351127735995 0.012058488857573 0.00532313221028302 0.0249430357539053 0.0247753615444619 0.0212309028324948 0.0118444480541934 0.00874786056646496 0.00696361653959009 0.00611285766815106 0.00373847760229383 0.0132865405173643 0.00567209949047339 0.0264772220537019 0.022443902481644 0.0288567603665405 0.0308431547918046 0.0180338377857741 0.0228548193442459 0.0298522579920932 0.0275641597967932 0.0109228726273476 0.0122083369812411 0.0409089303975793 0.0348503708900563 0.0355590116226362 0.0263781355211963 0.023109861874096 0.0161104633449398 0.031529643844321 0.0244307892604797 0.024851646397729 0.0122779850929957 0.0218921728547526 0.014916907176235 0.030235539861349 0.0235171275737313 0.014400003853619 0.0127896417676496 0.00974425250021144 0.013405720356788 0.00822553554838654 0.00816395986345898 0.00960142138488474 0.00918923380727946 0.0159832967266141 0.0206497520624842 0.0200485964791121 0.0252000935282607 0.00806373819954043 0.00970553795019247 0.0212388552542865 0.0253512618738518 0.00756078723151744 0.0145797995848586 0.0119925707559813 0.0174736349932845 0.00898807635521287 0.00938016992676151 0.00833334439972703 0.0123132340604168 0.00669539393690851
0.0321616486767748 0 0.0197739301096547 0.0223895519779764 0.00598765794766341 0.00652813930240489 0.0170101841265131 0.0235302508282886 0.00912655352158901 0.0065573207444372 0.0202737901924049 0.0286663334289746 0.0128530506678898 0.00999676454329295 0.00865910517957024 8.21202252400027e-05 0.0292288002349388 0.0429659234738768 0.0291414482240627 0.0293644884193681 0.00369054095433395 -0.00615051198763762 0.0116644636572287 0.00451928947018106 0.00724022120782395 0.0009131935708664 0.0118102662121671 0.019724525409837 0.0127659117560252 0.00534713059902719 0.0333807932651117 0.0348398576191512 0.0291053803642373 0.00817555867515643 0.0142082685870479 0.00946213234045523 0.00947475643609629 0.00566517164623172 0.0118792770985397 0.00810972351273234 0.0419951230778996 0.0370380905694699 0.0457299936817369 0.0491349086720769 0.0274689742704605 0.0329572725315973 0.0439214299329619 0.0404999338163021 0.0141955579809445 0.0162796683418707 0.051084339622767 0.0506457266988991 0.0422343021599257 0.0403043208073238 0.0160898510777958 0.0162100583732307 0.0373420105483192 0.0331106244872797 0.0131034541882415 0.00532423792975356 0.0264441609507518 0.018907906740022 0.0392449202848256 0.0308604171423127 0.0185453549912578 0.0183434695828926 0.0113466018541573 0.0157566254127308 0.00684473885222261 0.0126659035809866 0.0125497140592311 0.0107579684594544 0.0235403911141753 0.0264267831593663 0.0294454066257322 0.0349748014700296 0.00910334928527688 0.0116651029689083 0.0215358771933246 0.0327031962049969 0.0049495519065105 0.0187127277618967 0.0151325299427324 0.0202656411278549 0.012158032735593 0.00761059289534878 0.011893809648867 0.0165503069461482 0.0017141921699651
0.0225577016320251 0.0197739301096547 0 0.0360308270456312 0.00996503587274488 0.012103809129753 0.04823412270674 0.0227986579423034 0.0144149958741141 0.00550094867589594 0.0111397845772986 -0.0032323584776108 0.0275594457964894 0.0047860007550484 0.0168874320250048 0.00947888157901828 0.00689456833790119 0.0148368575119024 0.0208805743910351 0.00938558139159759 0.00721137799036925 0.00134448982757163 0.0376413559795068 0.0351657529437788 0.0162828751259821 0.00984799288549496 0.00139821269377959 -0.00536948772298881 0.0205387277717116 0.0106949710318341 0.0337552844071342 0.022498756089694 0.0552836321510891 0.0420057008291107 0.00708543272625349 0.00414310260033362 0.0030153046826113 0.00329118531607088 0.010807950247461 0.00871623264848074 0.0232079434120821 0.014498123112904 0.0227680981267511 0.0212645678821404 0.0121308610668765 0.0195728683023977 0.0262216369816355 0.0307119041186341 0.00751182884994129 0.0100172104262427 0.0261753024275735 0.0256370922997974 0.0313465909891557 0.018719040396231 0.0342212436925725 0.0200929849076767 0.0179524762173182 0.0186008501462523 0.0754660926163699 0.0472963498701212 0.0419816959294646 0.0221340304894065 0.0315443480169384 0.0230973756046806 0.0212778586784374 0.0171399992992405 0.00717923356063513 0.0121781395595636 0.00706585181523304 0.00210835916539167 0.00757107140071217 0.00859304705356 0.0067883956847356 0.0161150920050617 0.00881709302658713 0.0196120734736174 0.00479570106309653 0.0139303802117935 0.0281219340531935 0.0300844357264378 0.0112789084830372 0.0188485533991328 0.0292725203459793 0.041141075982849 0.0103843368193213 0.0148541960194809 0.00675501637290712 0.0145486729980543 0.0124790699955206
0.0218402181445798 0.0223895519779764 0.0360308270456312 0 0.00775914179948897 0.0104214712449857 0.03312101878278 0.0328503683661697 0.0104519252668085 0.00963156198577371 0.0149798414660281 0.0116956869204586 0.0181325775075606 0.0140327598371723 0.0116123283580767 0.00748172181561372 0.0146906045860414 0.0194203856284812 0.0198980346956192 0.01265334975447 0.00746901826460467 -0.00189004786585008 0.0225894456954913 0.0259036900644559 0.00993614629793805 0.0066305169841929 0.00561298450111174 0.00418681079982033 0.0185382336141067 0.00988856642879316 0.0324252836883528 0.0289645487651578 0.0429335757513941 0.031895121164313 0.00629576342422338 0.00422186730107609 0.00431667818441663 0.00324833825480548 0.0119643405374511 0.0058712015889596 0.0238139023627374 0.0184887961462149 0.018083257485173 0.0211568970285332 0.0132683760767217 0.0194609734941532 0.0240847916865148 0.0270246750605508 0.00729764035185184 0.00936191475174762 0.0273424828868897 0.0264011164040539 0.0309184170269371 0.0232854079417963 0.0280406667550434 0.0334234551886807 0.0219417147188379 0.0282202774728636 0.0502585680297557 0.0497622245265392 0.0337536564348583 0.0278073374860012 0.0250385567946557 0.0173375858111389 0.014753935996461 0.0149960706627252 0.00765346095050966 0.014347538175682 0.00348309241833053 0.00912576613995622 0.00756385087784046 0.0106810613325926 0.0113391589962274 0.0159217804641853 0.0140125584906902 0.0207814664298737 0.00496497440533982 0.0132809962877825 0.0210108679900041 0.0290014371914801 0.00858839561880754 0.0190436425592996 0.0250636764601918 0.0271054398139556 0.00970435604578035 0.0104238518061116 0.00942782311622396 0.0122475640359194 0.00945052086742433
0.00535856781640358 0.00598765794766341 0.00996503587274488 0.00775914179948897 0 0.0028253337739844 0.0096616117214848 0.00913871643197982 0.00788812299507861 0.00581997022869954 0.00122794817113849 0.00309226243041757 0.00338653511178689 0.00463243810044633 0.00384379968082887 0.00214332772692409 0.00253704133060193 0.0046734792442661 0.0057420009882695 0.00356852086144397 0.00265952094743577 -0.000965368984713973 0.00473894912774877 0.00430999461487117 0.00174530446685818 0.001039303239346 0.00198761346633425 0.00103008259343391 0.00411123943705503 0.0021311981474595 0.0098647538261947 0.00724208121426302 0.0121727261064469 0.0062632894136828 0.00365124887636435 0.000861352923352128 0.00211608652991457 0.000398454507474984 0.00158576380827886 0.000907973578343508 0.00599599947483749 0.00404404737249288 0.00420009969425836 0.00503641222313106 0.00192839406585049 0.00306405324144016 0.00542172828205008 0.00594148482684047 0.00169262519093437 0.00165171579467387 0.00677918656079145 0.00752381339253355 0.00686284351364691 0.00387379008472872 0.00782330795161129 0.00990863785194989 0.00293634429425313 0.00464249962545403 0.0127297913794558 0.0134060147877445 0.00800856208965433 0.00529264329785901 0.00743124602001173 0.00609412775814794 0.00486628795299654 0.00452260786177279 0.00218102856820383 0.00277136270757056 0.00132953398421927 0.00144555661173633 0.00264339669361016 0.00355508045484329 0.00219708994076177 0.00626876785885896 0.0038532818051578 0.00534454964135646 0.00272699415374288 0.00398567397764298 0.00511349699603227 0.00725449070969575 0.0018964433057321 0.00520831832880696 0.00625462346957822 0.00722885937886347 0.00131746486975175 0.00142436184553526 0.00185243355439533 0.00239387931540281 -0.000616004722444998
0.00357884568151626 0.00652813930240489 0.012103809129753 0.0104214712449857 0.0028253337739844 0 0.00925092326156979 0.0101875546009895 0.00390170004433899 0.0100007312614069 3.17247320763805e-05 -0.00072830885351432 0.0039040688564376 0.000808436295608846 0.00180412698961628 0.0036939609889689 -0.000377341396550651 -0.00116364134558871 0.000901521889889734 0.00116453868040055 0.00284871993270407 0.00462789947548103 0.0103638727407301 0.0152902092274268 0.0105812176082078 0.0045109859031701 -0.00241112612868702 -0.00321916766835252 0.00459018945295894 0.00360080755750368 0.00076543154514289 0.00156612393011051 0.0115038093792119 0.0104909275652202 -0.000746927404434344 -0.000416754348686847 -0.00239744308541887 0.00224632091742165 -0.000101051450298671 0.000388570119631045 0.00261382692229938 0.00202906339037753 0.00839011716843574 0.00654963004049489 0.00196098883608803 0.00324167577713919 0.00736878502871148 0.00757877422746822 -0.000214916843524158 0.00199069953842095 0.00731752201781211 0.00712183365364769 0.00656238799354818 0.00843276596499897 0.00653119828636976 0.0128654257383183 -0.000853931365421454 0.00581404813741961 0.0169767353314576 0.0178359748255648 0.00651477658457229 0.00398433714179583 0.00951619632364285 0.0123857036416437 0.00461785705261663 0.00201592987198448 -0.00166202898174615 0.0021438917103234 0.00119196873752712 0.00336147056584928 -0.00178346421023594 0.000680808008627988 -5.88678088147209e-05 0.00296968866467204 0.00159103404372993 0.0059701744586097 -0.00287021061953888 0.00378837590149287 0.00543490081940856 0.0101477352840436 0.000909543356899543 0.00524017130038039 0.00640299812431313 0.00681085900197789 0.00182325084168404 0.00324298774908843 -0.000162627288991704 0.00124104002157478 0.0016843999688694
0.0210097508876493 0.0170101841265131 0.04823412270674 0.03312101878278 0.0096616117214848 0.00925092326156979 0 0.0282389954368465 0.0162080908728115 0.00895385172727864 0.0199848910007254 0.00409512996398269 0.0334671556460701 0.0156550085332275 0.0171128502901313 0.011616353281547 0.00736117956166445 0.0139744423385045 0.0187288161969519 0.00832853918779489 0.0062326030247208 -0.000928177118864692 0.0317279429979903 0.0300745942152036 0.0106464592289843 0.00631794156555016 0.00368993433732885 -0.000723506953768943 0.0166537532043707 0.00914914921918006 0.0299438958631935 0.0210280307013719 0.0391067857143244 0.030505533701028 0.00366089208005976 0.00223390666422277 0.00375110288024206 -4.13665776439921e-05 0.0087976428692778 0.00368924508404247 0.018358198184242 0.012088066069894 0.0141827654433534 0.0155169425286661 0.00928192225003893 0.0146961042313743 0.0202865978686758 0.0260648945115649 0.00711715848523561 0.00841422220501608 0.0193983796490748 0.020785706176904 0.0298946249007071 0.0196690710025028 0.0416209880484507 0.0332671492377371 0.021003793662455 0.0232881912589467 0.0712273079903938 0.0525042462640761 0.0337717998634183 0.0205389025102908 0.0260032377118342 0.0181364032989186 0.0171859792810973 0.0160645673245991 0.00961159744059635 0.0146125089821682 0.00956735506266473 0.00240081111313641 0.00600939902943525 0.0105147017744045 0.00831931303801268 0.0167484992630188 0.00912299208037287 0.0187636595666709 0.00491842025690825 0.0119178102020756 0.0261242196985664 0.0275454829963108 0.0124666223899345 0.0176820230619639 0.0264198632410821 0.0329012724131797 0.00885836000405296 0.0134400100021384 0.00665269324274718 0.0127286403425385 0.00965958132695114
0.0193236475170481 0.0235302508282886 0.0227986579423034 0.0328503683661697 0.00913871643197982 0.0101875546009895 0.0282389954368465 0 0.0145094049185309 0.0219188766044501 0.0180940716330791 0.0296279776146386 0.0135675162259823 0.0280515018096494 0.00642213769260788 0.00855959289699308 0.0128225046171761 0.0196015112983122 0.0189352524067846 0.0130668676551039 0.00584793930639505 -0.000522065970580093 0.0110306212812631 0.01708567568489 0.00608530137008944 0.00340147142243116 0.00872891235951511 0.0141297607467867 0.0177573781272599 0.0119994100727885 0.0341549067733435 0.0327761651758697 0.0328885697193599 0.0229450894830602 0.00989015073910049 0.00352282155679696 0.00756103424339281 0.00176610658713156 0.00843723454304161 0.00257043685262657 0.0274899563378263 0.0212862392565609 0.0155186223925436 0.021300946939548 0.0129585355883291 0.0188145779053537 0.0277286811330402 0.0314844015925454 0.00929864015405335 0.00923154513332944 0.0222666550054581 0.0228131280068776 0.0352178484296504 0.0315415861829242 0.0315623696547376 0.0496728760052976 0.0234140049779392 0.0407327626653794 0.0235285120737111 0.0498319899407689 0.0282558154258703 0.0277649781193725 0.0217771279042638 0.0110400581902035 0.0197491530245825 0.0194341677926464 0.0143915105005216 0.0185893461528025 0.00811666737015245 0.00761314982870378 0.0105124587093069 0.0159648714993573 0.0130674608663249 0.0231263293481424 0.0176128641654408 0.0249684174560106 0.00478721905638728 0.00986015805370096 0.0161030944170459 0.0275531840416868 0.00752948825521798 0.0199966941999059 0.0271960953536998 0.0233515142594375 0.00977532108344635 0.00908849570933447 0.0136366797031157 0.0154419210891521 0.00477105238341947
0.00827206248758593 0.00912655352158901 0.0144149958741141 0.0104519252668085 0.00788812299507861 0.00390170004433899 0.0162080908728115 0.0145094049185309 0 0.0126867790384198 0.0085170810928623 0.0125832617400844 0.0125834355403443 0.0126454749606612 0.00824535245844797 0.00855526667317383 0.00272025723047747 0.00693579873300633 0.0058375063384995 0.00408326030946537 0.00427045062574563 0.000216636595729563 0.00915358009264672 0.00991322834855127 0.00604322860514567 0.00205242772834918 0.00256059906962009 0.00411321030579761 0.00683945034881569 0.00516475431423216 0.0124884469857035 0.0100474402854239 0.0110169187811453 0.0085596842926049 0.00678751048583096 0.000253372199761867 0.00418742259999209 -0.000392335794328012 0.00308726478180924 0.00361285480745798 0.00771499887792696 0.00619905465348212 0.00306267605114703 0.00447697404467211 0.00124890892373537 0.00248445564614225 0.00706296959166322 0.00878995137530159 0.00322203990350325 0.00218523976106882 0.00687719041626694 0.00919155936983007 0.0115037429574337 0.00800016163863309 0.0176404726949986 0.0143259307388012 0.0112755827457847 0.0135075496238618 0.0196041153238279 0.0178308390454284 0.00933077210914863 0.00671610062661295 0.00548143786713893 6.47197800936891e-05 0.0100042248037167 0.00925231889562128 0.0062669987104315 0.00821628883540399 0.00462583159863634 -2.79440667659629e-05 0.00424591971017152 0.00617015703257687 0.00406902744749215 0.0102402041395346 0.00554747437195257 0.00917882139697819 0.0041442177410836 0.00614223180912008 0.00900306655709716 0.0103057846598168 0.00514001720593224 0.00866705238880537 0.00917431502533626 0.0103834382949556 0.00189974355869876 0.00308468624532031 0.00224249667522533 0.00429107595816065 -0.00257266452158557
0.000765585460150537 0.0065573207444372 0.00550094867589594 0.00963156198577371 0.00581997022869954 0.0100007312614069 0.00895385172727864 0.0219188766044501 0.0126867790384198 0 0.00278175211532552 0.0215196041292438 0.00588713005264062 0.0228749605692215 0.00175174834604109 0.0107146969669389 -0.00377277422702178 -0.00072067964559981 -0.0011861555059521 0.00142584282999235 0.00469630166087711 0.00454948469151611 0.00485573341193665 0.0148140883748154 0.00908383919569554 0.00384492918991816 0.00129998136157304 0.00721871103165127 0.00599635312480384 0.00777647987245151 0.00589989701331103 0.0063601495431057 0.0090515662432421 0.00867607634450718 0.00473371208241225 -0.003078587589279 0.00356679834497732 -0.000122413920179261 -0.0032084249819003 -0.00197741044415808 0.00365546565896477 0.0018538110214852 -0.00308744623629736 -0.000327383216479693 -0.00201590610316766 -0.000926169632583368 0.00524334805721298 0.00750827677009076 0.00112540429175186 -0.000437616641014547 -0.00265288783346636 0.000908989168541379 0.00580963537060018 0.00610597449464216 0.013658570683114 0.0324410798791453 0.00364681334231571 0.0198605493565306 0.00814559219456299 0.0303579256751816 0.0038812470627325 0.00436311741666221 -0.000724672912666512 -0.00457429953577951 0.0102122265899535 0.0108725937890548 0.00655413578493748 0.00961769979074571 0.00528048985099409 0.00291819885084844 0.00313340792916828 0.00647366044559721 0.00255618967847073 0.0101038276949911 0.00370354990903298 0.00877200207973978 0.000503468563375339 0.00290690866197515 0.0040684853710325 0.0105217555861548 0.00205613459705401 0.00781790596987194 0.00885128506539789 0.003345089725921 0.000409920612054417 0.000712388034160191 0.00311661173938408 0.00379123659036078 -0.00390061018099552
0.0219050758011425 0.0202737901924049 0.0111397845772986 0.0149798414660281 0.00122794817113849 3.17247320763805e-05 0.0199848910007254 0.0180940716330791 0.0085170810928623 0.00278175211532552 0 0.0260324021887565 0.0287443179375817 0.0190280205526249 0.00969115417198308 0.00535296086497017 0.0172971397622666 0.0232268635465181 0.0186959259403274 0.0136353778117785 -0.00112658636520173 -0.000586980152400656 0.00999014346226554 0.00499321943662995 0.00109079957907749 -0.00433190563398799 0.0118602893433777 0.0147468489784796 0.00875273223042979 0.00560819076968515 0.0160385752655256 0.0166093770239883 -0.001194781861725 -0.00390929787051442 -0.00180579600611288 0.00127868012137419 0.00198566409246262 -0.00098838917106669 0.0122149796905354 0.0010326546311739 0.015205523269683 0.0162270387982744 0.0108469047868184 0.0156622019806691 0.0104061919287692 0.0123392859886793 0.0119521676619564 0.0128549135556982 0.00504302924152537 0.00735667557993497 0.0178568573593178 0.0214524261617837 0.0221153498814286 0.0191905417963277 0.0299170621314876 0.0235558066029937 0.0350843874788299 0.0329454207559299 0.0180766277079162 0.00693309963362897 0.00738708049664819 0.00995527537515851 0.0139011009847809 0.0078196457844036 0.00766392301664845 0.00728161479158457 0.0102237817700704 0.0121125731264519 0.0107991210088914 0.0107724217120034 0.00380807743327653 0.00899243688243029 0.0124835182339755 0.0127968853625215 0.0137774358437901 0.0155165070909617 0.00125012636919293 -0.00024584983142402 0.0144339339962322 0.0137916019491299 0.00834722532717128 0.00895462678668263 0.00728077583224555 0.00768522913683429 0.00674769391048408 0.00758978084897644 0.00578605074454359 0.00812458401992569 0.00613563626108576
0.0163971406254741 0.0286663334289746 -0.0032323584776108 0.0116956869204586 0.00309226243041757 -0.00072830885351432 0.00409512996398269 0.0296279776146386 0.0125832617400844 0.0215196041292438 0.0260324021887565 0 0.00870371630918715 0.0396703254207984 0.000475822597700608 0.0102285031552313 0.0136856016974163 0.0331709361594651 0.0185167107852129 0.0204711132545003 0.00225393388784648 0.00062361712967182 -0.00245366639631475 -0.0054052098400502 -0.000794131527318388 -0.00173082326844809 0.015903444152636 0.0375893101529899 0.00522375661540303 0.00891752297032932 0.0279604874657399 0.0277196226234473 0.00250277493799586 -0.00108798403174282 0.0103731723678562 9.94726852024607e-05 0.00690189132032556 -0.0012346312128464 0.00350966908409349 0.00395695586167079 0.0297049384605619 0.0269662686662995 0.0156893135280558 0.0219401926583357 0.0147114270155939 0.0161639448397469 0.0291705960191718 0.028581287142653 0.0104726324795998 0.00665993357596765 0.0142335587829736 0.0179100822782524 0.0338013830256172 0.0344950057991181 0.0212114427349735 0.028082016479611 0.0471228126122404 0.0563949491732417 -0.0143771986824178 -1.36097723617974e-05 0.0102144465569124 0.0147359100201468 0.00953719116938725 -0.00233691888497224 0.0187433760447884 0.0178187333183848 0.0183703128761531 0.0235347220125507 0.00544998367941751 0.0142812913504263 0.0155285662309474 0.017155103926857 0.0164407505732227 0.023290434048587 0.0195691599084734 0.0182100339870043 0.0081137764672535 0.00490334891313314 0.00873297229381889 0.0140335778788629 0.0031605767874569 0.0157663616137125 0.0112756041697006 0.00863990990837993 0.00583687105585161 0.00195789870182303 0.0137778887782904 0.015561481083022 -0.00446566830780647
0.0181778350652599 0.0128530506678898 0.0275594457964894 0.0181325775075606 0.00338653511178689 0.0039040688564376 0.0334671556460701 0.0135675162259823 0.0125834355403443 0.00588713005264062 0.0287443179375817 0.00870371630918715 0 0.0233076812379066 0.017487094968746 0.0150839900757701 0.00686301305403957 0.0124917304911232 0.0133134040656243 0.00838710900369596 0.00437025015924221 0.000851852110399897 0.024296141577724 0.0213070555682145 0.00947265682242564 0.0034126997281391 0.00387790594241596 0.00260737737823036 0.00633181564578556 0.00397166382982953 0.0140198238486417 0.00916364046899034 0.013113223086623 0.0141334523605212 0.00113961121834529 0.00100726627086629 0.00138757687095371 0.000424452442804552 0.00798347771104918 0.00183052525426959 0.0128073665440318 0.00907910199181676 0.00982992771777228 0.0115608024533635 0.00485183924105014 0.00811686154708159 0.00975037616560462 0.0160237482698434 0.00457009139628625 0.00648797183427422 0.0121906200994096 0.0153760135829707 0.0182950321079951 0.0113547554796378 0.0325855768215085 0.0205877999384407 0.022362880900162 0.0171452033426691 0.0554119125986283 0.0301500311039008 0.0175990343474448 0.009432154037963 0.0159510675925779 0.0105950377695008 0.00963293412376488 0.00860814792584431 0.00840036094707741 0.0127612533284516 0.0102187216088361 0.00371235038173445 0.00236795077166494 0.00527908360603859 0.00935240884969308 0.0123585207403018 0.00907540179335583 0.016188177993761 0.0053874533812887 0.0108969351247558 0.0231663435292681 0.0197317559170902 0.0109465226144486 0.0110190101281656 0.0107107621198375 0.0155539686707593 0.0050253398995684 0.00826229619455825 0.00221212236770046 0.00749977918059663 0.00596372819645878
0.00885976205859711 0.00999676454329295 0.0047860007550484 0.0140327598371723 0.00463243810044633 0.000808436295608846 0.0156550085332275 0.0280515018096494 0.0126454749606612 0.0228749605692215 0.0190280205526249 0.0396703254207984 0.0233076812379066 0 0.00908884691539728 0.0237318251512361 0.00201986599906348 0.00988493512112837 0.00914728235024523 0.0109545858194215 0.00698853773778604 0.00189976893536794 0.0071623786020306 0.0140567901477262 0.00224257287921032 0.0043632576786156 0.0113377553655716 0.0204996087881743 0.00812905087923905 0.0129335397177843 0.0187698986061358 0.0158366719300956 0.00593064097733322 0.0126094359625527 0.00823155256850532 0.00109424412341172 0.00728242193819259 -0.00080412228009396 0.00234660086700333 0.000449807633829427 0.016298887695678 0.0122361870021306 -0.00195794483986524 0.00383701406303448 0.00169243435988485 0.00210548429233198 0.00780474625782078 0.0151916705626409 0.00423266721434643 0.00127443647484041 -0.00217009201076287 0.00235058247528556 0.0149043133521695 0.00999128704654253 0.0270265089654513 0.0372949928049931 0.0229865252715588 0.036309762409168 0.0196511972480944 0.0350134055213111 0.0101312364277694 0.0123809485320105 0.0016417668901478 -0.00615667861068549 0.0143519559449407 0.0144666049679082 0.0183478686907007 0.0191992882317952 0.00948065730311093 0.00461249965559494 0.00701127122633482 0.0133797216106031 0.00883636679804056 0.0172043800812103 0.0108865641841441 0.0160800189134531 0.010664871547517 0.0120154127706966 0.0124492399766701 0.014808242032883 0.00538297238941755 0.0119702494039135 0.00953121822213867 0.00603854132117356 0.0015047908508834 0.00154280500706239 0.00835171235146399 0.00895017534090432 -0.00360334895652847
0.0101857138874301 0.00865910517957024 0.0168874320250048 0.0116123283580767 0.00384379968082887 0.00180412698961628 0.0171128502901313 0.00642213769260788 0.00824535245844797 0.00175174834604109 0.00969115417198308 0.000475822597700608 0.017487094968746 0.00908884691539728 0 0.0104646160313746 0.00570625188048922 0.00848801873760131 0.0108451291317243 0.00815052644372934 0.00463268627936881 -0.00146299152490205 0.0168916035275909 0.0127004211507678 0.00391360378590685 0.00296344859496054 0.00371491449970034 0.00314137879087415 0.00792515619162094 0.00585726668349734 0.0135061815639353 0.00916283365502255 0.0145719896880503 0.00845056590152086 0.00279711962800063 0.00182223859839168 0.00261733720739642 -0.00104993956873891 0.00445738356934476 0.000604959524069681 0.0108412971061375 0.00905850504453191 0.00471155281614024 0.00720695361452625 0.00403743465750749 0.00610708659648462 0.00635962742619042 0.00931825668079614 0.00221900554317432 0.00246888178719602 0.00935354876110804 0.0120490419126625 0.00948512151227722 0.00660861652869549 0.0121570750861563 0.00414771085188827 0.0131055111000828 0.00768490472085903 0.0304703091100065 0.0108872443098097 0.00986314861370738 0.00402008573016242 0.00618184634655637 0.00155721726687453 0.00739289943987063 0.00704977215399507 0.00421638108201853 0.00498000604420374 0.00397146023986785 -0.000853911108008659 0.00349154247050495 0.00438915805542451 0.00417214182844703 0.00885847924523435 0.00479986604448168 0.00693040842256295 0.00703560133709644 0.00924379689471465 0.0119592913849645 0.00953588854882334 0.00522530747714021 0.00654479568282243 0.00676059732468032 0.0104991455840174 0.00255350130912339 0.00391430924780293 0.0017410273406554 0.00343008533001306 0.00132868292633569
0.00127250189156833 8.21202252400027e-05 0.00947888157901828 0.00748172181561372 0.00214332772692409 0.0036939609889689 0.011616353281547 0.00855959289699308 0.00855526667317383 0.0107146969669389 0.00535296086497017 0.0102285031552313 0.0150839900757701 0.0237318251512361 0.0104646160313746 0 -0.00395190609464137 -0.00144453783735274 0.00168036421751173 0.002924134325215 0.00656083100273877 0.00253790648027473 0.0145841159942771 0.0185083360986856 0.00472993843363248 0.00539951460137417 0.00305554509187606 0.0075369340637054 0.00792315472377467 0.0116180209782638 0.00919915989266372 0.00512610910791104 0.0104059870605562 0.015528378798503 0.00361053875034194 -0.00122937829336968 0.00275306214906511 -0.00190909870360321 -0.000359661065458759 -0.000610623245014194 0.00522347990539195 0.00327453603409377 -0.00605943313698197 -0.0030817152142401 -0.00193573418807744 -0.00277656970019508 0.000297810702841617 0.00434924779413449 -0.000233611679530502 -0.00230459881671893 -0.00628284663972601 -0.00274938270345489 0.00070085676161186 -0.000225163642335804 0.0123080998970965 0.00994068492612653 0.00941057196737894 0.01635237151444 0.0257675592515999 0.017723074966469 0.00562587119400393 0.00226781051281264 -0.00296022716644117 -0.00740024044609396 0.00933259755060381 0.00717075502224763 0.00678359464072803 0.00727758941652805 0.00310167141018542 -0.00257549297206114 0.00318569999644464 0.0068880302067002 -0.00060953230268141 0.00705502427933683 4.8791267126906e-05 0.00331656562137491 0.00623575480811587 0.0108339831610265 0.00650545474532931 0.00661952243791747 0.00393964115431525 0.00660528403892081 0.00589124660515061 0.0050503025824453 0.000169552201485646 0.000628438162008241 0.00223693621152939 0.00238582634263167 -0.00262305470023491
0.022630699985822 0.0292288002349388 0.00689456833790119 0.0146906045860414 0.00253704133060193 -0.000377341396550651 0.00736117956166445 0.0128225046171761 0.00272025723047747 -0.00377277422702178 0.0172971397622666 0.0136856016974163 0.00686301305403957 0.00201986599906348 0.00570625188048922 -0.00395190609464137 0 0.0405259571993278 0.0227121986059041 0.0220728219719252 0.00041703500755764 -0.00647984852498817 0.0033119128539936 -0.00310833996634161 0.000311972028653075 -0.00171953228705189 0.0133682241636496 0.0168134147104673 0.0104728764144533 0.00315805296408918 0.0268191692946381 0.0277924181624255 0.0161785142414629 0.00462959280132474 0.0103389760899914 0.00922341670497048 0.00660648818667922 0.00472250801411748 0.0129490959626035 0.0036532080741284 0.0300417577834871 0.0284727694177091 0.0290128812650424 0.0344416998260975 0.0199685919853615 0.0239493481125065 0.0246133859674037 0.0203875166142921 0.00749980547587617 0.00961697610881588 0.0415877162797633 0.0363481511613723 0.027024838863328 0.0236368773417452 0.00674272899940509 0.00582010583594304 0.0300321402442829 0.0181893940285259 0.00448142054490913 -1.68168364765198e-05 0.01828738588177 0.0168988775103515 0.0255697304602304 0.0229198728930687 0.00715469227579488 0.00771169169811228 0.00770512139450995 0.00813964764721807 0.00797156966807095 0.0120134439377229 0.00986180276918579 0.00817310048902755 0.0256005027583974 0.0225293572156479 0.0285764403146347 0.0256749704068519 0.00682699205439493 0.00633454350414442 0.0146639306998555 0.0184804515058979 0.00270221170112259 0.00849809202882831 0.00627587009599889 0.00730646043767261 0.00901364604711194 0.00567418996127398 0.00782513011979783 0.00839235927103109 0.00617029627509554
0.0291254254778183 0.0429659234738768 0.0148368575119024 0.0194203856284812 0.0046734792442661 -0.00116364134558871 0.0139744423385045 0.0196015112983122 0.00693579873300633 -0.00072067964559981 0.0232268635465181 0.0331709361594651 0.0124917304911232 0.00988493512112837 0.00848801873760131 -0.00144453783735274 0.0405259571993278 0 0.0343457459307484 0.0312567316381876 0.00232225123746818 -0.00641019244613394 0.00844715050707909 -0.00286459984272287 0.00149327236400717 -0.00111604409244442 0.0177508885280244 0.0297728279547754 0.0135065631724161 0.00610234363389991 0.044301017574437 0.04032121411364 0.0285168656933347 0.00625307630590028 0.0163500139841291 0.0105574865384317 0.00980299758527849 0.00432462534043714 0.0161072934268524 0.00579307041507944 0.0474640984668251 0.0415922742719939 0.0407827539531612 0.0480201455275531 0.0276494710851294 0.0341344834802229 0.0400460554956555 0.0385504812824371 0.0122692565080489 0.0146630943782689 0.0555694064611111 0.0525962177932136 0.0420812353923385 0.0393396391005109 0.0145488832845713 0.00830935859230672 0.0508561107208571 0.0347303714202672 0.011184023309354 -0.000879015342930966 0.0300440123826505 0.0239059495037515 0.0357870131355051 0.0306076134646325 0.0135081059544454 0.0134451281128825 0.0134278199953817 0.0177361839437772 0.00905505684466654 0.0131601904644781 0.0176476124845798 0.0131739344355231 0.0338374000840753 0.0366942328825607 0.0370685241481968 0.0366220993265935 0.0100088606388483 0.0110366959861617 0.0235388298716671 0.0284310924701821 0.00580805509661752 0.016798344069822 0.0121612681540031 0.0160973070735407 0.0126357151606784 0.0083381978159125 0.0122957385755054 0.0159283166183413 0.00557141953841103
0.0263077646159352 0.0291414482240627 0.0208805743910351 0.0198980346956192 0.0057420009882695 0.000901521889889734 0.0187288161969519 0.0189352524067846 0.0058375063384995 -0.0011861555059521 0.0186959259403274 0.0185167107852129 0.0133134040656243 0.00914728235024523 0.0108451291317243 0.00168036421751173 0.0227121986059041 0.0343457459307484 0 0.0247459300861805 0.00248128930150808 -0.00477760807045959 0.012830080250483 0.000664216140645686 -0.000209914048607371 -0.00105478612392737 0.011864161481763 0.016916011725036 0.0109647861003209 0.00543514944270096 0.0353341484765547 0.0301817571710336 0.0261696513351019 0.00695499467126711 0.00900255345956604 0.00550945712528358 0.00437159704429309 0.00160935022371901 0.00920285944362022 0.00125320123143985 0.033599406582401 0.027946126737574 0.0295769756907235 0.0336964249600836 0.0192965243104455 0.0244549506798597 0.0303037860743366 0.0309527605726263 0.00833521080937492 0.0101375363453596 0.0355123432937229 0.0353590584352804 0.033287895688965 0.0307711675949454 0.0158047441609462 0.00995050798496254 0.0342343266490348 0.0256515627834512 0.0180052148880328 0.00317779512675487 0.0243166000956704 0.0167233699112331 0.0301151817797431 0.0250955219378222 0.0167469251683446 0.0148293981494908 0.0108080004684874 0.0123405427098217 0.00481961084164589 0.00552797126697644 0.0129580937222045 0.00927683748388023 0.0141311400624398 0.02035092234428 0.0190923313781248 0.0205192267095678 0.00990649100962119 0.00892135254215383 0.0181413503046518 0.0194893854046639 0.00463621627913959 0.0129678817744463 0.0153696517506001 0.0214852138096301 0.0102441292189095 0.00836370206216007 0.00996589838352269 0.0144205385427583 0.00503039382882122
0.0210022470896084 0.0293644884193681 0.00938558139159759 0.01265334975447 0.00356852086144397 0.00116453868040055 0.00832853918779489 0.0130668676551039 0.00408326030946537 0.00142584282999235 0.0136353778117785 0.0204711132545003 0.00838710900369596 0.0109545858194215 0.00815052644372934 0.002924134325215 0.0220728219719252 0.0312567316381876 0.0247459300861805 0 0.00257656031410571 -0.00590910988671584 0.00769090990268411 -0.00212542121605742 0.000748758823495288 0.000389585358110718 0.013086264921691 0.0194384252534202 0.00910870067516773 0.00443718974478803 0.0279359502389548 0.0273842130419707 0.0185623457314937 0.000383802346119812 0.0117832609927662 0.00780643479770609 0.0079203691646423 0.00269891891752928 0.00749555540334299 0.00204182570118345 0.0318059014649798 0.0281359302193657 0.0260198699761305 0.0310880740763785 0.0176644797584862 0.0211334946750813 0.0263310873619392 0.0246460845190492 0.00788307537126189 0.00817024166570266 0.0317677385979416 0.031073872699402 0.0236707627646241 0.0227950096317944 0.00572128435972936 0.00073024109190745 0.0298373162927737 0.0207898279873634 0.00536118915337815 -0.00695167638616701 0.0167597868451425 0.0108379982854033 0.0249464469075234 0.0214454038561532 0.014979535888806 0.0146755008999758 0.0119006856905069 0.010896840106054 0.00295743948662662 0.00800007181012344 0.0117392322193143 0.0070978389052102 0.0154768100061947 0.0188866480589598 0.0210583335012885 0.0203862596325041 0.0113364427824036 0.00857351558593989 0.0140215374216365 0.0164246736965997 0.00193394524713711 0.0105629591061199 0.00857398411295731 0.0128319869334701 0.00751409413900662 0.00440390302653921 0.00901690337417193 0.011969107455514 -0.000955636611114126
0.00211238278671489 0.00369054095433395 0.00721137799036925 0.00746901826460467 0.00265952094743577 0.00284871993270407 0.0062326030247208 0.00584793930639505 0.00427045062574563 0.00469630166087711 -0.00112658636520173 0.00225393388784648 0.00437025015924221 0.00698853773778604 0.00463268627936881 0.00656083100273877 0.00041703500755764 0.00232225123746818 0.00248128930150808 0.00257656031410571 0 0.00176182996771212 0.00736910115722813 0.0102652734055876 0.00545586844991288 0.00428478314824706 0.000139472583874772 0.0012846674825792 0.00497643918915096 0.00543377350599512 0.00603370585381897 0.00485045980990629 0.00826220926628461 0.00714953310529015 0.00228281596959959 0.000899757579499324 0.00122412233838161 0.00177322608287241 0.00293137688010418 0.00309178223609271 0.00581252630196432 0.00487870423207544 0.00159188827671914 0.0040074928753057 0.00141107006584971 0.00325601966779089 0.00470955163163873 0.00679659606014116 0.000629091514179097 0.00116800274316718 0.00432495313999005 0.0040277785713206 0.00480864150814969 0.00146447894663156 0.00458472087611134 0.00748285477276092 0.00426883625079086 0.00542011280950172 0.0131604562380473 0.0142195001350211 0.00687537217947844 0.00615469729443947 0.00272418440976406 0.00173580851676064 0.00523843388682874 0.00475433044910457 0.000850678273427 0.00431045005255683 0.000263778051191946 0.00317257175481932 0.0024052121897759 0.00229295958570929 -0.0006792283679304 0.00288645037376242 0.00146704937958295 0.00342997710581162 0.00197433571614912 0.00671664987945961 0.00553826464374005 0.00679886903806262 0.00234764751091473 0.00497123883401987 0.00445531462505625 0.00684102590517797 0.00119906694128861 0.00183198025164385 0.00199047128298148 0.00243780493114939 -0.000607937575698509
-0.00276997392201065 -0.00615051198763762 0.00134448982757163 -0.00189004786585008 -0.000965368984713973 0.00462789947548103 -0.000928177118864692 -0.000522065970580093 0.000216636595729563 0.00454948469151611 -0.000586980152400656 0.00062361712967182 0.000851852110399897 0.00189976893536794 -0.00146299152490205 0.00253790648027473 -0.00647984852498817 -0.00641019244613394 -0.00477760807045959 -0.00590910988671584 0.00176182996771212 0 0.00356052295061586 0.010466196734718 0.00582576385573862 0.00422983454914211 -0.00317941519106311 -0.00247146412915195 0.00316649811844556 0.00833462119220632 -0.00986648885791701 -0.00782924631955908 -0.00743716293241188 0.00252884506690439 -0.00187888127927148 -0.00374704381886204 -0.0051304636794159 0.00150009807084481 -0.00140659045673472 -0.00138211950170139 -0.00441270728849392 -0.00528791264659116 -0.000290130512331349 -0.000972899284294611 -0.0014276494848513 -0.00277634521284305 0.0017853114012915 0.00284267761470763 -0.000923921524277561 -0.00148197855725165 -0.00364766878171274 -0.00194405165926656 0.00242797734052328 0.00192949308488877 0.000240320871851856 -0.000277803169044606 -0.00375574038375221 0.00253103618668791 -0.00595816249268813 -0.00199258126302434 -0.000730782428196044 0.00019400542977353 0.000755778658629665 0.00326992936499815 0.00109427324074482 -0.0047288927490144 -0.00376304914344998 -0.00241272789090023 -0.000863907937150855 -0.00362372464759457 -0.00122720398067389 -0.000126230369003209 -0.00256438663014394 -0.000607857752288431 -0.00410953610923957 -0.00282833899921644 -0.00457440281974629 -0.000496812010326005 -0.0026877070221857 -0.00140698902148319 -0.000433404847826002 -0.00141677930218685 -0.00233272465074637 -0.00121733820352433 2.8966542316717e-05 0.00240865347299205 -0.000370554270572124 -0.00092584897009371 0.00497575169564208
0.0134062278507233 0.0116644636572287 0.0376413559795068 0.0225894456954913 0.00473894912774877 0.0103638727407301 0.0317279429979903 0.0110306212812631 0.00915358009264672 0.00485573341193665 0.00999014346226554 -0.00245366639631475 0.024296141577724 0.0071623786020306 0.0168916035275909 0.0145841159942771 0.0033119128539936 0.00844715050707909 0.012830080250483 0.00769090990268411 0.00736910115722813 0.00356052295061586 0 0.0315957254239525 0.0136137117037095 0.00799511036394842 0.00113868367033532 -0.000412166431573033 0.015783888537888 0.0129093560394586 0.0186761699364808 0.0118595411373756 0.0328005520526787 0.0283078454647048 0.00161164609406797 0.0012178308393533 0.000234361996597877 0.000254293494112602 0.00589283866665173 0.00242514353875152 0.0152766786102 0.010333446322582 0.0115720817536882 0.0127171406337994 0.0070011567139264 0.010781962200646 0.0143693716801796 0.019159366998295 0.0030390070879245 0.00431665908514331 0.0144826462073491 0.0164982322670108 0.0165933939082167 0.012416233426737 0.0202941915748163 0.00862947234954564 0.0158681760898497 0.0136483702193846 0.0575575078081048 0.0252925242575579 0.0227374516043239 0.0101848356993811 0.0170769464566083 0.0124239140304974 0.0130453153616458 0.00938760498088611 0.00293142465951293 0.00717169143586413 0.00479925420526344 0.000448383373084921 0.00415796324788244 0.00623920796959812 0.00310953019389298 0.0100241654393972 0.00411160403653196 0.00990164327909844 0.00469164590189254 0.0127891378377591 0.0191066304374245 0.0184339217484868 0.00760527500150485 0.0117735946119249 0.0153354079254012 0.0233180078831504 0.00559799367488938 0.00887761868147883 0.00297768087437859 0.00734405003580442 0.00720932094594889
