0 0.478119929204788 0.620997678371793 0.405759508918254 0.398619115618492 0.344397953905162 0.336693964364508 0.699155376660617 0.518776699785741 0.368699266215051 0.263900879684916 0.303803570381954 0.25276973140386 0.464325700727064 0.218917154466817 0.385587024866304 0.214747365250441 0.43524070853983
0.478119929204788 0 0.355195814065707 0.450354168550195 0.325091685253656 0.501426668793966 0.314400908089023 0.381244237438614 0.426171730603987 0.217186593817772 0.212406252555332 0.115511085504424 0.244326101676453 0.285802821802005 0.255444370570194 0.146359904550396 0.110593796224303 0.207772102006237
0.620997678371793 0.355195814065707 0 0.590862749869067 0.417592530179452 0.182249466508787 0.149223453525068 0.617193537448909 0.608742887663782 0.356185161069073 0.242504121481722 0.298835829701653 0.331270200341944 0.39658041172791 0.18795782815513 0.355766884350618 0.173237963606456 0.251325398160549
0.405759508918254 0.450354168550195 0.590862749869067 0 0.484770261369633 0.223218976307598 0.246246682014089 0.361557487562297 0.771545384784553 0.512492293649983 0.0430941764722663 0.163761939574847 0.238952148669259 0.272491302616066 0.202314211977913 0.264519548691498 0.176056518881867 0.208829503355344
0.398619115618492 0.325091685253656 0.417592530179452 0.484770261369633 0 0.225580545612006 0.353509622671596 0.304056439744142 0.494204126539885 0.538875579621566 0.0456705450520788 0.276535169531625 0.246908302828667 0.324803827747093 0.136988976771725 0.334886132470356 0.0549142440149895 0.30385322965594
0.344397953905162 0.501426668793966 0.182249466508787 0.223218976307598 0.225580545612006 0 0.223176473528937 0.327602680275403 0.308026149082241 0.261521228535176 0.382532825842799 0.0837604103716811 0.131893604737598 0.193051816224127 0.456975223867981 0.1524913946996 0.213641210944442 0.183921414600602
0.336693964364508 0.314400908089023 0.149223453525068 0.246246682014089 0.353509622671596 0.223176473528937 0 0.285884626697895 0.298406491725249 0.231065421498194 0.10391451554544 0.336140817733837 0.16879443360708 0.393998602851777 0.0371062939586659 0.323044133331025 0.165510930788286 0.377993155566464
0.699155376660617 0.381244237438614 0.617193537448909 0.361557487562297 0.304056439744142 0.327602680275403 0.285884626697895 0 0.582121692061252 0.296279135062607 0.225951128417354 0.300469704620084 0.181215688593401 0.370151361853599 0.21271666222839 0.33076441775213 0.210711836460218 0.285541230317566
0.518776699785741 0.426171730603987 0.608742887663782 0.771545384784553 0.494204126539885 0.308026149082241 0.298406491725249 0.582121692061252 0 0.69695789665376 0.0756761568352758 0.213130876622848 0.135097940470687 0.311876439556079 0.216416246978222 0.382154687279754 0.243065381186893 0.309011700559195
0.368699266215051 0.217186593817772 0.356185161069073 0.512492293649983 0.538875579621566 0.261521228535176 0.231065421498194 0.296279135062607 0.69695789665376 0 0.0629049602738694 0.163391343931965 0.0760098548693886 0.261136198609612 0.16512832970921 0.422322502624113 0.201746735008192 0.295737777756266
0.263900879684916 0.212406252555332 0.242504121481722 0.0430941764722663 0.0456705450520788 0.382532825842799 0.10391451554544 0.225951128417354 0.0756761568352758 0.0629049602738694 0 0.248003851477389 0.422764155258634 0.37503776147849 0.44471131457612 0.27251653409248 0.218503681788693 0.286782692496472
0.303803570381954 0.115511085504424 0.298835829701653 0.163761939574847 0.276535169531625 0.0837604103716811 0.336140817733837 0.300469704620084 0.213130876622848 0.163391343931965 0.248003851477389 0 0.350882433661431 0.432392796064337 0.244414512488992 0.546498475111607 0.340377261701745 0.393471394810688
0.25276973140386 0.244326101676453 0.331270200341944 0.238952148669259 0.246908302828667 0.131893604737598 0.16879443360708 0.181215688593401 0.135097940470687 0.0760098548693886 0.422764155258634 0.350882433661431 0 0.339475817963743 0.175992840088354 0.291124359708828 0.228752638200489 0.183180513841817
0.464325700727064 0.285802821802005 0.39658041172791 0.272491302616066 0.324803827747093 0.193051816224127 0.393998602851777 0.370151361853599 0.311876439556079 0.261136198609612 0.37503776147849 0.432392796064337 0.339475817963743 0 0.239840742460065 0.577077444116077 0.308979751267132 0.764562287753801
0.218917154466817 0.255444370570194 0.18795782815513 0.202314211977913 0.136988976771725 0.456975223867981 0.0371062939586659 0.21271666222839 0.216416246978222 0.16512832970921 0.44471131457612 0.244414512488992 0.175992840088354 0.239840742460065 0 0.285385228133897 0.257267558285203 0.259791618472489
0.385587024866304 0.146359904550396 0.355766884350618 0.264519548691498 0.334886132470356 0.1524913946996 0.323044133331025 0.33076441775213 0.382154687279754 0.422322502624113 0.27251653409248 0.546498475111607 0.291124359708828 0.577077444116077 0.285385228133897 0 0.299562293420796 0.652759468247912
0.214747365250441 0.110593796224303 0.173237963606456 0.176056518881867 0.0549142440149895 0.213641210944442 0.165510930788286 0.210711836460218 0.243065381186893 0.201746735008192 0.218503681788693 0.340377261701745 0.228752638200489 0.308979751267132 0.257267558285203 0.299562293420796 0 0.353308268735021
0.43524070853983 0.207772102006237 0.251325398160549 0.208829503355344 0.30385322965594 0.183921414600602 0.377993155566464 0.285541230317566 0.309011700559195 0.295737777756266 0.286782692496472 0.393471394810688 0.183180513841817 0.764562287753801 0.259791618472489 0.652759468247912 0.353308268735021 0
