0 0.0327679685299216 0.0139854349175863 0.0116578838271522 0.00326163407566756 0.00715961311987289 0.0214039809445262 0.0169379473335672 0.0047477713571167 0.00591927122258022 0.020962172215118 0.0191219963627109 0.0112570720288018 0.0151440726747555 0.00121244464671717 0.0109183041195602 0.0244399234438939 0.0262362679946181 0.0193744774359933 0.0180570103160125 0.00165793919775687 0.00858637241307524 0.00997142619512673 0.00894138858653572 0.00470540280564164 0.0057421274731606 0.00704003859167925 0.0164668197086944 0.00475747964916513 0.00510946009998598 0.017187479148852 0.0135193364352647 0.00770293562544848 0.0121094117307874 0.00956231770165186 0.0094985597147368 0.00906396891464584 0.00836014342249545 0.0121465394580608 0.0123944699134255 0.0143236870688292 0.0146845678222038 0.0257154188191106 0.0265481341190761 0.0171145061577404 0.0153035780583146 0.0309664560176966 0.0269167794861644 0.0144559544138588 0.0141742100335082 0.0424112950751599 0.038543811980967 0.0297709271886103 0.0296060777320938 0.0253421741097685 0.0267310225402616 0.0286800300660269 0.030223898130545 0.0192196626785161 0.0231002178367483 0.0172665563722114 0.0129768239463045 0.0276767041779552 0.0248963665329691 0.00907733813758943 0.00865590255130233 0.000164553118737659 0.00837530497735046 0.00352596907427756 0.00465999132028647 0.00464877388765143 0.00734641764294163 0.0232265727583272 0.0188779595392691 0.0226371775228124 0.0302960569418504 0.00532996430458563 0.0152509417524843 0.0196517770263772 0.0257662680864715 0.0113763586775888 0.0160688482740753 0.0118071978438821 0.0129871871714004 0.0106318389022149 0.0100172451644405 0.00893988193506 0.0110280004406636 0.0062162783870817
0.0327679685299216 0 0.0117624377557774 0.0146654859593099 0.00300600032471825 0.0108090081824456 0.0197472536412424 0.0207723512141237 0.0051577702249494 0.00685844717180888 0.022106811370044 0.0227405617834343 0.0130203326286426 0.016593875513126 0.00401881923991184 0.0172987679000558 0.0286750134229877 0.0333339249873235 0.0169696992195529 0.0198296941397002 0.00122976258808897 0.00911350442570689 0.00937357749632794 0.011851158041341 0.00443896328407956 0.00613734137538136 0.0108973204494076 0.0188001114767368 0.00433603011226824 0.00643884300773596 0.0161479215323623 0.0127239436519346 0.00506919452239558 0.0107649184047804 0.0130408945033926 0.0110379291116672 0.0116344327657577 0.008602313409862 0.0167232495428087 0.017399665350055 0.0140781836600731 0.0186278697320527 0.0295867226565455 0.0322383563423154 0.0192116542384099 0.0184222833003433 0.0360607133253421 0.0301420530360903 0.0154453561495019 0.0151131916223067 0.0483496222304305 0.0503925208399634 0.0314843941254979 0.0331764598363509 0.0216970845316247 0.0314524273853115 0.0300635062834227 0.0340057623620262 0.0154825028649446 0.0255741577285376 0.0176046457417011 0.0130593008748801 0.031964575212163 0.0316157479987256 0.00823949459004089 0.0116083802897975 0.00377700887451031 0.00760351558939477 0.00757771386616655 -0.000611520195582932 0.00756121776830563 0.00594848500812473 0.0275831584672003 0.0235367975404364 0.0300133115069062 0.0363914292255319 0.00842783021478697 0.0176918438013513 0.0233243083227502 0.0289061870088547 0.013069220890642 0.0188261363598203 0.0133138678973776 0.0152467410123838 0.0116589180656076 0.00942960339302063 0.0102738377386758 0.0120752375376586 0.00724543013992585
0.0139854349175863 0.0117624377557774 0 0.00875490406113337 0.00146868974767686 0.00729995855044297 0.0176563711917187 0.00917893739089335 0.00409805430187593 0.00476360333600019 0.00576446647260377 0.00266919255081911 0.00579206526809445 0.00302962509047261 0.000773505597380538 0.00728653115327421 0.00756257691446124 0.0084020489715164 0.0103886351921921 0.0101138273469249 0.00150100852949228 0.00839766766109127 0.0118887793421041 0.00949421679518042 0.00310692168240652 0.00535397800741025 0.000790044510688552 0.0054891243667402 0.00517435624042281 0.0077165628527216 0.0119883920507536 0.00676738431190135 0.00769770814031498 0.00783008658646087 0.00441937106678159 0.0049728024027461 0.00350653064063489 0.00375025799977824 0.0061549565957987 0.00509993246954889 0.0090394346371933 0.00915980217003198 0.012009618529125 0.0123808715900288 0.00772477360579228 0.00702166596324635 0.0168524923473459 0.0176924753384811 0.00682462303670324 0.00778933657970479 0.0173431249909096 0.0139073221358428 0.0153634777706684 0.0148280148031382 0.0182021061835121 0.0142128810864584 0.0157230688340512 0.00966700070532029 0.0259503275755537 0.0201763464659799 0.0115356633762599 0.00793582094287981 0.013473907574838 0.00895939288343651 0.00754616495293325 0.00771131135701843 -0.001495755910691 0.00413237998242196 0.00121243915537166 0.00226980513382991 0.00418211228423355 0.00397792837679142 0.00776185511078042 0.0127609303275476 0.00609740177532826 0.0112562243670994 0.000132878751030535 0.00695391991937791 0.0127206210610636 0.0134327908797406 0.00830953927349111 0.0100198355867986 0.00849990894551586 0.00978763708988833 0.00637360729105678 0.00550127764936501 0.00396439894592195 0.00665942509737341 0.00440347923169925
0.0116578838271522 0.0146654859593099 0.00875490406113337 0 0.00348623056340386 0.00586874257253286 0.0133671693547057 0.0146292895702852 0.00395688329092104 0.0108301790907065 0.00878064668145103 0.0107403644374138 0.00610314308550495 0.0103499678021032 0.00370765728120406 0.0113335425213214 0.0103393804337087 0.0101136217785634 0.0068459808993013 0.00734233396827149 0.000172922370622538 0.00437697486702308 0.00907126957942023 0.00781864847977472 0.00450257128725755 0.0027598628298918 0.00476836845397303 0.00784208819532486 0.0048332873922597 0.00550195048800648 0.00873796445432015 0.00751968068681671 0.00629880541861204 0.00551988666801159 0.00617806205888593 0.00506792168160205 0.00585889214561281 0.0031768279474068 0.00715285593890431 0.00464658653990587 0.0087753130380468 0.00956606744680239 0.0131385657122217 0.0134870234589748 0.00920756057627098 0.00764807759308875 0.0188677661751868 0.019628237521443 0.00797821213444286 0.00610410840580893 0.0168147366872455 0.0172639438240128 0.0165258061403138 0.0171787834326604 0.0186766080043433 0.0222385616697217 0.013929596963455 0.0109753036173397 0.0202110053937533 0.0265038981877118 0.012115154976322 0.00922200588699793 0.0119168193421296 0.00896247071971355 0.00837144566222113 0.00968468369080112 0.00481089500518631 0.00631925979253876 0.0043332129009589 0.00221082689367489 0.00501922479865603 0.00393049772211012 0.00840813430005648 0.0101914937166178 0.00936942793661297 0.0129851042364653 0.00417580463603535 0.00753796814068227 0.0137356073968256 0.0156157778903125 0.00880996417621077 0.0106083217546213 0.00963714172682606 0.0108525322833887 0.00637135950876688 0.00521213376612353 0.00540194306936894 0.00739507948983176 0.00482014477779024
0.00326163407566756 0.00300600032471825 0.00146868974767686 0.00348623056340386 0 0.000609983318127898 0.00258951713644946 0.00279119780393105 0.0021817241707383 0.00666909484783714 0.00595071716916957 0.00448112141453321 0.00288490720778242 0.00684516046749299 0.00284352438663026 0.00414960606105873 0.00418479298744348 0.00301137180706089 0.00241215785314646 0.0017897878520525 0.000384042477741673 -0.000926694752193447 0.00627733222313397 0.00131436649922745 0.00277905617638186 -0.000347914244878469 0.0030415368715103 0.00354702526306694 0.00268373299569668 0.000244485051486989 0.00204858773928131 0.0023708015117636 0.00273084791706228 0.000382837578871603 0.0029006118652459 0.00219599494946112 0.00226704075318863 0.00107068670648879 0.00292047568258683 0.00229555092336819 0.00285913912396446 0.00146424966567702 0.00322695877108779 0.00285047606945466 0.00289918846022054 0.00129420217958073 0.00552010040070783 0.00514538762283683 0.00247312164023997 0.000831562739462705 0.00396375025140662 0.00215740349969516 0.00518163247089515 0.00418841302653648 0.00837464092406127 0.00702537938633578 0.00839992935183006 0.00464444360832941 0.00928642142822659 0.00521299811845787 0.0040615638092841 0.00146020287733156 0.00238500235156527 0.00211351011025782 0.00308630616712191 0.00323152660972053 0.00331598520524379 0.00527397450629864 0.00256408819993887 0.00301516886552881 0.00175069265087737 0.00195993101991946 0.0014880775981426 0.0014929722041896 0.00279779726229978 0.0025283401054748 0.00327191855309057 0.00169950604259133 0.00608869987714983 0.00389495877042456 0.00381957295114968 0.00170167702725659 0.00303972071534476 0.00451257832288599 0.00205642836387974 0.00174705232560217 0.00154270211840986 0.00213200711915859 0.00131396348088108
0.00715961311987289 0.0108090081824456 0.00729995855044297 0.00586874257253286 0.000609983318127898 0 0.0100791801598039 0.00673818341495759 0.00366490770491494 0.00525892114094949 0.00519830244564547 0.0027378641160114 0.00492056321262858 0.00298719819032458 0.00123730187264954 0.00935677655543408 0.00657890227262419 0.00891459486507242 0.00460402800856592 0.00659125700307856 0.0013072364865193 0.00805892468274064 0.004340965386553 0.00511786798368207 0.00185643466818782 0.00672730177463024 0.00369135706218394 0.00408612724015389 0.00327265980783059 0.00487850831535625 0.00686178641810023 0.00276125448116073 0.000965990638272106 0.00179613566701409 0.0038823479072761 0.00402750948408391 0.0027586285991204 0.00177627311519387 0.00275541889003993 0.00620084968789312 0.00658925604436868 0.00835060297870172 0.0109813411841302 0.0101440696024231 0.00749153909111531 0.00518573877731862 0.0142194165451491 0.0115976211459971 0.00457425250749412 0.00365653029681477 0.013984870886371 0.0141803284032759 0.011381824306194 0.0119025355970071 0.00965734317095636 0.0109765877436787 0.0119327028768876 0.00839738309871058 0.0118676305346598 0.0139006898131695 0.00773984779246934 0.00551738679969246 0.00808399192423916 0.0085626466784218 0.00417893130590974 0.00632861748152867 0.000320971742939557 0.000122989243275791 0.0023272011404538 -0.000801686501879822 0.00580539337935785 0.00169992890710566 0.00926604771751827 0.0103515154898645 0.00851223916131937 0.00818504194561812 -0.00064017758763539 0.00372224143794496 0.00839593905018387 0.00935130677901144 0.00572127204287803 0.00649173122052982 0.00652747136573667 0.00747005101659955 0.00469192306027394 0.00281905747429282 0.00330096338572234 0.00504440083929922 0.00335921608611525
0.0214039809445262 0.0197472536412424 0.0176563711917187 0.0133671693547057 0.00258951713644946 0.0100791801598039 0 0.0184106854312392 0.00596268703724844 0.00501245942078826 0.0110863422713205 0.00969423614732046 0.00908355192470221 0.00766765688591329 -0.000105712720759086 0.00875965119801651 0.0105319868465569 0.0123229030998887 0.0144344834296391 0.0141197405007513 0.0021142855841736 0.00997913177639273 0.00974685900198818 0.00864054292560197 0.00438045926194627 0.00740358025722367 0.0021597213590348 0.00931931992904106 0.00622483814405729 0.00780540047294057 0.0164153525734347 0.00942080139890082 0.00814073919461284 0.0101200241773499 0.00768522781416403 0.00688135153834368 0.00694818865573491 0.0039685750496931 0.00818067799947698 0.00938851887857519 0.016118307999256 0.0157194785594644 0.0224014532850571 0.0226805877417159 0.0142896596768157 0.0118811028671174 0.0320553523506413 0.0324857091661061 0.0118191384891505 0.0103978953712861 0.0269123030977824 0.0225786685949726 0.0266961225802361 0.0282121326536367 0.027947663842763 0.0259565191226528 0.0249168335409061 0.0210727060906697 0.0254117753521871 0.0304170332387526 0.0185192570471598 0.0139776735725099 0.0155117714236914 0.0121917677554767 0.0127345870496854 0.0129270509950697 0.0012134485748132 0.00853855344091492 0.00359794257752349 0.00827553158185299 0.00777034415220616 0.00576933912954735 0.0120751374041543 0.0149019167252099 0.0086944390165213 0.0162349554286504 -0.001111869541721 0.00782222379607681 0.0133922178487856 0.0203832185181253 0.0110548763184599 0.0158250661760647 0.0155744651378701 0.0178695817971865 0.0113877636948162 0.0109495245403272 0.00802673823271449 0.0125890791211254 0.00674048420095826
0.0169379473335672 0.0207723512141237 0.00917893739089335 0.0146292895702852 0.00279119780393105 0.00673818341495759 0.0184106854312392 0 0.00577865317635357 0.00800072489024348 0.0134026611482894 0.014199087429519 0.0100348091825932 0.0123094019268012 0.00491766940058512 0.0117219807496759 0.0130212765550905 0.013569541804937 0.00952539547147103 0.00996062525307736 0.00143960325366087 0.00600623134287568 0.007526207314075 0.00871094310759662 0.00518713899510612 0.00406195695846724 0.00586037480602275 0.0102235874791483 0.00462673829711478 0.00613757185234479 0.0106996124870289 0.00966487773821532 0.00709473925416718 0.0091429694764415 0.00744671240026325 0.00713395015313127 0.00747852627477853 0.00485008659018381 0.00973932903257521 0.00928060056399689 0.0109744826572067 0.0118724310451426 0.0180087659507271 0.0194472946385174 0.0120231143026587 0.0110663701541777 0.0246392823108665 0.0236905150512861 0.0104870870700595 0.00926346752874782 0.0218564599669059 0.0236604092952164 0.0216965540224756 0.0235751289488563 0.0212120569480095 0.0281100802420648 0.0166198457606176 0.0189309797073606 0.0179081054946625 0.0294483521910088 0.0149300587527443 0.0122377892649018 0.015987996911778 0.0133720938250237 0.0101706716566192 0.0110803774145329 0.00581639632352767 0.00842284434643438 0.00508223517945394 0.00451621022472752 0.00464962440430222 0.00436070326957124 0.0116583260557306 0.011853553300577 0.0135374320895594 0.0186437405704163 0.00421539803117018 0.00985734822718666 0.0156744630744201 0.0201782466777721 0.00968099335353237 0.0143035108556271 0.0121081478487025 0.0133968621941403 0.00857202338470552 0.00765575240923953 0.00712963044487655 0.00921092668908169 0.00529220245054388
0.0047477713571167 0.0051577702249494 0.00409805430187593 0.00395688329092104 0.0021817241707383 0.00366490770491494 0.00596268703724844 0.00577865317635357 0 0.00372940039263512 0.00816002465150685 0.00303243058786997 0.00694983410867902 0.00367238662781943 0.00685059567524281 0.00331660216983098 0.00330217361896612 0.0027749663468519 0.00291238134224878 0.00152144006392286 0.00207554616788082 0.00183275778949822 0.00445116494666386 0.00289592669709718 0.0034753246888174 0.00331317618696792 0.00382715979827671 0.00125788610609071 0.00292278510399492 0.0027693971358317 0.00256206174270186 0.00146996787203979 0.00121547949106803 0.00571386078215306 0.00196766897126532 0.00236704397440329 0.00264922070730398 0.00154747513318458 0.00147566138514031 0.00463833636019952 0.00163537371342082 0.00163368809353836 0.00315267588782275 0.00321030946920813 0.00216877021607656 0.00116548404613892 0.00580266935822551 0.00677533407607141 0.00268205548915413 0.00198757410688081 0.00493988120739722 0.0062695777834263 0.00643174928968555 0.00598594747407675 0.00759342145081383 0.00562676448790716 0.00341187343979836 0.00214024439645845 0.00916043997107263 0.00889638858020251 0.00461718236997794 0.00239897437662461 0.00554639116660771 0.00311580087166269 0.00512496272213117 0.00579243311967851 0.00412552509378829 0.00323198329667008 0.000680238540583193 0.00138050207296307 0.00104202995156411 0.000110581715076082 0.00149432289986849 0.00285161282930188 0.00316919223866575 0.0024605619546098 0.00380368551321268 0.00353950081252569 0.00677154742881352 0.00428358044858629 0.00389634267757849 0.00349593979684093 0.0052076464556353 0.00495523338977926 0.00289632751262972 0.0025235392115126 0.00202732974122869 0.00187772368298252 0.00120558863841867
0.00591927122258022 0.00685844717180888 0.00476360333600019 0.0108301790907065 0.00666909484783714 0.00525892114094949 0.00501245942078826 0.00800072489024348 0.00372940039263512 0 0.00824487862899931 0.00900829951299266 0.00382852830224905 0.0145774952633454 0.00541694018445459 0.0107490288732366 0.00835440077753314 0.00650849839151053 0.00406708919833146 0.00333198250248228 -0.000707411202350721 0.00160590595009818 0.0131133813517441 0.00507495600229671 0.00567932720384464 0.000544475865309184 0.00634702345713677 0.00624146344583917 0.00495157928257108 0.00254318443403091 0.00540031091743552 0.00476438002558118 0.00488570818625852 0.00290358162876591 0.00497842521558022 0.00463023828467684 0.00451145717056455 0.00225483842676198 0.00511482795759863 0.00137071520236499 0.00586100592102476 0.00538596183380715 0.00664486336226532 0.00537676416177638 0.00679690771631461 0.00259052663657403 0.0109972130556886 0.0125480386132755 0.00512965699190199 0.00211909391228806 0.00983638483188502 0.0071252520904025 0.00939413824485137 0.00819362656978724 0.0148875586145081 0.0170536421643774 0.0142414154727476 0.00527976686940239 0.0227741017129145 0.0197598435553194 0.00797211868714989 0.00397811704208041 0.00675644014288091 0.0058805764506655 0.00585749988561129 0.00678579735245179 0.00494740897005426 0.00726427730605705 0.00139852136494413 0.00381791667578176 0.00590369802900843 0.00528862235854693 0.00358112618426127 0.00411830977286172 0.0054040431855974 0.00539426077972056 0.00506390573830805 0.00454851747322811 0.0130687068376668 0.0103456202876177 0.00773662867873904 0.00593002633767586 0.0079619009065977 0.0101678071319318 0.00479078701193532 0.00382395199668223 0.00407401260474098 0.00528941989165606 0.00443055160142294
0.020962172215118 0.022106811370044 0.00576446647260377 0.00878064668145103 0.00595071716916957 0.00519830244564547 0.0110863422713205 0.0134026611482894 0.00816002465150685 0.00824487862899931 0 0.0206549871766549 0.022279755110735 0.019629073802843 0.0142257693216126 0.0142566541092663 0.0229219460459836 0.0194220837334784 0.00993894464173271 0.00724052601141335 -0.00135503281076487 0.00291330928504955 0.00983931577518582 0.00784415528248464 0.0053983780104639 0.00499788966495461 0.019498776464122 0.012356295963234 0.00692294946360572 0.00369825093274283 0.00660902320625834 0.00830025534397361 -0.00133724966762299 -0.00185021292114163 0.00534683340362447 0.00501465994235329 0.011614601184848 0.00705660893334433 0.0107741419720188 0.0124900986879401 0.00815633000521185 0.00982223612928026 0.0145091248166305 0.0164599413061906 0.0158539104084001 0.0113395347947539 0.0205893295347652 0.011420816221516 0.0113013020183624 0.0100413717613237 0.0230998556336779 0.0260639937110724 0.0222672512166853 0.0215077462533487 0.0268850360748591 0.0242274898949274 0.0323133361551377 0.0286595035358985 0.0213990226919438 0.0148062101089693 0.0131417119720692 0.00981613549048536 0.0140343914445403 0.0160242334015852 0.00505893367995306 0.00751242437161616 0.0113304495327041 0.00876300424035219 0.00339987050097651 0.00266141996003811 0.00411889994080052 0.00416616446506626 0.0160933631597923 0.0152146112230241 0.0246884545848853 0.0181886614354931 0.0126093562325266 0.00972758559192353 0.0258040382612588 0.0159421008746837 0.0126773281281962 0.00807186581653833 0.00642526922520701 0.00726181764156766 0.00855128548242282 0.00601271272279712 0.00626439452087575 0.00714637695377623 0.00299324150236949
0.0191219963627109 0.0227405617834343 0.00266919255081911 0.0107403644374138 0.00448112141453321 0.0027378641160114 0.00969423614732046 0.014199087429519 0.00303243058786997 0.00900829951299266 0.0206549871766549 0 0.0118835404106813 0.023870472498128 0.00685982169372811 0.0137492079143837 0.0189443704351775 0.0191254174388986 0.00979507204167998 0.00958405396320992 -0.00109269429189478 0.00046791282200688 0.0090310313856257 0.00668621854702246 0.00442664660483454 8.01643587433037e-05 0.00988184519417348 0.0137280238289575 0.0035964979416918 0.000252145179902537 0.00791418077193335 0.00956925306150522 0.00182147467176582 0.0032519019480509 0.00613195664558422 0.00479817981157475 0.00765856114279245 0.00570964458510524 0.0098616943259991 0.00781294953563694 0.00768913416129218 0.00751378907439642 0.0132051818979924 0.0134044818036334 0.01233415430736 0.00938169258906681 0.016280707969214 0.011198256660096 0.00985314786536975 0.00813159591509948 0.0220382835301101 0.0246864885560981 0.0179508924542805 0.0186392556753521 0.0178285546065625 0.0222411667171812 0.0229996365660621 0.025112888070757 0.0132963778658389 0.0124657079550635 0.00988598216967196 0.00698852538062036 0.0136890215383098 0.0147819171467638 0.004598198147252 0.00687965478006729 0.00744137888111634 0.00914195182279552 0.00853372455831046 0.004756810647584 0.00377415843987202 0.0035208798868099 0.0139421520846225 0.00984938938081693 0.0164766989590734 0.0201027866182242 0.00748400581098894 0.00950397858436689 0.0161575802717932 0.0176801582632122 0.00810970262845097 0.00871950832468207 0.00499929995854076 0.00684914622479881 0.00646843183561998 0.00548619487030794 0.00596455961701248 0.00660996886473046 0.00356323470051241
0.0112570720288018 0.0130203326286426 0.00579206526809445 0.00610314308550495 0.00288490720778242 0.00492056321262858 0.00908355192470221 0.0100348091825932 0.00694983410867902 0.00382852830224905 0.022279755110735 0.0118835404106813 0 0.0133631708290336 0.012733614072694 0.0111103280830889 0.0122957394301122 0.0101670055672875 0.00563820177249805 0.0051629227790006 0.000578954457592557 0.00413906493523882 0.00900722531939587 0.00726736036197623 0.00409031343819882 0.00475594743159257 0.0114640167368362 0.00675500342580655 0.00493287282889252 0.00444821698135766 0.00562186606403778 0.00500516525919445 0.00132513441297715 0.00282319386907416 0.00335745613354235 0.00404187433990776 0.00632786336463789 0.00385121600954992 0.0065725721165343 0.00811709651976515 0.00527238085094868 0.00589895845913115 0.00843317603466011 0.00925429388005047 0.00912314240083837 0.00675910087302543 0.0117725306601188 0.00656867965531427 0.00681560222107107 0.00608104488458845 0.011816727811245 0.0150995238026747 0.0126678039401551 0.0117912467360313 0.0169317348175477 0.0161371821484358 0.0181878649806278 0.0154179653879044 0.017396333460542 0.0108621390883602 0.00895288160541341 0.00599798377548414 0.0113270688799593 0.00968584284313628 0.00335520437234796 0.00522419443430603 0.00623772655500552 0.00465265338566801 0.00382599934201793 0.00386010762368135 0.00205482595323372 0.00215942276535451 0.0102707420925245 0.00986938300739614 0.0156898178021077 0.0127971707029082 0.00700762909352126 0.00591878797192799 0.0185631357009416 0.0115247041269027 0.00889031398303295 0.00615728604479383 0.00615429101738922 0.00548448620975229 0.00533580636353571 0.00351866657817473 0.00376581974148252 0.00386697210415576 0.00241467952339404
0.0151440726747555 0.016593875513126 0.00302962509047261 0.0103499678021032 0.00684516046749299 0.00298719819032458 0.00766765688591329 0.0123094019268012 0.00367238662781943 0.0145774952633454 0.019629073802843 0.023870472498128 0.0133631708290336 0 0.00824858032360352 0.0189245552583235 0.0154032173309904 0.0132538543130361 0.00991744355698715 0.00992644845365478 0.000339252329545104 0.00185783227102672 0.0150909080451229 0.00739293356068557 0.00540634742353346 0.000245281918034038 0.00867675152038024 0.0142991168832553 0.00602940765267612 0.000375627621241728 0.00715153483569146 0.00933447277138648 0.00417340939023126 0.00334488534337479 0.00622255331615483 0.00486815703547876 0.00676887727499238 0.00531713914562398 0.0092091225453456 0.00682960901137613 0.00778607990331807 0.00503933519565942 0.00984846167503211 0.00698685828318055 0.0114989525567654 0.00592503287184926 0.0125619732272342 0.00873696718237004 0.00847307593731546 0.00563457391271462 0.0156152919211306 0.0149536589550288 0.0131947674661816 0.0143176807436088 0.0205449129928219 0.0261575905194932 0.0260343117371403 0.0260036811550755 0.0185736780254282 0.0130960822497628 0.0091071732729371 0.00395352590320581 0.012292977136768 0.0106369112448726 0.00566341172178077 0.00702539555754769 0.00638091106210515 0.00976516478097079 0.00801393233406836 0.00987961638127587 0.00329007836659579 0.00607282173048335 0.0101258077340988 0.00761424709788238 0.0131037026682438 0.0176687413424441 0.00673150979999576 0.00875678600130502 0.0172668604669141 0.0179584364323224 0.00905580552681002 0.00824901271997746 0.0056678703051772 0.00820354470307696 0.00524604277240334 0.00508003446425978 0.00549513972945166 0.00720219176989556 0.00363122735206995
0.00121244464671717 0.00401881923991184 0.000773505597380538 0.00370765728120406 0.00284352438663026 0.00123730187264954 -0.000105712720759086 0.00491766940058512 0.00685059567524281 0.00541694018445459 0.0142257693216126 0.00685982169372811 0.012733614072694 0.00824858032360352 0 0.00830856559010076 0.00553796523499856 0.00328509852238666 -0.000707303956530657 -0.00143122791032079 0.000492453626787895 -0.000311794837626872 0.00778266702204662 0.00438632229857799 0.00407243666451743 0.00126635537951914 0.00949914230740034 0.00236302133467168 0.00309012193086269 0.0022650956270659 -0.000161755829305917 0.00205235309092068 0.000621070471103376 -0.000473902451589628 0.00116436868233649 0.00213877924991908 0.0035150702582595 0.00246030561046089 0.00334345291864986 0.00529511781003992 -0.00136277408049637 -0.000786491714561997 -0.000589586037934976 0.000364360645078987 0.00261015745196365 0.00178625979535332 0.000492845438570761 -0.000992500732311494 0.00181399340314619 0.00248659438585091 -0.00065469586216746 0.00434278123681993 0.00298013293661597 0.001704059712871 0.00664548114602016 0.00610090683236151 0.00442034614198378 0.00243555198863023 0.0127222685880162 0.00621546908591849 0.00288630666416712 0.000766426036221463 0.00473505271828164 0.00417288235575863 0.0021527125988256 0.00383552242002811 0.00785297565565471 0.00380250437110116 0.00215933587775038 0.000817357203306122 -0.000319999367257874 -0.000429085678192991 0.0012250426419301 0.00237056380747148 0.00799501918519597 0.00399923062757963 0.0078154557397119 0.00318082379457341 0.0130024696937418 0.00398745979351772 0.00498521829991993 0.00161222410273526 0.00226755400835819 0.00155262850281862 0.0018078261434846 0.000879128644216374 0.00103626939782331 -0.00011698006170552 0.00103120338027985
0.0109183041195602 0.0172987679000558 0.00728653115327421 0.0113335425213214 0.00414960606105873 0.00935677655543408 0.00875965119801651 0.0117219807496759 0.00331660216983098 0.0107490288732366 0.0142566541092663 0.0137492079143837 0.0111103280830889 0.0189245552583235 0.00830856559010076 0 0.0125663212624143 0.0141440023023893 0.0062495037161407 0.00954412774016165 -0.00137081935146577 0.0072284620159595 0.0140443738538971 0.0110098147091279 0.00409895762059359 0.00353278655711454 0.00826215835757397 0.0122081674173608 0.00698868947116856 0.0065127235452615 0.00900036544941737 0.00846624906830031 0.00632259914989181 0.00260899160600788 0.00767679329167951 0.00637136575216276 0.00652836768344296 0.00482728071947294 0.00991754312712331 0.00830096265488597 0.00827556749278337 0.00987840201153023 0.0138395256903997 0.0125742626981041 0.0122139151792707 0.00820351415991069 0.0163887314574688 0.0126911543549121 0.00825289808224574 0.0066593309995597 0.0177961852308375 0.0200420286968829 0.0146865252119608 0.0158336162049767 0.0176713855916208 0.0251457261887914 0.0227086178537097 0.0203497579286063 0.0211281219233259 0.0203441367417874 0.0104894760694803 0.0074741440332195 0.0139942940260865 0.0120466402793975 0.00618966934528076 0.00934379816666462 0.0048540744915393 0.00398986273076428 0.00603917304451886 0.00412828214106654 0.00467845510695858 0.00376162383273696 0.011055529272584 0.0120323122415099 0.0156461636302229 0.0171804351386911 0.005534929116421 0.00986630526996568 0.0194163799427647 0.0199809565535896 0.0102361780221874 0.0103476842687809 0.0067217541681115 0.00857356637321388 0.00577813074035982 0.00393738832405508 0.00543229187075305 0.00733229417441366 0.00556209012536163
0.0244399234438939 0.0286750134229877 0.00756257691446124 0.0103393804337087 0.00418479298744348 0.00657890227262419 0.0105319868465569 0.0130212765550905 0.00330217361896612 0.00835440077753314 0.0229219460459836 0.0189443704351775 0.0122957394301122 0.0154032173309904 0.00553796523499856 0.0125663212624143 0 0.0263471622309307 0.0126063795734847 0.013279242458333 -0.000405009689828426 0.00390845091119258 0.00944037347319997 0.00896661554420104 0.00424307199766352 0.00331352361873152 0.0131967195262717 0.0157408290298058 0.00404437336847262 0.00397479257009093 0.0116286758790482 0.0106958326641307 0.00282478480179441 0.00460629267479624 0.00909096414069705 0.00854496656468392 0.00912304505796457 0.00700835555388172 0.0127647727433958 0.0122943805154685 0.00949701949221161 0.012859426877121 0.0192075870887077 0.0209924206406208 0.0146052514289022 0.0129474777247552 0.0241280985021237 0.0168247629010045 0.0110182763260294 0.0101911906804729 0.0350062496494797 0.0356922099369706 0.0221101863872313 0.0212494317908678 0.0170138275035815 0.0208936943750489 0.0250041976500931 0.024479313755789 0.0149727107688496 0.0138947007750963 0.0117646868949877 0.00863419492600962 0.02322482044585 0.0222719109087641 0.00456669386790019 0.0059110263245591 0.00438009881717749 0.00681423288189267 0.00407458003270927 -0.000313004706911949 0.00420102492517529 0.00466679287883744 0.0226983839867259 0.0179319768026471 0.0264804556880846 0.0265639047351866 0.0104349106052994 0.0127970754866299 0.0210996484172175 0.0189556436843031 0.0108454028028668 0.0114634174235805 0.00841103801031931 0.00790535278664932 0.00798025841542408 0.00568234641530756 0.00746125271693677 0.00750496438753727 0.0050875063166789
0.0262362679946181 0.0333339249873235 0.0084020489715164 0.0101136217785634 0.00301137180706089 0.00891459486507242 0.0123229030998887 0.013569541804937 0.0027749663468519 0.00650849839151053 0.0194220837334784 0.0191254174388986 0.0101670055672875 0.0132538543130361 0.00328509852238666 0.0141440023023893 0.0263471622309307 0 0.013367348854506 0.0160362950004946 0.000579594985564312 0.00712238128619 0.00892320437013623 0.00918999144961262 0.00369355162568193 0.00466299479086025 0.0110420530020468 0.0165906870163592 0.00419685194561014 0.00518909147396397 0.0137357942779389 0.0109079278195198 0.00473916373138675 0.0070390843667815 0.0103293868965751 0.00962691948805946 0.00909566029924226 0.00782309503272333 0.012762907997724 0.0131161919815466 0.010342651728828 0.0140743704237929 0.0231855279870685 0.0249964086362659 0.0157411281091017 0.0150273851135706 0.026454045849088 0.0191896412091777 0.0125151456974531 0.0121082815828232 0.039467243607379 0.0412829158571487 0.0243604960841756 0.02403501212208 0.0150799523105951 0.0209381592914702 0.0250287595522153 0.0265040111667435 0.012848089361841 0.0151929279934867 0.013166143261954 0.00987024088188227 0.0261117454775267 0.0267159480977122 0.004606303617048 0.00654989554253395 0.00166702908204602 0.00495901966479326 0.00612604874675204 -0.00108556596415305 0.0068177170079629 0.00543882121937965 0.0233096845822018 0.0195975813120865 0.0258741921563222 0.0296256816719897 0.00835590471792157 0.0150555272333412 0.0193409662039129 0.0221806432992521 0.0100755372238236 0.0132525298829808 0.00860576302968468 0.0096349691702224 0.00880977222365068 0.00662103203164074 0.00809185326102154 0.00834070129013511 0.00590516243226327
0.0193744774359933 0.0169696992195529 0.0103886351921921 0.0068459808993013 0.00241215785314646 0.00460402800856592 0.0144344834296391 0.00952539547147103 0.00291238134224878 0.00406708919833146 0.00993894464173271 0.00979507204167998 0.00563820177249805 0.00991744355698715 -0.000707303956530657 0.0062495037161407 0.0126063795734847 0.013367348854506 0 0.0121131589689688 0.00206902182670669 0.00701331444506292 0.009100504535303 0.00580537050034816 0.00311554589778262 0.00455161790771497 0.00160039865740766 0.00960037129393784 0.00402162075254376 0.00363108810534132 0.0115024662568155 0.00827552949311291 0.00524224610593168 0.00828247551681385 0.00537714035634726 0.00559354843043039 0.00437676760640366 0.00449425891966043 0.00552629784259863 0.00616522585106456 0.0104094277713125 0.0101411257934545 0.0163570043860336 0.0160150635944122 0.0102173529181231 0.00826113936547143 0.0195085167444725 0.018436872255129 0.00817830771074213 0.0078654834078046 0.0227477501641514 0.0189442517952509 0.0156169347226056 0.0180481479398701 0.0145116429596523 0.0131001818132486 0.0164802172364552 0.0168264868135515 0.0134134289141936 0.015970147247853 0.0111537928529938 0.00795290381909126 0.0160851622788366 0.0110928901322147 0.00677059786626451 0.0051929938697438 -0.00216794494666071 0.00483405203202488 -0.000419957676967035 0.00614438468456395 0.00239619336383937 0.00622311810389441 0.0114930796713453 0.0114429274237087 0.0111432395153168 0.0169194094879622 0.0014852443434796 0.00847557094353622 0.0109866111875339 0.016398066516044 0.00675079935506349 0.0103739170735865 0.00925124289646812 0.0105994119758627 0.00660880013163214 0.00726678808123298 0.00540963596213863 0.00779142794706514 0.00429725332807708
0.0180570103160125 0.0198296941397002 0.0101138273469249 0.00734233396827149 0.0017897878520525 0.00659125700307856 0.0141197405007513 0.00996062525307736 0.00152144006392286 0.00333198250248228 0.00724052601141335 0.00958405396320992 0.0051629227790006 0.00992644845365478 -0.00143122791032079 0.00954412774016165 0.013279242458333 0.0160362950004946 0.0121131589689688 0 0.00212404145412832 0.00713657871862064 0.0077107825563339 0.00704154453650648 0.00192694168332427 0.00411454486595993 0.00205605141030861 0.0109702439504274 0.00309017281623954 0.00392543116235553 0.0118779559169978 0.00769202734200995 0.00577321480753726 0.00833450415717903 0.00684367842112055 0.00678734249823814 0.00455057966537074 0.00429431132875095 0.00753966420617546 0.00866964414073914 0.00936520908583483 0.0102232581418224 0.0160576338818807 0.0159115811806639 0.00998604684591894 0.00894059967737723 0.0199657594593051 0.017639100048598 0.00796500856362052 0.0080106129801885 0.0246493242444901 0.0225052913539561 0.0167839222787868 0.0181908299735327 0.0136230387119159 0.0184890793287 0.0189062389523077 0.0216806168381486 0.0107748538992927 0.0132924087323679 0.00973347306986306 0.00670158167541223 0.0185909842473072 0.0166641925858548 0.00643704090456885 0.00622744763718028 -0.00150884688498413 0.0046243826942979 0.00306437888677494 0.00334157010148187 0.00403802544393633 0.00449788716898503 0.0144733948126143 0.0140317293677394 0.0124604269415709 0.0195699942133856 0.0010236051407525 0.00912918554384675 0.0105532399523332 0.0166975548101105 0.00670814315616325 0.0110833070756866 0.00775598394858057 0.00949977385621641 0.0065666105947282 0.00623455098827099 0.00538032031159872 0.00761796529565169 0.00469079469413632
0.00165793919775687 0.00122976258808897 0.00150100852949228 0.000172922370622538 0.000384042477741673 0.0013072364865193 0.0021142855841736 0.00143960325366087 0.00207554616788082 -0.000707411202350721 -0.00135503281076487 -0.00109269429189478 0.000578954457592557 0.000339252329545104 0.000492453626787895 -0.00137081935146577 -0.000405009689828426 0.000579594985564312 0.00206902182670669 0.00212404145412832 0 0.00145951400845281 0.000787117228371814 0.000669296246421 0.00137869991530875 0.00110826926836013 -0.00118424233038324 0.00044511338139658 0.00121549171179764 0.000220952624720263 0.00193424391895994 0.000634705366922251 0.00246068053614342 0.00232503503056635 0.0014554698854681 0.00148476016302812 0.000226392786850487 0.000605804219736083 -0.00105444380444095 0.00138348335017965 0.00135864111619374 0.00081228886920104 0.00304394460287515 0.00303984833889212 0.000773167750910828 0.00156349914517846 0.000982286019839655 0.00118340369282527 0.001583498888767 0.00131447494243056 0.00114868352362111 0.00137469951404677 0.000903188143939955 0.000714089219024916 -0.000225670407174242 0.000604708581833783 -0.00387298061068906 0.000587375206881673 -0.00139996520913827 0.00234587308443292 0.000502933929045056 0.00016584698277227 0.0026244752180555 0.00226343867725511 0.00236840758706299 0.000551628779117334 -0.00148443934644652 9.80809933582482e-05 0.00255758750514681 0.000944573295867671 0.000110913385701693 -0.000564631345470025 0.000772380227815422 0.000563642179128955 -0.000606867167702399 0.00137945835774223 0.000677222547184722 0.00187091366536504 -0.000924756140960855 0.00157872612784326 -0.000141718608187493 0.00217839215141451 0.00113016229813998 0.000885247111667904 0.000308174744426997 0.000921224856617023 0.000943875099328786 0.000112280472914227 0.000828627455828822
0.00858637241307524 0.00911350442570689 0.00839766766109127 0.00437697486702308 -0.000926694752193447 0.00805892468274064 0.00997913177639273 0.00600623134287568 0.00183275778949822 0.00160590595009818 0.00291330928504955 0.00046791282200688 0.00413906493523882 0.00185783227102672 -0.000311794837626872 0.0072284620159595 0.00390845091119258 0.00712238128619 0.00701331444506292 0.00713657871862064 0.00145951400845281 0 0.00643355483768885 0.00691619882696302 0.00203105817593259 0.00713833096554608 0.000465029205085209 0.00442484291302015 0.00309530198816284 0.00627028327372717 0.00857252984053226 0.00443014834546443 0.00537639550579234 0.00725695504142383 0.00282668285699051 0.0040551683250939 0.00168757208322189 0.00227665408178569 0.00106390726566406 0.00390728180669145 0.00867984942318988 0.00961106205269693 0.0121275591815987 0.0108722439755776 0.00708701066784787 0.00572762221619395 0.0137613801727994 0.012206934824533 0.00554101228757518 0.00444346359272579 0.0113378292070444 0.0099767587815139 0.00914544842942496 0.00954225882570041 0.00752000119349537 0.00742998110303456 0.00865181215493633 0.00783701451624768 0.0119062250736529 0.0129084953764353 0.00828106847334574 0.00609088183145053 0.00944524735897016 0.0073277078090638 0.003399223978038 0.00384419989645061 -0.00452299645738559 -0.000511502182794132 -0.000734809402172989 0.00182421973309108 0.00273382134867002 0.0031895382827378 0.00953042025343441 0.0111099754507523 0.00696285829291415 0.00878602545422668 -0.00124733364477711 0.00492897742071672 0.00900803496366689 0.00963171508459952 0.00445736835457763 0.00757182041895772 0.00625517373924389 0.006798940110693 0.00396058804681575 0.0036615037513172 0.00281676531412453 0.00592249519934165 0.00363868285573043
0.00997142619512673 0.00937357749632794 0.0118887793421041 0.00907126957942023 0.00627733222313397 0.004340965386553 0.00974685900198818 0.007526207314075 0.00445116494666386 0.0131133813517441 0.00983931577518582 0.0090310313856257 0.00900722531939587 0.0150909080451229 0.00778266702204662 0.0140443738538971 0.00944037347319997 0.00892320437013623 0.009100504535303 0.0077107825563339 0.000787117228371814 0.00643355483768885 0 0.0104828502531275 0.00605624096947677 0.0027520979715946 0.00458464279898818 0.00859940834302293 0.00745300964615846 0.00555413196747604 0.0100547735056338 0.0076175206419826 0.00904533715731266 0.00677212548821644 0.00480940767979129 0.00488917452565678 0.00451075689658752 0.00376478290957793 0.00619004463434132 0.00314280964887576 0.00866503516788597 0.00708543978893444 0.00968986664959791 0.00855429074703891 0.00883835753374047 0.00568157567668133 0.0120521874056941 0.0112320804424409 0.00658606197644095 0.00471775286285777 0.0120376560736997 0.00949147437815763 0.0108087907027536 0.00999557385223156 0.0171650195166596 0.0129835790207255 0.0193189693788139 0.00978597624438092 0.0300023661196066 0.0169651935442733 0.0113601824019859 0.00556204482185402 0.0114464057173767 0.00752502292300144 0.00520322571203369 0.00613757055488147 0.00163748619936873 0.00652733456897537 0.00303485198775625 0.00819626976812516 0.00370814694027944 0.00559993024518476 0.00634337656116874 0.0100358804609827 0.00797427962826677 0.0111121992812551 0.0057919742089189 0.00790160490573152 0.0191558450056429 0.0139161696127582 0.00901398643125979 0.00727680155617687 0.00668313625846882 0.00875693726702863 0.00483194479987585 0.00456063794062782 0.00380966428225457 0.00603833930524491 0.0045173126210788
