0 0.467280164430402 0.647344449382801 0.544776191708065 0.630100620743472 0.392829408481606 0.454107640048737 0.787725943839887 0.573675331479006 0.598376365679472 0.448619306428592 0.550346624161221 0.443872597156339 0.514827287638 0.479589909129424 0.545661509660853 0.479316688695624 0.543091898344821
0.467280164430402 0 0.426523728049907 0.481568410630018 0.3656265723755 0.660354885979932 0.204116596206079 0.417177378332729 0.442945147963966 0.365545445758984 0.527688040557477 0.224532033042226 0.196430617200373 0.289560551735597 0.425419946706267 0.227116464926299 0.327799934250405 0.272268902176539
0.647344449382801 0.426523728049907 0 0.723811957209306 0.591640958001394 0.291248468983372 0.295230390092556 0.700332508434708 0.754388663559074 0.654154794537358 0.403019803367286 0.50007307095254 0.288203312291554 0.382303204244987 0.429454150707985 0.447811684974132 0.391328153256977 0.416456645428809
0.544776191708065 0.481568410630018 0.723811957209306 0 0.624866575992551 0.327137857784199 0.274898327922143 0.544573030337289 0.901761313593397 0.734672237825482 0.403583273200962 0.389357606848794 0.20170506125415 0.308095721019693 0.339053256408339 0.339835521844214 0.400866219114807 0.292851092832418
0.630100620743472 0.3656265723755 0.591640958001394 0.624866575992551 0 0.26011990546165 0.466457048602248 0.525433908540109 0.606940744478345 0.682232101482673 0.335109197245095 0.432482805855469 0.250908576355327 0.336338517222679 0.30046029216841 0.363453536011657 0.313032915071367 0.387964481781254
0.392829408481606 0.660354885979932 0.291248468983372 0.327137857784199 0.26011990546165 0 0.209297182128905 0.34222263398432 0.309902104701283 0.250528745905911 0.600754249501182 0.219198495874324 0.274419046951053 0.240920775139647 0.499367198113327 0.264771609771035 0.309462543630086 0.293301167893061
0.454107640048737 0.204116596206079 0.295230390092556 0.274898327922143 0.466457048602248 0.209297182128905 0 0.351678524995078 0.300552000382812 0.426883526555144 0.229550603131096 0.321680670859529 0.317264998120889 0.343711991226033 0.251405842602117 0.312690188347155 0.3398569680536 0.38512009385273
0.787725943839887 0.417177378332729 0.700332508434708 0.544573030337289 0.525433908540109 0.34222263398432 0.351678524995078 0 0.649277177138509 0.560363553568322 0.354478259747198 0.455284447528572 0.353642057473319 0.407797003275272 0.554998836609961 0.422328227827135 0.434817447697175 0.448193880719145
0.573675331479006 0.442945147963966 0.754388663559074 0.901761313593397 0.606940744478345 0.309902104701283 0.300552000382812 0.649277177138509 0 0.817115482671996 0.384922564943784 0.449841463923074 0.247526264413978 0.370048832799338 0.389199099243646 0.365260649174032 0.363019916246444 0.385069546567996
0.598376365679472 0.365545445758984 0.654154794537358 0.734672237825482 0.682232101482673 0.250528745905911 0.426883526555144 0.560363553568322 0.817115482671996 0 0.434836160819139 0.528355659145215 0.329294504286887 0.442441262905496 0.43288314723078 0.458866024300972 0.430369785260945 0.466726754010809
0.448619306428592 0.527688040557477 0.403019803367286 0.403583273200962 0.335109197245095 0.600754249501182 0.229550603131096 0.354478259747198 0.384922564943784 0.434836160819139 0 0.386703391159295 0.38319414013852 0.460612534705075 0.651035204776235 0.481336858780412 0.500019315582594 0.436026774117367
0.550346624161221 0.224532033042226 0.50007307095254 0.389357606848794 0.432482805855469 0.219198495874324 0.321680670859529 0.455284447528572 0.449841463923074 0.528355659145215 0.386703391159295 0 0.416605678699077 0.533642857961886 0.462838132111103 0.68132833462473 0.497129434470086 0.595961523303924
0.443872597156339 0.196430617200373 0.288203312291554 0.20170506125415 0.250908576355327 0.274419046951053 0.317264998120889 0.353642057473319 0.247526264413978 0.329294504286887 0.38319414013852 0.416605678699077 0 0.397934341835537 0.372793775703472 0.451204661697327 0.510681234767892 0.348669561440085
0.514827287638 0.289560551735597 0.382303204244987 0.308095721019693 0.336338517222679 0.240920775139647 0.343711991226033 0.407797003275272 0.370048832799338 0.442441262905496 0.460612534705075 0.533642857961886 0.397934341835537 0 0.544406707818197 0.744611888342067 0.459246434622868 0.819399831332925
0.479589909129424 0.425419946706267 0.429454150707985 0.339053256408339 0.30046029216841 0.499367198113327 0.251405842602117 0.554998836609961 0.389199099243646 0.43288314723078 0.651035204776235 0.462838132111103 0.372793775703472 0.544406707818197 0 0.534498119259564 0.528517743643967 0.558617518395643
0.545661509660853 0.227116464926299 0.447811684974132 0.339835521844214 0.363453536011657 0.264771609771035 0.312690188347155 0.422328227827135 0.365260649174032 0.458866024300972 0.481336858780412 0.68132833462473 0.451204661697327 0.744611888342067 0.534498119259564 0 0.524455482438893 0.773231131523369
0.479316688695624 0.327799934250405 0.391328153256977 0.400866219114807 0.313032915071367 0.309462543630086 0.3398569680536 0.434817447697175 0.363019916246444 0.430369785260945 0.500019315582594 0.497129434470086 0.510681234767892 0.459246434622868 0.528517743643967 0.524455482438893 0 0.397158857127661
0.543091898344821 0.272268902176539 0.416456645428809 0.292851092832418 0.387964481781254 0.293301167893061 0.38512009385273 0.448193880719145 0.385069546567996 0.466726754010809 0.436026774117367 0.595961523303924 0.348669561440085 0.819399831332925 0.558617518395643 0.773231131523369 0.397158857127661 0
