0 0.288399445673521 0.281457411788543 0.247469585863439 0.0568375480977515 0.0931977290328127 0.284379357076089 0.177690668831449 0.088629329325117 0.0504035079167481 0.316337402952948 0.221235035957339 0.308172762804491 0.236292248074556 0.198295429353324 0.202469179849937 0.35804045087562 0.277102672719491 0.331166932711625 0.290655090147313 0.0587418620307333 0.117347049009589 0.294862137759926 0.238058294261393 0.0755685512955757 0.164409837537854 0.201836427840452 0.233037047191584 0.249302631350844 0.18309036505384 0.295679410532571 0.189890027822221 0.214954680163578 0.107646976759595 0.174883634811807 0.0826589933914264 0.0964230192899815 0.0656355401798227 0.205159954309291 0.111490323794707 0.227923714894037 0.299969798797738 0.225691091383713 0.28942251911506 0.250598103834235 0.208454508411819 0.178858067595671 0.177711391258756 0.116147078124925 0.10519930166361 0.38877554267283 0.304831669287232 0.336315154377347 0.349938138985268 0.297542026430099 0.20656944758163 0.21383963255539 0.252534700797257 0.226302043158839 0.179600744535368 0.219479487542377 0.216075895853167 0.358200665245063 0.274193389907857 0.0413005753501702 0.059693476421156 0.115095777864341 0.141404460632219 0.126339865499057 0.126447839974845 0.138418261688711 0.125782268838282 0.202360659200301 0.253547125779143 0.224176885620591 0.232094529044553 0.162961818929308 0.166214460062746 0.187310917032423 0.153474052534064 0.110827322299187 0.121107849255927 -0.0451802775785786 -0.0378084623360472 0.0704639727771969 0.0450408615038602 0.118024328096593 0.076375241971227 0.22245061304964
0.288399445673521 0 0.243368955690364 0.242381979150037 0.094176321481455 0.1141143031974 0.248223295937041 0.190630730490329 0.120110054404829 0.0851292414199128 0.209397587693722 0.190970672647463 0.225967318738664 0.209498612343109 0.179349682495597 0.230123406529301 0.359168257832673 0.362745190300222 0.299274142418556 0.274101848163239 0.0388220822363673 0.0788308353310739 0.26028265213103 0.216818487058207 0.082317682300146 0.155311046455535 0.234377955557169 0.278209026468532 0.243193469846867 0.209588831177348 0.29033717461439 0.224332538969183 0.159464464262006 0.0990460946369865 0.190327863174428 0.110844073754506 0.141973145760236 0.0977133904260729 0.199988874842402 0.0843798761728935 0.291451328347528 0.310198577622179 0.238752051062643 0.279962526758379 0.260973759384034 0.244368687198634 0.190608334673227 0.180570835910905 0.147921126475466 0.158177870398856 0.372416890651355 0.372994598344304 0.278204514653363 0.340966894015497 0.210480787189285 0.16986386856017 0.199972476215478 0.249751822116412 0.142997692775229 0.162850908095431 0.224659178209003 0.228611616869104 0.389511142777016 0.315806428154907 0.0630762174700243 0.064576542451328 0.0851016672541361 0.116649911897679 0.0863953944329612 0.10914010345459 0.19335150756756 0.221041636403974 0.308165228271972 0.343206238396437 0.261537044268314 0.278153827270003 0.16676815441641 0.196353611721008 0.159285882363766 0.178098528303987 0.113359494803566 0.134305005319775 0.0204320892245551 0.0199426153103912 0.125569954864932 0.0712961017231018 0.167293620289528 0.111993373787204 0.193926385020168
0.281457411788543 0.243368955690364 0 0.304777649675644 0.106818428383244 0.1067309506398 0.388583753502068 0.250512919229815 0.18572247275131 0.10813477340319 0.213973415714819 0.161147192822963 0.323944468998853 0.23567265855633 0.251627915965732 0.272174915633851 0.324330092318662 0.246955280216459 0.348442004936786 0.242085282242119 0.0635938854648147 0.10687437781471 0.39270056276807 0.299064769399919 0.109342866532843 0.195295408224226 0.204698168036963 0.226345300528639 0.287646179951747 0.253186391656403 0.337516226363391 0.221591123140315 0.296399695757578 0.224605310033694 0.228920417557579 0.156128005169753 0.147745549542984 0.10454001664636 0.281122012250481 0.145523087435241 0.333513387087955 0.317451128201072 0.277649896448103 0.339304288575247 0.306639452709 0.277720112551511 0.229986827458313 0.243310703344975 0.165864000237704 0.179029425722107 0.322842390397511 0.296205273726979 0.344703770933364 0.337402679057109 0.239595954515756 0.157604482486164 0.210475829540137 0.212728894566873 0.3474504081642 0.260294329540946 0.317921395805682 0.283815858050704 0.376479729752126 0.352573182299199 0.136760228055563 0.151011812899243 0.143423451751203 0.165687976000469 0.121335674572881 0.144863025676568 0.212094059086384 0.224129694784577 0.281466223910385 0.302096638712349 0.263407069929634 0.273179225156779 0.205618569327699 0.229589852526678 0.274451384043127 0.249294175717184 0.156565315258907 0.179952356413547 0.085424666720035 0.140947798550379 0.0905984208639327 0.0951057266199035 0.166088945095805 0.148206436025385 0.219017661931358
0.247469585863439 0.242381979150037 0.304777649675644 0 0.118341996230647 0.121698671912186 0.333505821675983 0.300657899046691 0.191436113874605 0.163992051472162 0.16510488804535 0.165092289512375 0.264070151699071 0.247814698782096 0.203820330937466 0.269526582346242 0.29646280073437 0.253925925699058 0.306702556953501 0.259435830043114 0.0376987388651047 0.0861808675879232 0.337635008503603 0.264712905571217 0.0680757686360493 0.160494644084773 0.218929961147578 0.242661860603669 0.248636763455494 0.263100845650083 0.300733677453551 0.246676547576486 0.241518036728885 0.184630943699905 0.217081680992706 0.124168732448267 0.163192990633764 0.0967086018560863 0.218228882257748 0.110236857305146 0.307068499542448 0.297030306563957 0.286575850517811 0.32819390782882 0.282699108623205 0.273197376990138 0.239843064953474 0.237128974924781 0.173803548119633 0.177699793791415 0.290415599460912 0.283925863764423 0.292851621955118 0.30516776428938 0.226255515358226 0.198601284259579 0.196644582732599 0.239899944750381 0.264149108322599 0.270114188231815 0.295705276097646 0.289096140860053 0.342682809319863 0.319760388139714 0.137417046520831 0.136305245006017 0.120412145595182 0.150454058056407 0.112978421139901 0.11146915438284 0.232498527641323 0.259902311230541 0.290577679319529 0.296536461339229 0.241509092970364 0.265493730869135 0.190231876826807 0.200737981640522 0.211359538343719 0.254674828809273 0.140485470706277 0.181540799745652 0.13124707276717 0.151116504832376 0.144321581523552 0.103566508604995 0.210363185630212 0.187391168710548 0.183477757337715
0.0568375480977515 0.094176321481455 0.106818428383244 0.118341996230647 0 0.0660892475643817 0.134736185169122 0.122658288287866 0.126470615080779 0.10808505778683 0.0528095747249202 0.0548856881334137 0.0974712840243848 0.106958057518653 0.108815718896729 0.128751596619277 0.105374596939556 0.103786400265128 0.121503949159053 0.0657840200490049 0.0158321006647847 0.038798316530197 0.136922917811655 0.0814361437896877 0.0470748400750496 0.0382921630506097 0.0886514853513555 0.111614025704054 0.120772381208613 0.114205934918458 0.117408607731448 0.109366298633332 0.0542728401480818 0.0970067435876897 0.0875058270057137 0.0500142506308366 0.0819158755164449 0.0574892877974646 0.11478674612777 0.0274709424587073 0.128792825306788 0.10175820422796 0.139890519222975 0.110119832326278 0.101852400947158 0.10987120766259 0.0977143899427367 0.0781662135897029 0.0754632644941191 0.0784741454024737 0.0999799909401018 0.0809164996412007 0.0813306600514666 0.112057198989685 0.0774708796743608 0.0844738838768114 0.116655285535185 0.0815619172737124 0.0951308050006979 0.079720670915183 0.127619022106964 0.116675476073097 0.120178004740983 0.1376049213696 0.111927694551813 0.0790232359506607 0.0578848726437369 0.0648228590033672 0.0722377074187645 0.0773310248667458 0.108207364302859 0.167573614687938 0.132091475627913 0.141334356168519 0.129750893197928 0.122759326271546 0.0786939617692304 0.100640138935841 0.0900309410591679 0.117867697621641 0.0827938893631938 0.104967080730498 0.135053339207733 0.123186944540313 0.0949293725088562 0.0791966489999302 0.12273676991944 0.107800686846986 0.0814431660661357
0.0931977290328127 0.1141143031974 0.1067309506398 0.121698671912186 0.0660892475643817 0 0.107928983760227 0.147028735392859 0.0797657167828717 0.0772460727621445 0.0706533490630959 0.0636486971520211 0.112234748440089 0.101752687660959 0.0845382338840748 0.132777532647208 0.10396052500232 0.130266504520939 0.119756598577616 0.0986296623863528 0.0068367395707472 0.0330080566797504 0.103195481163209 0.105373081475062 0.0121180238776908 0.0553965087766394 0.0798284885206268 0.107229872647565 0.110400853343919 0.104798560844439 0.116341710985886 0.112581814422467 0.0833129208597523 0.0721334939583165 0.0834567569918196 0.0372316214384057 0.0590439630892659 0.032334788490001 0.076499439241287 0.0217997196585187 0.110639547203833 0.134121371957735 0.134690678362275 0.127494551253231 0.0852563184424866 0.0975160027985943 0.0744809981922375 0.0821255055750067 0.0326692455461659 0.0407177777146572 0.112414507515843 0.102033618935566 0.0953512730984642 0.0963515256535373 0.110488735641311 0.109444458078209 0.0946667498173112 0.0896141839637643 0.101300030960735 0.10442346403242 0.105845670731978 0.0950305371239087 0.103200183815565 0.114745740960885 0.0518779641070754 0.033812234483289 0.0370209370219994 0.0541569544786598 0.0443490545536792 0.0535202281286641 0.109384452557611 0.116062857118779 0.107760108966264 0.131287168498848 0.109646015974697 0.108307032938509 0.0812243241524885 0.0706980965102237 0.0832509430526036 0.097742607761865 0.0532415598066928 0.0774429215047994 0.0508412039427684 0.0610240084679435 0.0544573714616255 0.0544094823719335 0.0801720521013197 0.057323315934639 0.0720642495106335
0.284379357076089 0.248223295937041 0.388583753502068 0.333505821675983 0.134736185169122 0.107928983760227 0 0.338533721275248 0.221094350096229 0.156675392464031 0.211054763365946 0.183537347825925 0.355949073761723 0.263397474789713 0.258786001495299 0.291544837829595 0.317643183836486 0.259004926920646 0.364566052536824 0.261828237719181 0.0582394238382626 0.109699222484984 0.398170927530767 0.296989407361678 0.0863533517915691 0.161026782219661 0.226781119071954 0.250799158067596 0.291183703048256 0.276322040537063 0.354727247117756 0.258984836950539 0.274731766272285 0.206722759661273 0.210926160360799 0.134287386638953 0.144423285723612 0.106392135419856 0.251630228826761 0.154569572427696 0.338240498090817 0.315004461533448 0.305618296191052 0.3351465096974 0.28758182960637 0.285713488042588 0.251655049316653 0.253101235781528 0.161963444683663 0.185657114153887 0.326338583299302 0.278590850817593 0.339230415817641 0.33529005152796 0.288210456244825 0.223709741147261 0.265100855119392 0.225389097174879 0.372900363725621 0.310832675959956 0.345650574588844 0.301615358979869 0.386059390303841 0.357724488253771 0.180912563684011 0.1653716419095 0.14648314612044 0.196534902850608 0.105011592081466 0.158772259691881 0.24910559267808 0.248759001859194 0.296749172919998 0.309765721955249 0.284571884036129 0.267914596947982 0.205965166400924 0.237999533229813 0.288862539114415 0.281785314993947 0.181820969370758 0.20783861128662 0.171916025060462 0.212061688496189 0.142679986316765 0.153175537373884 0.230854676055839 0.206641694140414 0.232065523397382
0.177690668831449 0.190630730490329 0.250512919229815 0.300657899046691 0.122658288287866 0.147028735392859 0.338533721275248 0 0.19274333458716 0.221017795141952 0.147191017347164 0.186073261086697 0.251467617417376 0.240641609921325 0.158712423107588 0.23406495356516 0.253787608837373 0.231548405446628 0.271036411470588 0.215572260390857 0.032785851627688 0.0518243251607349 0.270782073562837 0.209612561188565 0.0245757690391678 0.0804786571951921 0.193049916484816 0.231339765887239 0.230690714690029 0.247894201631256 0.286126973065717 0.275833566065702 0.187052531443943 0.129341781800293 0.187580178601445 0.102257048562202 0.128653843999039 0.0671093138179828 0.160023084050667 0.070998194692083 0.26921808852488 0.246068677650175 0.28224957624988 0.267124391471689 0.207619083192312 0.228724350460939 0.231971501001586 0.232970969995518 0.164775199027984 0.174091655700059 0.22582326193977 0.207928815282807 0.246197476377992 0.254961438925196 0.262130541453594 0.280364748169716 0.20611731944409 0.239230322980419 0.250491997177117 0.305859978321875 0.280339855072579 0.265038104240387 0.276740296337148 0.311606421023086 0.14994247428926 0.148737275795012 0.0981850847631886 0.138138651671493 0.0773644544281119 0.0879522390336011 0.268745782912661 0.268662344862318 0.2659287675109 0.268558682843886 0.219673661601628 0.227106120963812 0.149772613725711 0.176286232328046 0.191802060269882 0.219580999141415 0.142056893555956 0.202480677593099 0.245987698469136 0.22727062136937 0.179719920332959 0.168518699274205 0.244466137849044 0.222564319600842 0.171806107026994
0.088629329325117 0.120110054404829 0.18572247275131 0.191436113874605 0.126470615080779 0.0797657167828717 0.221094350096229 0.19274333458716 0 0.225947058848403 0.0945869026029779 0.0709979579925738 0.185020659624584 0.174995683282594 0.243275221096639 0.250404305159584 0.167203895128908 0.185491266721708 0.210009141930172 0.141162207945008 0.0256448252908804 0.0428639011100698 0.22329005697328 0.152510778383829 0.105040060684411 0.0956577629786127 0.161865869472785 0.163827988956066 0.158774608400359 0.194916307073809 0.178368782507729 0.151786093321353 0.135309682103427 0.160947148955583 0.147702345222197 0.0998214807386027 0.164161058973095 0.10838475256889 0.194933593403495 0.0337236622677326 0.183396073195645 0.138996679299806 0.16898847860696 0.141094550385908 0.151128856633008 0.145053661841242 0.107404016670022 0.113331296173212 0.095248112276431 0.13167607582408 0.151650060850353 0.14180075763453 0.155745906387099 0.161596073344704 0.122873126499313 0.105340468738242 0.155209384035882 0.109411227446235 0.251073790771231 0.175012755804767 0.200073057586189 0.168939957719004 0.212468274830833 0.190336251134898 0.127371087318213 0.122996187926454 0.061540663946728 0.100639407455613 -0.00843786153556666 0.107103670992445 0.113131302068651 0.212338333944516 0.205986487581049 0.20692341486088 0.202308023922921 0.198374673796378 0.187024659644872 0.230420872781733 0.184437033158718 0.162212470158942 0.141919460094729 0.134713470595036 0.157871982452226 0.156592509515526 0.0861151628629571 0.0945327330517025 0.145216949191437 0.129332913472112 0.121680246794721
0.0504035079167481 0.0851292414199128 0.10813477340319 0.163992051472162 0.10808505778683 0.0772460727621445 0.156675392464031 0.221017795141952 0.225947058848403 0 0.0692965709324869 0.0491171315761066 0.132267407454478 0.138410849803382 0.151832320727048 0.208909770299994 0.117006436716955 0.174885876601523 0.145271587753656 0.0892514695016855 -0.00255972868943594 0.00390690918105522 0.127945862274379 0.104047435484463 0.0512978116805123 0.0336751858008364 0.111038599706442 0.163481248044149 0.116429560637787 0.172383080554568 0.153792561238082 0.142867387122822 0.0917184920413064 0.100758791549684 0.13754398257843 0.0687675485819174 0.126055400513364 0.0875322858921335 0.0757753120218515 0.0264498676331516 0.190554363812879 0.105381468166195 0.188669434956853 0.117620779587494 0.101877505992116 0.138073542375289 0.12490201661978 0.133363709938855 0.0905807567242019 0.125625222031169 0.114402373980328 0.115862156737586 0.107805888008385 0.0915019977147792 0.10708221804332 0.147829316787635 0.106083594126333 0.115372576338678 0.190238731076526 0.193778523647187 0.173095513160713 0.132291578307489 0.172791941508104 0.180101867570908 0.139772476520954 0.111693880332589 0.0576452328962254 0.0801503557879269 0.0108727095621684 0.0524690427777347 0.167363791501922 0.242498028229326 0.1863036774098 0.224177250585091 0.154326994193373 0.141093068776093 0.131382623250595 0.150885840109524 0.154151589022605 0.154774250942756 0.139452716193857 0.176983289162323 0.227633800842724 0.210075406459418 0.130463344135742 0.133325992082947 0.154065438706736 0.182059812411813 0.0582420672631177
0.316337402952948 0.209397587693722 0.213973415714819 0.16510488804535 0.0528095747249202 0.0706533490630959 0.211054763365946 0.147191017347164 0.0945869026029779 0.0692965709324869 0 0.268760751607775 0.325515931611265 0.236602862382844 0.206194946373933 0.182511553575813 0.207976405203686 0.149034950530777 0.257737962768575 0.219746345436847 -0.00107054625015891 0.0363625317955351 0.239675842132518 0.213996325664859 0.0547649763743421 0.125765791643119 0.122758780968815 0.135780833933128 0.138691022188078 0.110430824397764 0.157172578144199 0.0689200186357371 0.137405487793355 0.0635145694594038 0.0961284214407525 0.0601914024977826 0.028718358588012 0.0430224924907893 0.146338434098637 0.0305443803319093 0.076462882576175 0.147163450660151 0.0671522532714524 0.151179562389104 0.139969938375343 0.0803708439277437 0.0521450488171185 0.0754865131401832 0.0453250102701831 0.0511176813103356 0.231277852442968 0.178320142938488 0.20822668138248 0.228239266135666 0.241824742119069 0.183956517034309 0.211824860705282 0.188144525035687 0.195841268855488 0.108366324753755 0.0726886332300568 0.0775572425908276 0.181992915386919 0.128193454545558 -0.00768525871768033 0.0408878457649655 0.0842600838284098 0.0934023936234131 0.0346310133789646 0.148202274765898 0.0222517557801244 -0.0136899074387123 0.0587202697656518 0.114732417699782 0.156211388383061 0.161380629088018 0.133880176445856 0.149106255284808 0.176609123203855 0.103512352086873 0.106833828494651 0.0821338432439974 -0.0854010049694278 -0.0500220766737877 -0.0224579405322776 -0.02732382777576 -0.0154985070774654 0.00417321409177254 0.125086500320843
0.221235035957339 0.190970672647463 0.161147192822963 0.165092289512375 0.0548856881334137 0.0636486971520211 0.183537347825925 0.186073261086697 0.0709979579925738 0.0491171315761066 0.268760751607775 0 0.239005061713459 0.331863324919432 0.138342246062323 0.192867058666105 0.183261185534079 0.162648445371106 0.212710932013648 0.240125107734259 0.008151654633614 0.0306239675983784 0.213628779655052 0.197544912512483 0.0302197772897176 0.0998930873545881 0.17595198270814 0.200818299826454 0.160679458934323 0.154681192415879 0.158698001535523 0.140679258383162 0.0926684123314052 0.0179902169073608 0.102885828692127 0.0590458649212501 0.075180145307201 0.0338289449656282 0.128139103240063 0.0404120250341131 0.127135897365349 0.168883189449881 0.10644774164061 0.166313079207972 0.151174513418343 0.121949014059774 0.111273833072673 0.134284859924793 0.0980016724828625 0.117832922714007 0.181535820242034 0.14013630138235 0.156332899045161 0.185054498097933 0.158208145113463 0.146003996440624 0.186883713990137 0.2344433902069 0.0546138842609982 0.10815942448839 0.0981827430408162 0.127665467198952 0.156456567876151 0.160200873669472 -0.00387050695525502 0.0343805969086578 0.0251073044471248 0.0582690699668798 -0.000783200493025409 0.0746449495876186 0.0851556297490847 0.0806262141069398 0.10198175709796 0.154399426019225 0.175360968811821 0.181974148999654 0.124873136791185 0.138755645855953 0.120366121920737 0.171641532658474 0.0617021588282254 0.0915090008055559 -0.0305514649657602 -0.0109959513347739 0.0246858096703436 0.0145318791558952 0.0539031526269933 0.0377287412541415 0.132734049590083
0.308172762804491 0.225967318738664 0.323944468998853 0.264070151699071 0.0974712840243848 0.112234748440089 0.355949073761723 0.251467617417376 0.185020659624584 0.132267407454478 0.325515931611265 0.239005061713459 0 0.334676079598595 0.308289411063405 0.31844078758772 0.285852880878407 0.229369405653927 0.351347961908615 0.282166349939047 0.0469542684794882 0.0949488838861085 0.367507529476653 0.284454286657417 0.10044566324672 0.182831089972078 0.198169798402157 0.234652260021378 0.254732097702185 0.22718582923303 0.272630221862826 0.185400244259158 0.243071553159188 0.182208020216636 0.168986283167154 0.101703100839495 0.112204893710245 0.0787002291441135 0.187655550924521 0.0919725186625524 0.247223536991454 0.262506155908583 0.204034059466451 0.276994686672689 0.234795446573019 0.198724028151934 0.151519735617487 0.150165012921417 0.104513825673954 0.117886645908963 0.305897957113954 0.249128231770934 0.265680615406831 0.274547598080345 0.290417343203359 0.204964296245242 0.299703675203919 0.208362360390902 0.364295823388364 0.226058633933955 0.231513555130439 0.201498352803017 0.301424293317661 0.285794839954427 0.0825273205018811 0.12595841029721 0.107919963796865 0.14734602071158 0.0814346356546596 0.168837895603264 0.162721394171136 0.172624769950494 0.220658708338055 0.255718011809221 0.241173318162191 0.264059063243514 0.23210522550957 0.241842259593023 0.317631517526491 0.236783534984853 0.15491264574175 0.138344490295978 0.0415911949642749 0.0922593849957026 0.0319419516792912 0.0590839383063035 0.092766735741285 0.101218172553462 0.219416200896626
0.236292248074556 0.209498612343109 0.23567265855633 0.247814698782096 0.106958057518653 0.101752687660959 0.263397474789713 0.240641609921325 0.174995683282594 0.138410849803382 0.236602862382844 0.331863324919432 0.334676079598595 0 0.262032178069453 0.330936062028137 0.25078392225206 0.213891819629204 0.283531604818447 0.272487378041465 0.0363237480122671 0.0726245977778471 0.324241714286328 0.267370334610134 0.0868821946122877 0.166704311540222 0.199748806459718 0.260176416980226 0.223131411183819 0.236392836431975 0.236027121380942 0.203112344612794 0.19008983087163 0.142275673176705 0.152778704555776 0.101168329141949 0.140575450658487 0.0973672336508215 0.185618545876767 0.0757394710868088 0.230376329778087 0.244511678286695 0.208863584457741 0.271547018922477 0.241975534131962 0.221185812817127 0.158597557296321 0.169955219744789 0.14163375417776 0.142788183542139 0.246224835862187 0.186463038651864 0.212227938809487 0.21349832140835 0.186997043509758 0.143666577830382 0.244021556519548 0.219423393779796 0.209143275911963 0.207621927821483 0.20301165659193 0.214006293133108 0.254160014813325 0.256414777290556 0.0554840075068375 0.0844100858328763 0.0396397044922537 0.0800033765538184 0.0543023559846009 0.108102601086596 0.161029744767234 0.18795098442109 0.234293633224731 0.268381021421403 0.268462323849518 0.287365258656975 0.207624089620163 0.230701117972225 0.228049177978251 0.257566296829431 0.120878725080971 0.146876273345775 0.052723285662598 0.0551358661992244 0.0463617469453983 0.0514242535373781 0.122715761287827 0.101647888641124 0.180275636545573
0.198295429353324 0.179349682495597 0.251627915965732 0.203820330937466 0.108815718896729 0.0845382338840748 0.258786001495299 0.158712423107588 0.243275221096639 0.151832320727048 0.206194946373933 0.138342246062323 0.308289411063405 0.262032178069453 0 0.317890589279472 0.210705541501528 0.196996126310541 0.288889011184556 0.203517706551382 0.0210823495732873 0.0656264248699228 0.333236979103604 0.237760624223682 0.143903138717445 0.193309340867962 0.163074115354562 0.201071222861104 0.196270339513503 0.18741439356037 0.197952648069784 0.131584606345543 0.191361967166152 0.175972276741961 0.123609771403146 0.0962156027811266 0.140425613208596 0.115304179192435 0.187679774731145 0.0438326450704289 0.210157003939744 0.203280974187714 0.157435004863109 0.191658996543351 0.207289016305017 0.170033930521769 0.0976416426270175 0.0971962401567612 0.0913828665589207 0.0947488520315368 0.248006946428613 0.198179331780613 0.200245919069415 0.199686408585121 0.168451654581624 0.118349287096094 0.239064473539864 0.133037162552941 0.320950787904937 0.139505073181233 0.202315325163163 0.168424758838194 0.267041423812389 0.221081415194212 0.0780904202916093 0.0954975764789363 0.0979646246085081 0.124447939357565 0.0416361236517912 0.13717215842208 0.103497877584571 0.169647919845251 0.224428687897936 0.236014631545121 0.246320029854493 0.261492421504256 0.242637238343179 0.266895719060294 0.303516398125809 0.202100683921303 0.164167927848552 0.113842243207256 0.0632416341983022 0.0945828013861733 0.0224378739564382 0.0522631561932915 0.0876102772439666 0.0862458711802501 0.123329549138511
0.202469179849937 0.230123406529301 0.272174915633851 0.269526582346242 0.128751596619277 0.132777532647208 0.291544837829595 0.23406495356516 0.250404305159584 0.208909770299994 0.182511553575813 0.192867058666105 0.31844078758772 0.330936062028137 0.317890589279472 0 0.29094473823696 0.276274686032297 0.312178922306813 0.261574416161863 0.016190448010346 0.0910086764506695 0.360150075070749 0.296957426953048 0.136334083924357 0.220910733380938 0.238868766999317 0.290021298282877 0.267817198504282 0.286657877096298 0.268522450720899 0.207539366410014 0.245571125936866 0.201807307173956 0.185580674472277 0.119490682902385 0.18983109708605 0.13519192544811 0.218799332279673 0.112709670723616 0.312978991520262 0.314636147088913 0.257276247968082 0.312092323694432 0.279839164092054 0.277387659212094 0.150892451624073 0.158359771022286 0.129245059258202 0.15374544468017 0.290106254420802 0.262802130850791 0.232732603774047 0.233742604902214 0.1605795210805 0.122598907208603 0.215255862769789 0.160059359788869 0.285406667037575 0.207624260801993 0.275441632785208 0.242443660028164 0.324421093946381 0.301301323607164 0.117298701663186 0.102731171613657 0.0670448582357612 0.11502456200405 0.0570423650782584 0.130370911349119 0.172191958816449 0.241655468927024 0.322857056263336 0.346212920519561 0.297964417580004 0.339612024894873 0.24616304566775 0.288005293990765 0.284730783602506 0.267029521850363 0.144685171136802 0.143735150591707 0.102880720939919 0.107984631024075 0.0386490441272169 0.0612699132284356 0.149952430505155 0.103294606886918 0.178610250623586
0.35804045087562 0.359168257832673 0.324330092318662 0.29646280073437 0.105374596939556 0.10396052500232 0.317643183836486 0.253787608837373 0.167203895128908 0.117006436716955 0.207976405203686 0.183261185534079 0.285852880878407 0.25078392225206 0.210705541501528 0.29094473823696 0 0.505169783092763 0.404688107683751 0.353180274587027 0.0739843838947892 0.130516923272979 0.342464259248741 0.253676370729467 0.116388776199529 0.232486553914396 0.373726282343866 0.430724599538142 0.398154514696203 0.332698970932659 0.423526373193917 0.347110318277061 0.234951147618142 0.185043784154644 0.267235348164527 0.149955587075941 0.201091959550606 0.136352844352448 0.277290180705639 0.166297522822422 0.371465421729355 0.40372828044068 0.356053491821121 0.393137735585978 0.364407579126232 0.343021506166291 0.223926502008103 0.215822144459112 0.172942207310203 0.161741247987827 0.494607801784115 0.441733561340674 0.372513109748863 0.429202981854187 0.235757035184107 0.174419173047312 0.260777178367901 0.334541232759796 0.219510000460684 0.205136371041859 0.355994938625736 0.315245902620666 0.556109166296826 0.454228849904912 0.149602795075727 0.0878171965266303 0.141462272752641 0.200880291354803 0.147512841676106 0.160892116312323 0.25526322023063 0.340760952718148 0.492613969879714 0.531203849375151 0.434796963767713 0.400515368608719 0.245437940462083 0.256285510848818 0.22204934798248 0.23227284779978 0.164788914838248 0.189999979342059 0.0290484127854006 0.0629700569126114 0.17893753600855 0.129264758242854 0.237697979600582 0.172908091357295 0.254882752905636
0.277102672719491 0.362745190300222 0.246955280216459 0.253925925699058 0.103786400265128 0.130266504520939 0.259004926920646 0.231548405446628 0.185491266721708 0.174885876601523 0.149034950530777 0.162648445371106 0.229369405653927 0.213891819629204 0.196996126310541 0.276274686032297 0.505169783092763 0 0.394594577618204 0.31815192034456 0.0770311249823253 0.101900976075491 0.27740843351307 0.216984812878173 0.0891452653512231 0.206056072539246 0.351988404660608 0.461527751974432 0.354003951082084 0.326811064535562 0.381451531326414 0.330049663797424 0.134398531628291 0.159071433476874 0.266749701546765 0.16355573058202 0.212822132078992 0.139081328504869 0.240135866061654 0.128490174370127 0.363201851159669 0.347906416904937 0.336933401513809 0.329570958575676 0.299931816780455 0.293237697219418 0.21150077502774 0.203573876091218 0.159635425020893 0.159746519093444 0.440023799865438 0.429426236899961 0.298778955378297 0.372108905103693 0.164244846158647 0.175427766869052 0.255853120743979 0.348802658214606 0.15064986729527 0.190041369882425 0.305007130707131 0.265138085922206 0.501918076938504 0.433564047324482 0.164874024834689 0.098724691218862 0.130383420801066 0.174868821788441 0.0957601063594164 0.149415687927205 0.27422951152442 0.385882710178246 0.499170727684115 0.553889838052834 0.405950947070023 0.406781298481215 0.233550858594077 0.261329551830998 0.181526900172188 0.210877858451396 0.163461242881878 0.198411828730384 0.0960896462280314 0.120826007185773 0.204021579593734 0.162293665931937 0.254614023272845 0.196703879684243 0.229058116846485
0.331166932711625 0.299274142418556 0.348442004936786 0.306702556953501 0.121503949159053 0.119756598577616 0.364566052536824 0.271036411470588 0.210009141930172 0.145271587753656 0.257737962768575 0.212710932013648 0.351347961908615 0.283531604818447 0.288889011184556 0.312178922306813 0.404688107683751 0.394594577618204 0 0.333877282674335 0.0756279964313841 0.111631958390619 0.390408971415321 0.276832957139179 0.0910635469504709 0.209369971936351 0.324700927623495 0.356283296989023 0.346092763776021 0.304245809186519 0.388989302343985 0.29417371505634 0.219847036121202 0.183452944718305 0.259929923112414 0.16240963166092 0.193891286861668 0.133876419494133 0.263903196996715 0.126708720179009 0.343904352284776 0.363873758911876 0.327443377674262 0.352009078775167 0.329730808553507 0.292181334323625 0.22612979711396 0.223169269243721 0.153817780446917 0.177968368146451 0.405172879972053 0.356361974682411 0.349054486483962 0.354420882194596 0.238139472621813 0.186370810433633 0.288953491344749 0.275018815257641 0.292566412499981 0.2289667987335 0.325835668830248 0.287918849011762 0.483682532086713 0.431220931925513 0.159443903480695 0.133521364729237 0.132468396701139 0.189504202420365 0.133200259795027 0.153593847267995 0.221040558752258 0.321466327990202 0.374580258255931 0.440343832411787 0.35374270649182 0.358095908844816 0.255593247581587 0.268916978759607 0.274116243041334 0.261713352627783 0.163749797577905 0.193892066119107 0.087607493482254 0.111138154553705 0.120595216634863 0.130494601284367 0.193595061481272 0.176639531026761 0.267410989094888
0.290655090147313 0.274101848163239 0.242085282242119 0.259435830043114 0.0657840200490049 0.0986296623863528 0.261828237719181 0.215572260390857 0.141162207945008 0.0892514695016855 0.219746345436847 0.240125107734259 0.282166349939047 0.272487378041465 0.203517706551382 0.261574416161863 0.353180274587027 0.31815192034456 0.333877282674335 0 0.0359483213192167 0.0961082423918777 0.295364482209175 0.250127277751939 0.0915535046696324 0.166562351517768 0.270215793616979 0.317471796301243 0.278029556356592 0.251111567278506 0.31627335686611 0.238724507353971 0.165772917276962 0.121760287111223 0.189341589788478 0.0965923687710036 0.133763801968169 0.0957463286542465 0.186689764462162 0.0997854516596318 0.272804209705987 0.309703643635595 0.249494224909221 0.29687991596131 0.294631537139735 0.238165010504322 0.167616501336428 0.134818635255484 0.11455260250053 0.128209271946259 0.33606344593952 0.316125555369083 0.264595591650017 0.283863167569474 0.195525806169677 0.127847149985756 0.220551176054488 0.242179469679102 0.155412721250747 0.147848206417266 0.225920279510681 0.21131874780315 0.384385071826782 0.32799096686491 0.0460043888245116 0.0559264459034564 0.0691787316834424 0.138725128106879 0.0684355462577111 0.101308140212517 0.133229349181561 0.214246531982536 0.276030326312884 0.332507922626523 0.278086287543254 0.296512911182305 0.195628195532861 0.209862015871768 0.18410490151285 0.186370689977047 0.104829410574748 0.116309457483972 -0.021208122831535 -0.00429596730127319 0.0648064253457114 0.0620554130958748 0.125694675985666 0.085374264220669 0.224264148172257
0.0587418620307333 0.0388220822363673 0.0635938854648147 0.0376987388651047 0.0158321006647847 0.0068367395707472 0.0582394238382626 0.032785851627688 0.0256448252908804 -0.00255972868943594 -0.00107054625015891 0.008151654633614 0.0469542684794882 0.0363237480122671 0.0210823495732873 0.016190448010346 0.0739843838947892 0.0770311249823253 0.0756279964313841 0.0359483213192167 0 0.0681839672465376 0.0547791607840333 0.0277835496210848 0.0444771597483258 0.0533208161810807 0.0318210718454374 0.0572206809845161 0.0617375362526179 0.0441544575918724 0.0566023296942549 0.0435294406703508 0.0171436407904949 0.074159069283456 0.0738032815886626 0.0780342139572104 0.0457233726109194 0.0279810787457447 0.0640012557981853 0.0410037372310012 0.0903384202550868 0.0719611650271233 0.0839970916657439 0.0757037404060444 0.0479374394682122 0.0564322261499148 0.0713140029169493 0.0572995801882514 0.059320430923491 0.0333746152676887 0.0693608560862342 0.0459152467263008 0.0786738049409682 0.067514984522654 0.0367933479551889 0.00893205471736909 0.0368525073821077 0.0580121164602333 0.0408708039467799 0.0336972173688511 0.0814064812979283 0.0618785729286612 0.100373600088839 0.101144543227482 0.0805492829075995 0.0707895178077516 0.0700442460472423 0.0479587780331021 0.0505181130113596 0.0200244927564819 0.0384576233007654 0.0735140819657368 0.0989506811954012 0.0751915402605142 0.0911927487263697 0.100538846348848 0.0552364184326972 0.0581480735584559 0.0544351806368777 0.0689166371148702 0.0440081139282697 0.0435699314625789 0.0525439208971393 0.07366896710996 0.0315879597771783 0.0416745036202127 0.0489577279209256 0.0707932307650093 0.0404913611979611
0.117347049009589 0.0788308353310739 0.10687437781471 0.0861808675879232 0.038798316530197 0.0330080566797504 0.109699222484984 0.0518243251607349 0.0428639011100698 0.00390690918105522 0.0363625317955351 0.0306239675983784 0.0949488838861085 0.0726245977778471 0.0656264248699228 0.0910086764506695 0.130516923272979 0.101900976075491 0.111631958390619 0.0961082423918777 0.0681839672465376 0 0.117177455847035 0.0966567726359776 0.0407932682146717 0.0871078494590266 0.103479356391748 0.100474059208386 0.126566165277233 0.115946838109957 0.133867442242405 0.110181399765744 0.0870038666987972 0.0905099208801876 0.0705147060480488 0.0251232093241594 0.0225147677632607 0.0321624448983556 0.110501688500813 0.0926456338131074 0.11143750232793 0.12632199185233 0.116523869159919 0.128104463322792 0.101456893829245 0.0827660323127752 0.0452373288701088 0.0239850157022923 0.0414934884391301 0.0231007608957033 0.109737394527161 0.0871359505319796 0.0930179087838235 0.0972991333305678 0.0499568678238797 -0.0069278845253771 0.0729263770575606 0.0547024409358849 0.0670316596724355 0.0076404138878594 0.0958243218808185 0.0796550706252807 0.142477835284153 0.105050630539349 0.0716155869295716 0.0451298275795363 0.0931007390113611 0.0868984317388645 0.138364019650768 0.0976139518604505 0.0795401666279814 0.098376161860084 0.149330902361222 0.127419580215503 0.115920559089173 0.103433432427637 0.0954253296488251 0.0520363350013786 0.0856793914227684 0.0733127874373315 0.0370194524044266 0.0342404816026133 0.0354172122551554 0.0353757631676804 0.0365059039614274 0.0275413236515269 0.0662872120646415 0.0450573453159853 0.0981358155709854
0.294862137759926 0.26028265213103 0.39270056276807 0.337635008503603 0.136922917811655 0.103195481163209 0.398170927530767 0.270782073562837 0.22329005697328 0.127945862274379 0.239675842132518 0.213628779655052 0.367507529476653 0.324241714286328 0.333236979103604 0.360150075070749 0.342464259248741 0.27740843351307 0.390408971415321 0.295364482209175 0.0547791607840333 0.117177455847035 0 0.370441281359459 0.149169780644896 0.240584817692343 0.246056554379455 0.293772137479444 0.350052864446924 0.330675179091217 0.365601767290748 0.269563886408139 0.329054415851333 0.253704489363818 0.233352040210023 0.152400019753736 0.184546888048831 0.125404902379841 0.300027911085692 0.157771195814905 0.350707060942129 0.365126792205206 0.314968329044201 0.371808651487989 0.344195491801527 0.293529756032893 0.202390947189879 0.192484288544535 0.164412769396919 0.176976350360946 0.361794935278951 0.305761323267257 0.316887507866373 0.323325708140238 0.229068488331688 0.146963906739113 0.272563853609185 0.232344706424345 0.3624462138937 0.217987209944569 0.335494585345152 0.291767501882138 0.420531903101024 0.373925821343016 0.169091190237294 0.179463906224442 0.126310681468694 0.196612893683448 0.109454961916427 0.180281770511069 0.222966994108137 0.260084555874749 0.323021794975848 0.343897414134947 0.315614565727461 0.340425406962878 0.246707374160706 0.278794409202301 0.324411854791183 0.312557573376838 0.168437511030245 0.179018019907418 0.0811863840843363 0.134705043973559 0.0859141749356609 0.0822881574286575 0.164193029722196 0.145610903794128 0.249482384599492
0.238058294261393 0.216818487058207 0.299064769399919 0.264712905571217 0.0814361437896877 0.105373081475062 0.296989407361678 0.209612561188565 0.152510778383829 0.104047435484463 0.213996325664859 0.197544912512483 0.284454286657417 0.267370334610134 0.237760624223682 0.296957426953048 0.253676370729467 0.216984812878173 0.276832957139179 0.250127277751939 0.0277835496210848 0.0966567726359776 0.370441281359459 0 0.072476599432154 0.208163018555227 0.164884030997068 0.20049603156776 0.248933502838772 0.256374423195672 0.26944944368041 0.182109956935279 0.305315749555669 0.209018553723742 0.157937614301112 0.0923121567626288 0.129187404571781 0.109033526874652 0.210941641201909 0.124360209682037 0.243161080520482 0.288252376629236 0.233578424382882 0.292591148991438 0.280669659027632 0.234362717334008 0.132642969998349 0.142555563387022 0.118012669737436 0.140925485181822 0.284405634869879 0.248520152192967 0.24740379897973 0.235370623671773 0.192262890104898 0.130111672506819 0.182017273950116 0.178451893947031 0.275173231426589 0.188665912836268 0.2462640607145 0.234227112878869 0.293604207626591 0.246983207341083 0.0813625118882179 0.0972334204396105 0.0854129439997431 0.111516651706548 0.0847840035851782 0.107811949126917 0.14696439741651 0.154571606960112 0.235373075934106 0.243908781867099 0.211905419787721 0.261476855113487 0.173957640370428 0.194198596326728 0.228597327868898 0.22108745799552 0.106755143733844 0.127279986521672 0.000133759466823628 0.0484959384788407 0.0338308191887438 0.0262306259429351 0.100488493040134 0.0672986907299967 0.194463588188961
