0 0.865428477985348 0.67655128342376 0.629995726636429 0.342944934610961 0.377357569181244 0.730555607570203 0.648457270558866 0.501317470625895 0.463848760424551 0.897725793863436 0.805664873240998 0.81579357189011 0.754763811493078 0.583737779031684 0.470420783209083 0.840592385828672 0.892043561646177 0.817835360161619 0.674139102007019 0.396590508439479 0.469885210187781 0.431330607911764 0.498983473158059 0.652666049962316 0.572825419487055 0.749957339376077 0.826133081911217 0.426847782114681 0.500335211220107 0.673611739599014 0.699198033197017 0.391712194993252 0.339888330972617 0.639703880637021 0.505768539364904 0.657503547138125 0.607669985935838 0.48977148316582 0.186945488662605 0.63377318877779 0.638035499832107 0.716436474184576 0.739276151007401 0.754751760248531 0.72568069288243 0.681056035437163 0.641223625933057 0.818194794225546 0.768964500860872 0.925095967596841 0.899932051574526 0.784043936967044 0.802104003438934 0.805803622388864 0.685065682179484 0.820919002025568 0.822789467689416 0.398468123464282 0.579115125239573 0.606975096810051 0.604477529909044 0.829149675496814 0.741284660390517 0.242154323284791 0.0161784583815653 -0.056244883158073 0.0574498901013309 0.0676905567731753 -0.0767507613530085 -0.262395000164178 0.254930938255518 0.618920220701654 0.685499480085884 0.864845999874108 0.827678814245923 0.69187394654921 0.740730855395926 0.714438661539433 0.795749099614267 0.741963624603367 0.745918347081052 0.047040958335087 0.0928929398625271 0.529757142710766 0.460097701949745 0.177475394046978 0.310646189279747 0.491489554897626
0.865428477985348 0 0.581230311497676 0.471895866158203 0.208021169009166 0.199660651245576 0.52691927639823 0.434358805844233 0.348660452364624 0.304342684372758 0.799764030246193 0.702696931123037 0.700006896274728 0.61308884706457 0.468932693343842 0.396499123759405 0.777646786317361 0.852964823112968 0.746172709914585 0.78481296368114 0.403680263313262 0.370917303801148 0.303064095720321 0.400321886271729 0.589481140253699 0.461475091936646 0.684343371514648 0.734710845992158 0.223457856501315 0.302935659485126 0.445187512622586 0.520495269865456 0.173933143900807 0.0713110210527932 0.446416867923594 0.440508971455487 0.472972930281337 0.549267035546348 0.540678050926244 0.329044384540723 0.451429337987332 0.464018791358842 0.587792324776945 0.600138750261128 0.635085060067963 0.599083605753244 0.53898589285685 0.509166883914634 0.674407677122114 0.733994118384315 0.871819199745218 0.898541836022356 0.57487829213637 0.642646427797939 0.561606249442069 0.497760340550238 0.69342718105977 0.699180999505261 0.251951764251678 0.34225946364236 0.367897901305142 0.34415145287518 0.839478295656801 0.810679779429946 0.177974458870895 -0.0354667317412595 -0.00503573993857441 0.137871607053399 -0.0352444678620507 0.0344824506703617 -0.264161107934275 0.0895132762573057 0.61926380411264 0.51754746996285 0.792673148627986 0.785895115413744 0.698776934971556 0.722063903718821 0.658563601456433 0.664210961638639 0.644760734691359 0.575572648863839 -0.119291100283867 -0.0949821302407974 0.341779436441854 0.297560045409999 -0.0350422307363516 0.0735511873012017 0.33209349186567
0.67655128342376 0.581230311497676 0 0.759588301402284 0.539308269334789 0.290730705210701 0.81180733443365 0.573992297916742 0.523065041399579 0.358573716943718 0.550182364307663 0.507261922094109 0.655910955659069 0.527165142664777 0.672770860300928 0.545412742114205 0.672690982172978 0.645608919293205 0.663467633433093 0.422023583155427 0.545264512040048 0.628120310805475 0.718228036813278 0.683783120724018 0.668474988306255 0.703026323523508 0.52261379996982 0.505833922215505 0.579876642311118 0.597515258611906 0.661747985646146 0.744384968637317 0.657403971947173 0.429495880705034 0.526800108446961 0.596949819609958 0.608513970484159 0.603177444546814 0.47241773636137 0.245103269501319 0.562224176863838 0.583927722663246 0.584628701190089 0.540303272172676 0.567248468912192 0.58467435520162 0.630907926643411 0.572682234800356 0.651290424293934 0.581451234323479 0.684941857095688 0.659921434122145 0.598740513279418 0.587587678120242 0.623605490467294 0.457939026369021 0.606896363061786 0.511693712835856 0.729555064070637 0.649611745076337 0.670435966129467 0.583522960931416 0.610570192028275 0.562606185230394 0.439778161084004 0.229636904178411 0.245281815809131 0.277270484778834 0.106975714956493 0.0114380346448376 0.00423460306559809 0.291327665357919 0.478597099061496 0.528823243041491 0.689992821814042 0.627463343393885 0.706827742616981 0.612801240898846 0.79000501250111 0.705802297090376 0.781021936510811 0.614053131605648 0.318604243041498 0.345011107044732 0.492539149514169 0.530285415023846 0.307337628248777 0.40494355482558 0.526517085403178
0.629995726636429 0.471895866158203 0.759588301402284 0 0.564076339178171 0.512230009272817 0.87312275845472 0.853691084992944 0.607735061036881 0.51645028496789 0.544171716780215 0.611569383922109 0.667620125619011 0.653462968749662 0.726874754615747 0.711782501049555 0.607918683392977 0.608022810724955 0.562709183541232 0.232981488601337 0.469288711431846 0.650981994367781 0.672168393018786 0.766114470792783 0.522817427196074 0.703495822881798 0.558220439264595 0.57378745878035 0.610715520655114 0.709658148102094 0.715092483308051 0.756314978872565 0.660151340798943 0.600790832137675 0.562764187394094 0.510165228901691 0.643499529016689 0.462542385594256 0.441046517647065 0.206114779674541 0.562475724830647 0.595609159955893 0.552402060433501 0.539249378162315 0.552476819425687 0.565938145338265 0.604341732243964 0.55525091056564 0.640432900585786 0.494762009382029 0.638612825924939 0.579093859581608 0.594253228854766 0.566398611293414 0.659103478154227 0.622419512704065 0.566708535090977 0.539280099746741 0.654794321667356 0.789701164018179 0.702694383590355 0.695264080443648 0.516941368997085 0.429737954398326 0.516487400732217 0.288596988110507 0.210904980551453 0.270601975163943 0.211755332161612 -0.0216268731211472 -0.0142771410708349 0.442907667562422 0.40224798235788 0.575522469299885 0.640526904398859 0.608418466256059 0.592022072457283 0.537961344509658 0.667813967660491 0.778364697008413 0.740137990656358 0.696893805465143 0.548059086195169 0.476447149108828 0.626003369563874 0.600557357815342 0.420447696425901 0.53593729972581 0.583043498633502
0.342944934610961 0.208021169009166 0.539308269334789 0.564076339178171 0 0.678552343580999 0.647023167079777 0.598235058850915 0.819698253441205 0.72751526558869 0.263922695943015 0.278043166393318 0.482674233089736 0.393914244426763 0.538131817984492 0.430816520081543 0.400363171011258 0.372300586440705 0.342227738674969 -0.0604151986986469 0.269557517074964 0.434111630789004 0.659740371020227 0.535947462274382 0.617037659088953 0.619386754485522 0.271624124238792 0.384514650293972 0.50526099215407 0.580722333717445 0.661486681842141 0.53812388270781 0.631085371992812 0.570222000656347 0.482569128889858 0.274393010869517 0.514220102517905 0.332192950405162 0.279838435795163 0.180859902211045 0.423546029376783 0.421336222304772 0.330395648269114 0.361392985139007 0.333315543205507 0.357355369165183 0.378040187605875 0.35715586354517 0.411148557821806 0.165810717460912 0.356160952720771 0.293996744571617 0.408458009268009 0.375885021000403 0.500692886070241 0.503425530284196 0.34835126198982 0.355319319286839 0.592307052107508 0.547887635974808 0.581132092428515 0.555557580003556 0.246681978016811 0.206486064931206 0.305776871094081 0.420977036002024 0.168465704284276 0.267736007731515 0.233348590912809 -0.0381335665218102 0.114115954207896 0.352887352738666 0.100380488739034 0.507653095329793 0.412052020253697 0.327683828646051 0.351345357933123 0.247740323229169 0.443752766953793 0.463271643048276 0.488618341869355 0.479002242708416 0.632327705656703 0.6932662351391 0.657350200997792 0.670919563418035 0.573610641068304 0.630879753346104 0.574354346482588
0.377357569181244 0.199660651245576 0.290730705210701 0.512230009272817 0.678552343580999 0 0.523433034380106 0.698129350158732 0.79853963590556 0.89556338672347 0.354608286429532 0.371428826939799 0.465741129318789 0.469595825102751 0.37914934130459 0.344738489234606 0.389693617384205 0.385917392045512 0.258299121678088 -0.0977611078175567 0.0317674898425761 0.342011537542287 0.408931968978234 0.380574591476189 0.522708603567449 0.581509590045208 0.357465139546633 0.515728201964737 0.481839552022935 0.632976702147901 0.650535151835289 0.495747421519296 0.529189856654055 0.651672350774896 0.553730897055986 0.146782656386496 0.586250693516461 0.281744247768747 0.146082022958011 0.051624639666535 0.513868823548703 0.491903266287285 0.425535842588619 0.445190360371847 0.424424352346219 0.428014468011873 0.427563003393895 0.429010029384877 0.497873249514345 0.214538656748242 0.351205142731302 0.262693297967706 0.487089447997624 0.438165761419909 0.520158896398445 0.602322005585353 0.338581116789296 0.438056547165627 0.309268679130213 0.569831124469627 0.579635087057723 0.639276555896684 0.195253509658913 0.112896737139353 0.295713487040682 0.414679953209746 -0.0065568495977712 0.152654094521503 0.385801805766795 -0.0497825037022759 0.0407208113877844 0.385045986786409 0.0848815219515894 0.565955605706215 0.380131214228991 0.312658983798623 0.23968039874224 0.236923153202782 0.268013999708771 0.508322288192902 0.383088104554543 0.599922108198766 0.591822470533763 0.580025459397478 0.726208813657091 0.630593949218923 0.616292468257479 0.644240250952761 0.589053918669265
0.730555607570203 0.52691927639823 0.81180733443365 0.87312275845472 0.647023167079777 0.523433034380106 0 0.849467251075714 0.72178014959746 0.57916913582145 0.641017467636349 0.651692328453975 0.774222262595344 0.717109475149589 0.775722454792795 0.629886810118942 0.739901181751647 0.696197857994346 0.686591846603404 0.30620246653241 0.448596347044446 0.610964934797853 0.738478368794723 0.690573042502608 0.581549174038015 0.658067407199161 0.691108388352049 0.693136697501392 0.679118818401986 0.722848879129711 0.811676621086645 0.821442215356543 0.685514515671195 0.610387658499631 0.621961208640346 0.535524401867507 0.672527640651513 0.4801212493547 0.360561943243077 0.226123416789618 0.640939922293588 0.645800929190911 0.614674022721188 0.605618415678312 0.61511021336904 0.624244372461802 0.651865485545274 0.598155277113514 0.701702248429628 0.510463657660582 0.708376849694628 0.627106837283021 0.687383816949521 0.661783780882705 0.800333852124123 0.733665101558387 0.69135552334356 0.68568901715246 0.697557189252546 0.770688400802298 0.766017540783679 0.746248461855174 0.568845429900431 0.476093613891461 0.532050278467667 0.331472543005114 0.228574100370889 0.293322289089689 0.273196453535987 -0.00177681217987617 0.0662155792809286 0.490302325425402 0.491079647813387 0.685706191535773 0.702939318488794 0.589792887017959 0.611714230714638 0.512451667806058 0.674669054668565 0.729073083098335 0.7946024896628 0.686962380664244 0.517062278752488 0.522684891721468 0.69443978790952 0.692986910557321 0.47877549209794 0.605728029377875 0.598576463169826
0.648457270558866 0.434358805844233 0.573992297916742 0.853691084992944 0.598235058850915 0.698129350158732 0.849467251075714 0 0.752610597344936 0.725716182206257 0.588309961045364 0.697241884773225 0.692271882107228 0.774860389672921 0.658372864697016 0.606755510397509 0.615653400880441 0.615578318630029 0.532353715000374 0.198043284377505 0.289507907692863 0.552238768299195 0.551897664708501 0.646506812451829 0.481078788833466 0.634932206856304 0.614756132375628 0.688951175532923 0.589105684152043 0.724368776243232 0.72580146469655 0.763551051167146 0.605554988916897 0.652779176367393 0.62088272262509 0.403773034872554 0.673369669574461 0.431961846641344 0.262028776798161 0.112446080134209 0.639016895587476 0.652916644348687 0.586582212355727 0.601818396407352 0.598281444505076 0.621004922196126 0.646384915752679 0.619416752556152 0.683739133922379 0.475020621384244 0.617089511129415 0.536293174760503 0.697255167435138 0.653632187818954 0.773022245558794 0.835303503990988 0.595053925028271 0.662713577324846 0.537942483736138 0.826383962038941 0.720477980464469 0.773921823164283 0.458683331051854 0.382325235129863 0.462580117889381 0.340106181733188 0.108244283889766 0.224602906626644 0.355447101270917 -0.050871832788832 0.00529114913477449 0.469573293457024 0.383348831050603 0.671369869276081 0.625665439203537 0.55887256931207 0.521014004009887 0.482414321639007 0.571545202026077 0.757981289630364 0.694880397000313 0.738276339301124 0.554972626379911 0.485225352225661 0.722360624905617 0.673097801223547 0.54376352337686 0.621943218474615 0.640637856672507
0.501317470625895 0.348660452364624 0.523065041399579 0.607735061036881 0.819698253441205 0.79853963590556 0.72178014959746 0.752610597344936 0 0.848502710314262 0.456559471636295 0.483984018290081 0.621048194456589 0.559518316572133 0.581127070684601 0.439738292600731 0.553238999252969 0.530796540505445 0.47057502790853 0.0603588633824391 0.161340392592111 0.454548663771792 0.627936771211923 0.508745262866764 0.606938421715109 0.620089041202443 0.444328012817299 0.590276650725971 0.524978014276887 0.656124409696443 0.711436215464164 0.600780273733136 0.58624133285534 0.606846321285689 0.582454107126555 0.274617551843461 0.630981451257152 0.42895794870916 0.24807350319507 0.152875759126708 0.513401748711231 0.50971068001171 0.425812128157177 0.450141239568257 0.433501481740138 0.462891238692105 0.453445825487533 0.437541795985873 0.552900945890854 0.283261088705419 0.508161151302403 0.430408559721435 0.533173202485182 0.511903142735461 0.634757547770744 0.689259454296246 0.48858765012059 0.517346727189233 0.543484778785227 0.602431256770162 0.626464879166311 0.634544240588647 0.370501180528761 0.257029870797655 0.349495165372233 0.382892596143783 0.144312009421049 0.234597837668571 0.388744711983338 -0.0505061739194772 0.042768244180686 0.356588715375985 0.249814045386332 0.643684008152805 0.55706652519366 0.448925871359388 0.436266692125862 0.362503877704473 0.484750121122177 0.553117945258498 0.534779567182345 0.586510883012425 0.578436404296149 0.593006516818354 0.733708188316239 0.6801424041685 0.563260394192839 0.615744906785658 0.59236975298671
0.463848760424551 0.304342684372758 0.358573716943718 0.51645028496789 0.72751526558869 0.89556338672347 0.57916913582145 0.725716182206257 0.848502710314262 0 0.438007845874435 0.470194560680411 0.540212536596291 0.58204773495577 0.45414266965417 0.411588329635966 0.508627135657308 0.514210718538897 0.35731192523077 0.0110122081491052 0.0865101961118091 0.415420815745675 0.482716802069568 0.443547659699274 0.59335022079579 0.61869041182014 0.414381778816353 0.614593077665053 0.501121363715718 0.657312739972391 0.698889871279676 0.584488853340453 0.562246796505627 0.648883080129794 0.629785726035807 0.225628039772611 0.640157879781879 0.410828740470161 0.178445342303384 0.0509206122797279 0.59262030166596 0.575096146661955 0.512734983173495 0.541273843057386 0.489202716247477 0.524953034410764 0.512075260040824 0.518171259397204 0.562593471782932 0.297573323282493 0.470273134809495 0.394389875459113 0.568523445502788 0.550791932448862 0.574918706551636 0.672256701135142 0.431316932377919 0.525473865124393 0.373513185818582 0.578763176349616 0.622684543716507 0.680810739922049 0.327214068319473 0.235308139375428 0.284354361439601 0.378809136597528 -0.00465524859686343 0.10079605453021 0.338604428919077 -0.118128897980438 -0.0323127221287 0.383949485095899 0.188851574657894 0.650936914205239 0.506445221323861 0.420342981422698 0.368276305950753 0.335176861438449 0.372917863816744 0.570252687956428 0.459747776449744 0.668585835808325 0.543976872092694 0.544768049142155 0.759602074654593 0.674710500832362 0.625483556545428 0.651511073588113 0.645392467466589
0.897725793863436 0.799764030246193 0.550182364307663 0.544171716780215 0.263922695943015 0.354608286429532 0.641017467636349 0.588309961045364 0.456559471636295 0.438007845874435 0 0.850839726336787 0.844831820390253 0.814127050279662 0.586746601950707 0.487197377364224 0.777689735452661 0.85869052843153 0.77181783460942 0.636565325542139 0.275910627945357 0.404341420444162 0.329255865096185 0.430729112384732 0.590339931907189 0.511797403694771 0.771564684807956 0.843913213810088 0.303537963443825 0.42483256428591 0.577235306377895 0.608501459161192 0.26553540566919 0.26420938420315 0.51442574723211 0.394303752583335 0.568303815500443 0.526046327472099 0.416319005808282 0.202063950583037 0.485220315210763 0.514573040320836 0.573286552652431 0.614567221890559 0.622350117988232 0.600524446498137 0.561270671308676 0.519180577167395 0.71098295390859 0.672221317279969 0.827966696236813 0.823222138138594 0.689780117814394 0.707396134930246 0.771566585917534 0.658717641523074 0.839618381727399 0.830711312180849 0.335354206566785 0.528448969817551 0.473006973526166 0.503372398648974 0.760198604578425 0.60371494950992 0.13292678933273 -0.0692325903778661 -0.0640969201351485 0.0416780194379266 0.0210048397612394 -0.0556028924138995 -0.306279903303092 0.128788989982665 0.554027638527363 0.599279816725993 0.782780112498457 0.77435554990507 0.620531933497537 0.679758980230632 0.64091680627081 0.732246223234542 0.636339731299314 0.655637552228445 -0.0479877766380081 -0.0260360152275182 0.401143955214137 0.307223646448765 0.062415315550129 0.186640145471357 0.370050365078934
0.805664873240998 0.702696931123037 0.507261922094109 0.611569383922109 0.278043166393318 0.371428826939799 0.651692328453975 0.697241884773225 0.483984018290081 0.470194560680411 0.850839726336787 0 0.719195001818068 0.878160687498111 0.579667746185161 0.525656408639777 0.702651005430797 0.772573743269362 0.718861960627622 0.574964460320426 0.265658203016529 0.462508957798899 0.332068740482387 0.541781691472569 0.470376843449248 0.469740851885925 0.722183436943555 0.802953003689849 0.345168833918754 0.465518335547084 0.557147366413304 0.659446571096675 0.30539246326945 0.301816530128529 0.482000140096777 0.373402306739636 0.561151846205667 0.45131031080915 0.326386263648585 0.104596023777263 0.450020049316593 0.463060725483854 0.478947049851334 0.500935056711816 0.51515477354027 0.506294998665079 0.513952186357148 0.453992136828101 0.623636335977097 0.540851915344003 0.72443530927309 0.698006001723014 0.625729894274892 0.653456900934475 0.730830568940882 0.762016451199365 0.791095434666229 0.827208658084412 0.302668207231542 0.595354052479993 0.473273487075483 0.514076151195511 0.654765826277537 0.510577917865199 0.182028099992504 -0.013791291111291 0.00493541392342542 0.0795914234689742 0.106162490429245 -0.0573396649578817 -0.229125035880244 0.188598851525684 0.482166304151029 0.59769670600643 0.702510579949959 0.682266613273228 0.576227293937137 0.57728128887437 0.563550565324896 0.714142918263454 0.570338049939608 0.604746780720048 0.107351135909436 0.0685895703374927 0.457782878825953 0.364344818150283 0.193977184628226 0.288505548277185 0.431443856039607
0.81579357189011 0.700006896274728 0.655910955659069 0.667620125619011 0.482674233089736 0.465741129318789 0.774222262595344 0.692271882107228 0.621048194456589 0.540212536596291 0.844831820390253 0.719195001818068 0 0.834056074123915 0.823280233418102 0.712363932814009 0.779385922996151 0.803625592021695 0.787035625845555 0.533785815988685 0.386214710500121 0.51919658287794 0.606140772196104 0.639689677056966 0.648574397551313 0.628038006054548 0.75908907330068 0.82780290621427 0.443124235950482 0.569740585282175 0.692027242905944 0.662208048152527 0.424564168691209 0.415460207917465 0.516206344605228 0.4287391011527 0.594978924860901 0.554254490929033 0.440311979612052 0.283246985194517 0.5552896702279 0.590360389965685 0.580516531732965 0.622341703676854 0.64252909625814 0.632567421335098 0.569907482475776 0.53966076367753 0.705003623650115 0.620274260521064 0.76449193154909 0.751666580448469 0.661432324096667 0.659884283515657 0.775216314726556 0.6707512765918 0.759443664515097 0.72428336530881 0.589712069174419 0.627008084456809 0.555874881029897 0.579739606162008 0.675875805035406 0.536452663227116 0.308520230603205 0.070899943675689 -0.0207249832144369 0.122895684280863 0.132220928684384 -0.0626550323485348 -0.146837982861719 0.272395903791172 0.574889864001248 0.668304866846212 0.776070079955007 0.747475228002322 0.683362012206331 0.66842575262116 0.73743021822653 0.752120328479325 0.733831937366972 0.678035104412946 0.150023333773127 0.165665183687903 0.488962586731906 0.420580685745367 0.180436977848127 0.294986805459181 0.47691467908078
0.754763811493078 0.61308884706457 0.527165142664777 0.653462968749662 0.393914244426763 0.469595825102751 0.717109475149589 0.774860389672921 0.559518316572133 0.58204773495577 0.814127050279662 0.878160687498111 0.834056074123915 0 0.752703956172717 0.710540614075325 0.737893614592179 0.78745736283695 0.702365877769918 0.503406459730234 0.327682524236447 0.5138534878117 0.485906040651088 0.658099555330195 0.508176330107872 0.562177041939678 0.783933119387239 0.861850417787773 0.46474326363813 0.578295954619937 0.658336976856409 0.746108712250405 0.416611970490351 0.43744567944351 0.52208155650408 0.412764781890934 0.623537492156272 0.46809944035917 0.323416483827871 0.106462967663485 0.546910305307698 0.570116516263821 0.552405427871836 0.594871660454726 0.596442798648565 0.604494035818419 0.601086644667107 0.560420415303415 0.677850178923272 0.573007026385728 0.705356243989498 0.681060558116509 0.688014264576601 0.679781722447664 0.784342970416264 0.788978315490012 0.782774040645153 0.800765893217356 0.427361415029667 0.660059091333316 0.54693487429524 0.615988006624244 0.603456372936768 0.461148327677597 0.252869107822653 0.0549123318224082 -0.0213955042342996 0.0791218816218057 0.166779906733562 -0.085021882926317 -0.180137180972416 0.289157691163931 0.545693827233336 0.682341116318009 0.734431993042984 0.696267740759347 0.630148779936306 0.581799810021216 0.604608208791828 0.738339307979321 0.649246223213759 0.678122694936642 0.168787044094335 0.126856169706867 0.498501594533367 0.423160380267237 0.261155500416703 0.357182112409007 0.510558303586496
0.583737779031684 0.468932693343842 0.672770860300928 0.726874754615747 0.538131817984492 0.37914934130459 0.775722454792795 0.658372864697016 0.581127070684601 0.45414266965417 0.586746601950707 0.579667746185161 0.823280233418102 0.752703956172717 0 0.857838905255155 0.627254805961671 0.622059323868443 0.644682545991982 0.363914259930406 0.561812080303728 0.631439759042074 0.750904137241211 0.761077430123948 0.533206329218459 0.607553299110702 0.641944282735587 0.646772122410303 0.548934153526634 0.609392233607442 0.649483070493542 0.663548751459165 0.557334360946398 0.470867664564961 0.424130234235356 0.459791618875301 0.535599427443423 0.484967750592922 0.365543785638304 0.275136059802872 0.445753340744472 0.467441138366928 0.430534818555682 0.438939640783404 0.458084147599773 0.463635511989438 0.450543376578723 0.422534123566893 0.536144022748715 0.426252220066281 0.56896777352602 0.546766905169748 0.48981668598332 0.47161785959687 0.613557809024562 0.527038460503338 0.599894394166217 0.5113082953662 0.713566736124317 0.594646396333171 0.540000883060244 0.532659909057495 0.477417261866798 0.359671700657188 0.417809311939832 0.17601269835277 0.176221135033782 0.240576364083392 0.145558219614358 -0.015341134167166 0.0463287359275343 0.372259161947404 0.476725876465278 0.586732680345297 0.645056960226423 0.571575461332857 0.663252875822953 0.491179157936264 0.691398625780832 0.624241438833295 0.698287989929281 0.540203991217905 0.31663900146481 0.31188577446287 0.451777346810949 0.432595423681437 0.271478395960286 0.357085115084044 0.500676530237225
0.470420783209083 0.396499123759405 0.545412742114205 0.711782501049555 0.430816520081543 0.344738489234606 0.629886810118942 0.606755510397509 0.439738292600731 0.411588329635966 0.487197377364224 0.525656408639777 0.712363932814009 0.710540614075325 0.857838905255155 0 0.516058221670594 0.543113301943744 0.51366589508926 0.301096006423333 0.550652766901578 0.61083004152678 0.633379259195876 0.825333282732768 0.451440372700288 0.641616080109094 0.566728918569919 0.571929931563581 0.478032442198286 0.575338739500844 0.527427590545939 0.538167200856971 0.45439999548498 0.414887027406908 0.290716990772548 0.38828168073511 0.439275335544322 0.404465081834577 0.333454406335083 0.245199492317493 0.367213882557683 0.395968666135423 0.351061799060704 0.366404153808578 0.385295052358105 0.390003978616778 0.401034054685036 0.362516138844685 0.420678642369294 0.373958960625481 0.481725377447641 0.471196582671216 0.399521157848897 0.362459886516054 0.474190759042288 0.440135614747935 0.437430972065838 0.373204854589396 0.600279588169603 0.581585532952439 0.423167188517511 0.443564681566566 0.412427435347944 0.285209889963726 0.333693740188936 0.119535006418462 0.078914131134532 0.206914649568691 0.102360098392005 -0.0112554088582028 0.00334242070103096 0.320580363951733 0.43744356341616 0.510326547828218 0.528402403300926 0.525626452499118 0.533883157450314 0.406967478820239 0.560592138883384 0.599731788967979 0.5657220372533 0.474621567798221 0.331502437759698 0.249142137280253 0.345015035439941 0.356795133535473 0.202209499262955 0.274937856739386 0.455103710242335
0.840592385828672 0.777646786317361 0.672690982172978 0.607918683392977 0.400363171011258 0.389693617384205 0.739901181751647 0.615653400880441 0.553238999252969 0.508627135657308 0.777689735452661 0.702651005430797 0.779385922996151 0.737893614592179 0.627254805961671 0.516058221670594 0 0.92546543882013 0.788300816941119 0.625995979813799 0.46876171167811 0.528249139486587 0.573257476855449 0.54791290491012 0.647660457330874 0.56287819365959 0.836966172961879 0.874109648425632 0.525152162796212 0.569473605341342 0.750080285391253 0.779331345944114 0.469967860653522 0.414538515012269 0.644985634817993 0.539847759233067 0.643461430242676 0.552450050198689 0.413073119413895 0.22934017462038 0.643018803868898 0.641402702057018 0.681598028639979 0.684207770797381 0.702599684348968 0.675374632596765 0.645321507213759 0.612760306329803 0.752596905333289 0.651422517059724 0.873944463798148 0.836998414322198 0.697799270417284 0.726104285909135 0.740366417053964 0.649073097666579 0.849085231974212 0.832359254109099 0.477109582140517 0.516370687882034 0.629493974662967 0.628474845870501 0.758484178750013 0.650463243062665 0.39773951478488 0.173835191399306 0.113266382723927 0.213603279712305 0.144081021341202 -0.0140800837473807 -0.0342230592050215 0.365868500184909 0.782728258232847 0.80164345829948 0.875761340017429 0.775417946518892 0.732609520462495 0.657789582915005 0.683514420484036 0.711057938714932 0.694439379513171 0.667912043664112 0.162533340717069 0.201930765516654 0.596619414645507 0.548348686263964 0.281448333092564 0.412796106073281 0.560374965052803
0.892043561646177 0.852964823112968 0.645608919293205 0.608022810724955 0.372300586440705 0.385917392045512 0.696197857994346 0.615578318630029 0.530796540505445 0.514210718538897 0.85869052843153 0.772573743269362 0.803625592021695 0.78745736283695 0.622059323868443 0.543113301943744 0.92546543882013 0 0.787389529420901 0.672928470910764 0.438069156442036 0.53001153474151 0.519419126966626 0.55369035419394 0.666720570394072 0.592957544168818 0.809146505878822 0.915377167399192 0.479463992246212 0.568490472347468 0.72293628995585 0.753512968536114 0.435444952714229 0.408102164345606 0.664856581700926 0.537332852511409 0.6868563227027 0.601609244889733 0.471281038260388 0.196477763041167 0.640238477115176 0.642554794242604 0.715478135027882 0.728566448382431 0.733240305736462 0.713612851847811 0.648249581071245 0.617537701923732 0.794368029409952 0.713959334505638 0.912327213451651 0.892371165867699 0.715529532964315 0.759900381449927 0.746184230642871 0.654898485236767 0.824139634003274 0.826443585614071 0.453606228994467 0.536543560927607 0.609410551142816 0.621635836162525 0.814075447949642 0.678757951864544 0.271967595794977 0.0575902386563553 0.0213856123333573 0.116204195162537 0.113260037546956 -0.0611369471451471 -0.22637858963238 0.286417986732191 0.741266172116257 0.798112092890894 0.906553807053342 0.862992648043436 0.756712158522527 0.721964320870311 0.70882859931562 0.767584165245704 0.684573557133568 0.724302264818341 0.0378281738057587 0.0792229471281037 0.551943824818739 0.46030899973592 0.20260748972513 0.319643998392853 0.534275086190981
0.817835360161619 0.746172709914585 0.663467633433093 0.562709183541232 0.342227738674969 0.258299121678088 0.686591846603404 0.532353715000374 0.47057502790853 0.35731192523077 0.77181783460942 0.718861960627622 0.787035625845555 0.702365877769918 0.644682545991982 0.51366589508926 0.788300816941119 0.787389529420901 0 0.742325454373511 0.386203906994326 0.434816749698853 0.562513714433868 0.553223923338758 0.500061419077322 0.460840134911704 0.754365687233268 0.746656197213118 0.456673265129391 0.480767594804318 0.618303742353614 0.672010106426578 0.292208982840614 0.224795638336955 0.490600930165563 0.428000522012721 0.527990078973256 0.518527159436952 0.436614221147125 0.270927672922616 0.457944825958067 0.488870863224444 0.512223435180561 0.533866754334284 0.569296417282103 0.548892984146896 0.512555649322539 0.459866239232 0.625192220438125 0.589995298829646 0.782304572090103 0.760816741292572 0.579955624818432 0.609048043063349 0.655785621601079 0.57461332620303 0.744854517954987 0.69476530501136 0.378563489638081 0.425613182787582 0.44157500666986 0.42843823735485 0.73125732090036 0.607291846186189 0.322160995423957 0.0400071780556819 0.104453781531143 0.160256839478528 0.0548617510231033 -0.0301795859655304 -0.203207032812591 0.175017434646009 0.596964322271295 0.592952887881891 0.76068703068818 0.699228724077 0.637915469957118 0.622672578055082 0.615508200371361 0.605232283975874 0.624761087931723 0.562321860670657 0.0149376047424943 0.0373849655254503 0.39771213893742 0.341193759155414 0.0973189286100009 0.213630659693019 0.423498866803179
0.674139102007019 0.78481296368114 0.422023583155427 0.232981488601337 -0.0604151986986469 -0.0977611078175567 0.30620246653241 0.198043284377505 0.0603588633824391 0.0110122081491052 0.636565325542139 0.574964460320426 0.533785815988685 0.503406459730234 0.363914259930406 0.301096006423333 0.625995979813799 0.672928470910764 0.742325454373511 0 0.323836028418719 0.242165097970099 0.18076841789911 0.297400976635955 0.300473139411796 0.213255838020147 0.623862627853097 0.577046221077836 0.121134681586665 0.123505560777201 0.233774450843233 0.412077335972336 -0.0630395084490086 -0.158939704593788 0.219277122987863 0.316347951165668 0.23763053893439 0.355774204538244 0.365525403220221 0.285928701332303 0.203142903203674 0.241020325941641 0.367357199091478 0.378966257238553 0.41429310715992 0.376466852506716 0.319019530716626 0.297005579757281 0.437177093250149 0.578161276150979 0.64358380291269 0.70146084038707 0.359049069147523 0.423312424049239 0.377630310794595 0.270923574699795 0.554541482543696 0.528995459042275 0.0892892481221511 0.0827596892320227 0.0937561596485816 0.0755213278921967 0.729911532415102 0.667176210415077 0.0798632296718381 -0.220308767241718 0.0310003324204012 0.0644040289167926 -0.104152752255088 0.0657987710046616 -0.268502309058584 -0.027384594730061 0.578628119600063 0.315899720045565 0.582750298692169 0.593546102637203 0.58357482727755 0.579233091709567 0.481724865635138 0.416136761350566 0.415262828230421 0.332156603559032 -0.407259598997571 -0.400938560643414 0.0192598762332919 -0.0181043751214248 -0.296058474430201 -0.212930171299634 0.100820287626316
0.396590508439479 0.403680263313262 0.545264512040048 0.469288711431846 0.269557517074964 0.0317674898425761 0.448596347044446 0.289507907692863 0.161340392592111 0.0865101961118091 0.275910627945357 0.265658203016529 0.386214710500121 0.327682524236447 0.561812080303728 0.550652766901578 0.46876171167811 0.438069156442036 0.386203906994326 0.323836028418719 0 0.596013115701103 0.571123079466277 0.608121984776967 0.492059223751232 0.50904599567728 0.460778164152596 0.358456376907382 0.487190033959464 0.461172240154871 0.405575809619719 0.450525392111633 0.496587853609219 0.269009760612138 0.354795636805081 0.519845416147191 0.395583884238464 0.341429044106248 0.34266466975407 0.239478727075298 0.360038548502327 0.330407712959885 0.387366394501522 0.338051216674305 0.360437851560014 0.330011657081171 0.3820933281174 0.32589330440687 0.358760681186902 0.308101731830764 0.460608696483378 0.429028814355562 0.295886067486687 0.298976960286799 0.217949672012975 0.126709602689546 0.306987311235838 0.273304591689704 0.519426487845738 0.342033614724015 0.443552660153035 0.349767102503823 0.40634310480624 0.391399887933368 0.422576964863896 0.262206650286762 0.283695658450393 0.324374989691892 -0.0565060783355502 0.0788134138755456 0.126114360656449 0.353061072967201 0.463758304005078 0.415987950967466 0.46844575518174 0.391995967848562 0.606761120683451 0.335676739355832 0.518320701027309 0.425494552280999 0.477473027643463 0.317965020633202 0.178559066869496 0.221725039669301 0.294402875273949 0.337602556821491 0.193926722527849 0.264354149419919 0.389227606931359
0.469885210187781 0.370917303801148 0.628120310805475 0.650981994367781 0.434111630789004 0.342011537542287 0.610964934797853 0.552238768299195 0.454548663771792 0.415420815745675 0.404341420444162 0.462508957798899 0.51919658287794 0.5138534878117 0.631439759042074 0.61083004152678 0.528249139486587 0.53001153474151 0.434816749698853 0.242165097970099 0.596013115701103 0 0.627865235921019 0.71369749453511 0.534275221498523 0.65060590052432 0.519688946372705 0.509472276186359 0.599629323969702 0.656421897021509 0.588379489411459 0.633121148217503 0.638800347731079 0.543124207016743 0.524505833759095 0.509153032422437 0.576710031451743 0.495397924981385 0.367533030110688 0.0994063081153045 0.473499537175753 0.477042356911978 0.455962454478438 0.410129318979465 0.414480725553708 0.421384204406213 0.459608960499529 0.398005678953914 0.50203896359304 0.347047994159389 0.509598492977231 0.433521586686143 0.437809177200986 0.4108752773373 0.413451737650163 0.37575978059794 0.409291771789331 0.386572721575232 0.594797917737737 0.603017951187782 0.600996928480564 0.551614340910373 0.429475304988723 0.304604869531834 0.50634740713173 0.295440748981327 0.248592210731214 0.187952249092764 0.131690736096926 -0.0644177143544674 0.00329963312617969 0.355079859862833 0.451498684774783 0.55399867854001 0.549434887958003 0.486592301961903 0.597278752691968 0.400156801195303 0.54069753010077 0.568748930609941 0.523066264852377 0.492648803798725 0.365513580071197 0.336340591843142 0.492960085396001 0.458622913173953 0.365550644981217 0.418747989593524 0.489137967603029
0.431330607911764 0.303064095720321 0.718228036813278 0.672168393018786 0.659740371020227 0.408931968978234 0.738478368794723 0.551897664708501 0.627936771211923 0.482716802069568 0.329255865096185 0.332068740482387 0.606140772196104 0.485906040651088 0.750904137241211 0.633379259195876 0.573257476855449 0.519419126966626 0.562513714433868 0.18076841789911 0.571123079466277 0.627865235921019 0 0.775972284745094 0.558640738936542 0.628845184275029 0.499849200529 0.495073028873577 0.740186181868556 0.767703246588387 0.749193790265538 0.671839431037716 0.734437095311687 0.620426781758329 0.519442096058643 0.477022629530427 0.539387933999584 0.373577012467659 0.29498165260332 0.167854829850023 0.537901538764804 0.535699487404167 0.480889625268449 0.466711606152794 0.4479333674777 0.450047880475144 0.473973641810625 0.440312861083197 0.493600147543644 0.288919684308568 0.475006985751361 0.38647507822504 0.426516248470365 0.41946698970784 0.501975220097943 0.425953008226539 0.455116955413367 0.390254340788065 0.780775337560557 0.544287162361222 0.656105239247585 0.598013023017307 0.336322059915965 0.235846160048781 0.598993289685671 0.419926749049828 0.334930570288431 0.357487385873264 0.269124134100163 0.0331678463246672 0.17469856441651 0.550947579476826 0.443677235214275 0.636819591445346 0.548598986985753 0.417391324914739 0.566070401966924 0.359723067886455 0.569303047011629 0.508924635661861 0.566020806421032 0.516454364808724 0.474659920287523 0.522912673308335 0.599270994913997 0.582732652893531 0.463336800880989 0.522033201729793 0.583957653336083
0.498983473158059 0.400321886271729 0.683783120724018 0.766114470792783 0.535947462274382 0.380574591476189 0.690573042502608 0.646506812451829 0.508745262866764 0.443547659699274 0.430729112384732 0.541781691472569 0.639689677056966 0.658099555330195 0.761077430123948 0.825333282732768 0.54791290491012 0.55369035419394 0.553223923338758 0.297400976635955 0.608121984776967 0.71369749453511 0.775972284745094 0 0.520039308811566 0.717924369560888 0.566084910967626 0.55880407546201 0.648040794803466 0.757640465689147 0.625837415356395 0.682832226720756 0.587284890496179 0.500468630497667 0.439768039314526 0.490661630023575 0.507660361489405 0.372825904427635 0.335223123169391 0.152741049397604 0.446878690380941 0.466094779918984 0.420219485466254 0.419029020122236 0.431474980311209 0.426200463204512 0.472793275085388 0.410416447199121 0.483850313464563 0.362482026222557 0.517522478477603 0.463631300604918 0.446125098503337 0.419742669754692 0.496176515452831 0.512797393750746 0.478885623149186 0.442605503220581 0.65206014482136 0.659729981678137 0.551327795389501 0.524926745076159 0.408371905344963 0.3052042264778 0.474049860481043 0.307997908393743 0.236297034916921 0.277219307197061 0.179991397058067 -0.0334998862739296 0.0263847589817125 0.440296667194676 0.448748727702183 0.575308358557193 0.579299826099348 0.53380958142083 0.626497178243735 0.44816390836441 0.587193871969718 0.649408365695474 0.598405349476648 0.540013063515078 0.406727683588505 0.342469228120158 0.47524772235164 0.466609248059496 0.322338583403335 0.379390772708232 0.533082244152447
0.652666049962316 0.589481140253699 0.668474988306255 0.522817427196074 0.617037659088953 0.522708603567449 0.581549174038015 0.481078788833466 0.606938421715109 0.59335022079579 0.590339931907189 0.470376843449248 0.648574397551313 0.508176330107872 0.533206329218459 0.451440372700288 0.647660457330874 0.666720570394072 0.500061419077322 0.300473139411796 0.492059223751232 0.534275221498523 0.558640738936542 0.520039308811566 0 0.787578782433691 0.486124644137215 0.586833901223506 0.442040057502217 0.550952253735159 0.661999423512156 0.577509978403922 0.644702464179626 0.511312007466209 0.640149568874614 0.456693074570564 0.673957998130438 0.646854613542629 0.548755556916501 0.192245809718368 0.589297272826393 0.581598262791251 0.62002881261821 0.61738226014797 0.607447143905744 0.592577233218522 0.560355510061054 0.54399204079947 0.687044785336172 0.53445930910921 0.693088513175771 0.662122955403007 0.606065021013055 0.605663283500079 0.577187418256291 0.444490379511439 0.566043576398365 0.554274642703858 0.596121818125086 0.604982250196639 0.68479595580361 0.629912292718318 0.578381977788847 0.526319506616121 0.205019763445182 0.185929095819966 -0.0198378277768967 0.128642563120207 0.0610069499688224 -0.0547509662287153 -0.124709813722725 0.278783303046686 0.371340197213209 0.595355085762705 0.701237647538837 0.656983237532894 0.667414335947325 0.615794181223241 0.711918987238112 0.726172958678007 0.638372311294393 0.662271356373016 0.251842185987716 0.365325865582681 0.584350774620809 0.541309522710996 0.353682443923998 0.445842300293919 0.558610207583647
