0 0.931796843534334 0.805546053964698 0.857787349755356 0.346983820524111 0.517858828840505 0.795557997140841 0.808635299436828 0.247364729905519 0.40141707151968 0.760839921334537 0.83152363948605 0.880551721014135 0.797566520121506 0.715530114652841 0.732532563476681 0.902271833646837 0.89833206065706 0.926321329709883 0.898331281070478 0.522749635124094 0.24700946263636 0.733796411124746 0.769521622667835 0.611678731469694 0.713115695647109 0.847624823995849 0.792568495320208 0.662971236827252 0.692817673534515 0.727990125101688 0.805008930244299 0.432185470723482 0.476146053479985 0.71870384264378 0.644721018031962 0.741137583148751 0.715342549041669 0.550622461707096 0.375401205542308 0.675685074095439 0.600602278154558 0.752131261963044 0.721805023493526 0.695844087491746 0.626708429341057 0.659324786498007 0.559130252354743 0.793284572605944 0.784977303602736 0.955165841174271 0.89761490224924 0.764664167159897 0.563756578999829 0.800806376680677 0.655515724597113 0.859759995140446 0.837936086994198 0.557479644054063 0.504865443743058 0.610884572464264 0.624295053622791 0.776197721531528 0.849775957548873 0.476422206211708 0.611064428834135 0.166685589032226 0.49425968259101 0.516247567442472 0.227637943738379 0.397899443054003 0.517240335888197 0.771279853426201 0.787093706888793 0.898130298153311 0.865582808264025 0.677940613462974 0.718283940303042 0.837163638465385 0.805430982989219 0.725165591946117 0.687983045343504 0.336379009394825 0.404333591027331 0.530572350110125 0.581516887945074 0.542439315412624 0.53537694359053 0.48938205113986
0.931796843534334 0 0.76281956391678 0.868133810415025 0.245140530145674 0.468601009670744 0.72691669167059 0.819508673799083 0.159500820110933 0.386825098509642 0.702561791893563 0.85030767576228 0.829313033554818 0.85339553911756 0.694103969334683 0.773628229039241 0.901853129081963 0.92620280783782 0.928512470157255 0.954252119332316 0.522291300903525 0.27403189316016 0.727809548453475 0.784815884823979 0.52990809325292 0.71671435363572 0.839137749212287 0.833440333945052 0.66211995518716 0.720837032755903 0.712890974221234 0.808037233410906 0.439484100472735 0.520244511310213 0.750374395563725 0.7111401646157 0.732630599261605 0.762193552405985 0.568058000103144 0.415648276886832 0.702692141940045 0.628603901921255 0.787774930474774 0.739630917152385 0.712038829175852 0.630875087204328 0.620238073375969 0.512563094463893 0.758270661279069 0.788759737721548 0.936107971807866 0.902891445346443 0.730257886598614 0.514219240748005 0.768636673415995 0.673219527456179 0.8190446990474 0.841390513990968 0.562414392795111 0.526563665615868 0.604123101847246 0.641791936597744 0.842451375757205 0.89038806998621 0.464199366345507 0.62229773716733 0.135574090721174 0.499867201136664 0.486581936196463 0.284474826084578 0.363081756383924 0.494691693253315 0.802456792212048 0.841531289248355 0.89728102062798 0.906048149867935 0.618527820973096 0.719725482126233 0.817791107745719 0.811201508794627 0.695372458383637 0.660604461428501 0.279604058536556 0.360025343565791 0.519348954376008 0.554939666439451 0.524388595715962 0.500297835654106 0.496319642774288
0.805546053964698 0.76281956391678 0 0.888977739788254 0.531122012883909 0.693226848776875 0.882063221582764 0.804444615123003 0.424721467280795 0.541413778865512 0.681154177874055 0.669751899327631 0.790033163576074 0.670967339015802 0.757535663540853 0.787187189303912 0.746039089899381 0.733273583321259 0.754009139692479 0.727986248914165 0.511898084869715 0.325547282382619 0.906825370604932 0.877630897762167 0.718547486559662 0.745244489146596 0.677285691550938 0.589852914475248 0.745908213405411 0.756416052290988 0.795153941863619 0.813278714011204 0.629909664043182 0.598130293065535 0.693027054235203 0.552372536713166 0.725365496737859 0.721358880653139 0.474726022109181 0.314843280843515 0.74557244939715 0.693553915504878 0.786072725918414 0.777089584898827 0.779457909701679 0.747980369559929 0.759655418913477 0.700949380783847 0.809003364988811 0.813714237162994 0.804619842408553 0.819601109852868 0.768805301015068 0.676068666882277 0.832462338365142 0.699371024369857 0.760495087625978 0.764573269612181 0.795470083809941 0.744009158743839 0.777878793954219 0.777880589484052 0.691245379163728 0.763769439404373 0.532899678680749 0.582238370427741 0.0892684620218076 0.381992311613954 0.47658473015345 0.196778859316972 0.52454575645101 0.577106745911912 0.703117041310783 0.674828987707817 0.82462709366131 0.783736407392524 0.726331676585514 0.731310748826297 0.866295558672008 0.847702501906736 0.840010143229699 0.810305186069772 0.570238768361242 0.627508457817976 0.612165587835437 0.685528740243374 0.673553415965706 0.674210794528279 0.581696334970746
0.857787349755356 0.868133810415025 0.888977739788254 0 0.443647257787107 0.627995345786812 0.852700179888318 0.922866257789515 0.397952425228527 0.584038066344518 0.67790471152512 0.76161432187764 0.802498002018973 0.792446594756769 0.732440637730878 0.80659372914351 0.819161210412572 0.826887062951245 0.824917140625158 0.825372114755331 0.578658273878539 0.343416198151412 0.847464700355703 0.903146928579027 0.63869271315547 0.760105270926262 0.775024867511886 0.7373076680236 0.770931387286897 0.85314552962114 0.801392765790184 0.861763941422925 0.561691788118404 0.603020076429614 0.741427849793975 0.674894160765724 0.751832369926694 0.743476743760948 0.524813186745623 0.340404409299023 0.756754763157199 0.69410708918995 0.804305669573997 0.792783006064304 0.781745382136502 0.737926983712725 0.728791440486857 0.641952807569315 0.815126799198036 0.833932473894648 0.866984224831175 0.873663282959437 0.796023840060338 0.663822970705624 0.825262810574675 0.775587155324937 0.804969610744636 0.84591819860351 0.708865958843701 0.728057830798752 0.732007029052689 0.766790214556378 0.780404285270165 0.861494314724769 0.490457673804771 0.639171228992761 0.110138318784062 0.438212572772418 0.480973331074569 0.228287605148734 0.503733267411962 0.602786578626385 0.769907420817219 0.764595780496212 0.86780686366134 0.846372229467431 0.64386292996994 0.724802903058242 0.837968446708156 0.853643415435015 0.792708685115581 0.790521323410254 0.500106403020637 0.550264531357587 0.604199741583544 0.657570198099218 0.657602886444618 0.645704876760124 0.625601668797048
0.346983820524111 0.245140530145674 0.531122012883909 0.443647257787107 0 0.667152097678961 0.627712012793722 0.475816534513354 0.778597677592582 0.556377427763319 0.358138450842055 0.210111130046297 0.388888027371595 0.17489539473403 0.405894279381085 0.285580950860461 0.28719567156174 0.221565070027218 0.291863861986324 0.165264087367379 0.290966103625666 0.0350933117103839 0.40002118526079 0.367910084627141 0.584900411962441 0.306487465133695 0.248721098314506 0.123568254201409 0.410097003872353 0.330498073768809 0.505259421883068 0.457445211317229 0.35149947889493 0.310259966193473 0.310211459703586 0.215042473873836 0.307478757964453 0.281561313934349 0.175040864113322 0.0876900434604299 0.38722256041697 0.385882314190905 0.356257207122641 0.351195195164299 0.408645754383922 0.447577469784357 0.46696436799944 0.458343061034262 0.401697972721996 0.302855497795041 0.334329530765782 0.39607678181829 0.501377507330345 0.55617299272739 0.506242214967936 0.469218122721917 0.41001414970338 0.354620205732661 0.351424959935761 0.444211261807976 0.492950174200939 0.448810174340638 0.340475896006806 0.338288818659603 0.465179738637257 0.327629958976304 0.0436186124257629 0.116946953797517 0.0913592677106479 -0.0188993223260302 0.475430205707333 0.404908520176073 0.205797930839789 0.159220952209673 0.356341034849708 0.233690764708371 0.299790435719062 0.248490982693986 0.328587577052477 0.343074573550009 0.480521214346014 0.448777866314192 0.609830514411244 0.617337924236029 0.541813697798577 0.44400779820901 0.522611708222657 0.541008315454114 0.481749744956176
0.517858828840505 0.468601009670744 0.693226848776875 0.627995345786812 0.667152097678961 0 0.718789341318896 0.61839182091804 0.621389643190221 0.655010673551951 0.452759612877414 0.447086690280882 0.560742462872343 0.430503030807182 0.58987830161661 0.623616061272955 0.503237883806591 0.497823190116231 0.493229669215477 0.418820229053631 0.40537760739402 0.0678504919072232 0.624765823149088 0.590801474236247 0.588407038802135 0.513373178596054 0.442194745367514 0.370639808023834 0.623402621580753 0.573660453026063 0.684360001902087 0.669675959605311 0.529883860460503 0.479457860722053 0.486756548571817 0.323781817650491 0.548866995876641 0.521063120134632 0.230803361678638 0.0324964371468748 0.65372550571831 0.645755872715454 0.599184794008233 0.61266066811544 0.657034970920977 0.673411680065001 0.652103456907987 0.637467621669328 0.626350807267455 0.594707614691615 0.540265550288738 0.610930859139621 0.645922338381118 0.660055052352692 0.668551926807261 0.643067988669362 0.546974955457111 0.603947582169482 0.574355215497713 0.661645634210034 0.651288248780492 0.631306296645199 0.476779070249589 0.528930986637273 0.46197930372802 0.412501483890999 -0.0427889328328621 0.0945307297373685 0.253700171641768 0.0104257209301191 0.58370978858247 0.590800822225331 0.501792351468663 0.508824864877856 0.582197460096135 0.506231770813959 0.524442611632109 0.501135612944154 0.571636128208943 0.603383879954365 0.675344787026001 0.687363363650477 0.623558629586486 0.639765622031872 0.567685562588336 0.592180882835236 0.669629990613563 0.660083314531827 0.498997686839678
0.795557997140841 0.72691669167059 0.882063221582764 0.852700179888318 0.627712012793722 0.718789341318896 0 0.886537444661844 0.521296478911271 0.65252181761085 0.646167772849504 0.636953630681906 0.785696967396732 0.631114455926283 0.705773597524576 0.669486559995062 0.737825142574994 0.72193289564377 0.712575000217251 0.654616722788542 0.513721202138764 0.243015533718381 0.800694479114279 0.771007211555013 0.722437661538068 0.702954917275144 0.690538814166033 0.568118096739824 0.823070156849062 0.735716421624474 0.880529868708603 0.885005290634086 0.649869071534409 0.654399608331761 0.689956958961983 0.529142334865009 0.771506050429172 0.731380470567026 0.411977071551525 0.262215595149782 0.838651584230143 0.80008339100868 0.835863081515977 0.853387207187729 0.859817082865143 0.849781607361273 0.88034442053877 0.824411948703686 0.864036813025382 0.846296617167404 0.800006438682908 0.850699755594571 0.914527221497858 0.830823369357933 0.922995371652221 0.834016851129392 0.766343208756968 0.843182363190644 0.67120066779715 0.752080068031838 0.83224128875367 0.825925553586807 0.688213136632746 0.777286406634062 0.592917600983082 0.636256006829837 -0.0138473791386256 0.300283470317573 0.428977044223941 0.0480931621517796 0.657853487867344 0.756674013998839 0.736555305089675 0.705666808617074 0.825121819274385 0.751736741052752 0.617244826621913 0.600184784004114 0.796529401975543 0.84254100624591 0.859432427253885 0.878444560037084 0.711259443359177 0.748260494184364 0.689913929960305 0.764656781453678 0.825388781719347 0.828520302543104 0.658756208812326
0.808635299436828 0.819508673799083 0.804444615123003 0.922866257789515 0.475816534513354 0.61839182091804 0.886537444661844 0 0.421707567944096 0.672567851659003 0.665659291611213 0.746830297982986 0.809386069985349 0.792539801371285 0.668160620783069 0.731736098418583 0.78471274444088 0.806950594066618 0.769142270353631 0.759455501205136 0.534124871191952 0.3399826154305 0.791480408132457 0.83680129439598 0.582348281104702 0.732372272427489 0.778807374512911 0.718761467202162 0.82841563380191 0.851922097072141 0.824635057905444 0.878220644619897 0.570678967455318 0.647242072358348 0.692285458247808 0.609283806383355 0.752501757291307 0.694215015419772 0.483861163639013 0.29896183077155 0.779460773819982 0.729119189587937 0.785994809509329 0.794955738562583 0.79815024920778 0.769884494457636 0.75679025940204 0.682071408291011 0.811276783036573 0.824741650385989 0.824345816237013 0.841506387780535 0.853709134780468 0.717358994119924 0.86704618040947 0.85993898224726 0.764864546890652 0.877896005056873 0.606138127824902 0.717084711288901 0.713644906247122 0.74353952653459 0.747416286425147 0.827695270144356 0.507612926286504 0.669617038087298 0.059716406790793 0.38078598782325 0.440467932179765 0.169839003312017 0.553705443392979 0.695903920524996 0.788823852714524 0.768721243959613 0.837257990053013 0.808005922515349 0.560647094739846 0.62619796667785 0.766089626306244 0.816778250750398 0.776039218717875 0.805934403317467 0.555787838102795 0.592389051904778 0.603941700589769 0.68102517758156 0.731096800426124 0.715223864883782 0.597818297305187
0.247364729905519 0.159500820110933 0.424721467280795 0.397952425228527 0.778597677592582 0.621389643190221 0.521296478911271 0.421707567944096 0 0.666254542263677 0.356092603679649 0.14765842427046 0.345630938690965 0.155043123757869 0.437456736639849 0.28471364974657 0.231001986284105 0.146956699673554 0.1858248034796 0.0682764010910422 0.291896145527363 0.0294695460692014 0.392570280442369 0.359779101298241 0.52507815570985 0.313156535313749 0.177427488558683 0.0877545603823622 0.378667230940085 0.37581599961332 0.433606100669578 0.398620832781694 0.286369465765481 0.208127964621788 0.233979333443238 0.170568129107111 0.281997321535497 0.208060554112683 0.117385627095654 0.0653818735000746 0.364459026489133 0.371041286398363 0.324543396018288 0.345778935358175 0.380373776591081 0.424751511992355 0.43076785507407 0.423110977821995 0.338963165331914 0.267926257710384 0.238812033756226 0.320397087622638 0.436304763218949 0.520773364463182 0.464744138716911 0.509813289799302 0.393123814718738 0.320561854165708 0.405194026800659 0.478174162929517 0.442766384268864 0.420304673603375 0.280122042064157 0.29189178667621 0.39068524675891 0.244343034699188 0.00815832673784175 0.0577372931784253 0.0127069542246641 0.0565097878264679 0.477918789120166 0.366482354637724 0.177585876361402 0.170724404010703 0.305030261570612 0.185417632690452 0.252702981937181 0.19374732991814 0.282823325719585 0.294841752597401 0.402680306975182 0.416361775454501 0.563377290910988 0.562084456613446 0.458617896039327 0.366419061666807 0.434226080351198 0.44408357595337 0.416747489866302
0.40141707151968 0.386825098509642 0.541413778865512 0.584038066344518 0.556377427763319 0.655010673551951 0.65252181761085 0.672567851659003 0.666254542263677 0 0.418472939315473 0.342502896929756 0.450505549991466 0.394396073503543 0.495594694015269 0.514551998587966 0.394556838777678 0.379495202370036 0.360169187396472 0.301437858122666 0.296135632404408 0.164300210749905 0.587950299824292 0.57390126331354 0.458961063960647 0.460416597871264 0.406175160551366 0.340111438164128 0.654006477648303 0.664407969385517 0.614050239427197 0.609455295182599 0.436803486041941 0.462013442887055 0.342559177079899 0.206334123080838 0.481403601143851 0.373995102399254 0.221811622043026 0.0769582251936906 0.574703365975879 0.582656616124639 0.493562553716034 0.551936121335337 0.569786665497915 0.607690554599948 0.591102691432509 0.585661210249564 0.513083677816589 0.512968846638143 0.424828301397969 0.50166882940598 0.623133210847018 0.657554677873572 0.628887767488583 0.722116797493576 0.465329803092159 0.58007465581297 0.480043473931649 0.651832772757644 0.536350947142114 0.549149524139701 0.427484011794302 0.512667168438602 0.444689941305107 0.412212969232538 -8.58615605030451e-05 0.127667315638699 0.26336606421691 0.0890598905073262 0.551299349878473 0.597073895614607 0.457162146376812 0.443636471602648 0.483347735854819 0.398294518251394 0.288774351297846 0.289418481033341 0.408703024131663 0.496949126082689 0.562709096627414 0.633381065305764 0.631715050965155 0.633402930044941 0.446506081635148 0.531946407644164 0.642502112732877 0.631921668434398 0.496372754578151
0.760839921334537 0.702561791893563 0.681154177874055 0.67790471152512 0.358138450842055 0.452759612877414 0.646167772849504 0.665659291611213 0.356092603679649 0.418472939315473 0 0.81388389185327 0.890674618285425 0.790057844562361 0.784153284349258 0.651383021188681 0.731057346532075 0.700949849801552 0.715014090807562 0.691436610594904 0.384596195963842 0.142256950333188 0.694093913287998 0.679863507694272 0.561601972223127 0.661975232092877 0.706661674145416 0.702995171523981 0.440452806919797 0.530735924920068 0.458931979599766 0.566775158091087 0.2474466433324 0.320834596556073 0.448565271934044 0.42629553766176 0.578203906187284 0.46191172714658 0.413947300576768 0.294061170532874 0.422441045143897 0.346580623006521 0.493374879727609 0.45481265085371 0.459619385884171 0.387055117250714 0.392967586514651 0.292596955287455 0.58712604808678 0.543962844661462 0.663464647881561 0.584722358103369 0.508685335387404 0.294497026001653 0.696325835076919 0.573507737518409 0.751032706151166 0.681957351070286 0.564668196271924 0.457739482981675 0.36431296506536 0.388634373096919 0.499562453806414 0.563023475492593 0.306342821525663 0.430141989895919 0.269558388244056 0.499301060746503 0.46422199178495 0.364037723744877 0.189429962483769 0.243136001394152 0.587762619978475 0.612453080683398 0.694053090019121 0.644172798889125 0.550893611043829 0.51411300695478 0.669376820458882 0.562876562420755 0.525445665871941 0.468157471517947 0.201054300062205 0.222831394846625 0.284968034874054 0.332557109820089 0.328087104730123 0.286912997726041 0.246098818185984
0.83152363948605 0.85030767576228 0.669751899327631 0.76161432187764 0.210111130046297 0.447086690280882 0.636953630681906 0.746830297982986 0.14765842427046 0.342502896929756 0.81388389185327 0 0.866156808554276 0.936106213131649 0.758384169739125 0.791228899731134 0.833671946065261 0.855596464082172 0.832753397067168 0.877272813001199 0.467595072055299 0.242970691531899 0.682084482211952 0.724264109731575 0.538681225018278 0.732799408011016 0.82597484361956 0.877616742843664 0.51452694772332 0.595814800964287 0.552917515611494 0.688915171776797 0.326939369036758 0.398043561742886 0.589750976456822 0.58166167910919 0.698388276364743 0.642197650894728 0.541990755125482 0.346159570055046 0.53564890828846 0.463990578428124 0.609528655268694 0.567251905729925 0.551555776119799 0.468704533067232 0.460904321320604 0.348962072868593 0.696446628512562 0.696217078473829 0.791407302331663 0.71340114184322 0.564232432365782 0.325209289259254 0.670162411199529 0.612516126121039 0.765162940208982 0.800365796998438 0.521967060028276 0.507255475585503 0.440543428906679 0.506048917894158 0.630895122586558 0.716585246533313 0.304427779556961 0.480337222166535 0.19635696124643 0.466510142731517 0.50602827904539 0.331406051144973 0.226318915730601 0.353814713059393 0.742576354554829 0.763146257560798 0.809130854621132 0.826697570771787 0.647312925165434 0.697698452773285 0.749029519766189 0.718186632498538 0.582498184097015 0.572337473751296 0.157095266156079 0.197102542976409 0.310177322784883 0.382035222544841 0.382953717671045 0.347983166685237 0.330315784591778
0.880551721014135 0.829313033554818 0.790033163576074 0.802498002018973 0.388888027371595 0.560742462872343 0.785696967396732 0.809386069985349 0.345630938690965 0.450505549991466 0.890674618285425 0.866156808554276 0 0.859529302801878 0.826386859142326 0.767680661363072 0.827061592048303 0.828331457205131 0.841890695003386 0.806383254724944 0.495506125171931 0.262553868087234 0.784495343094847 0.78935496891089 0.63045032468337 0.741227988787919 0.806494120933094 0.759223411903892 0.624689673455919 0.675422641505722 0.677751449786573 0.752922567168156 0.431807055328953 0.451363738040965 0.639926287673898 0.569106971514722 0.707375850411473 0.64687209937167 0.501853442351914 0.335829139210528 0.647899090105925 0.579724616684666 0.711680488017003 0.676569070959839 0.674586648314944 0.610327149187705 0.611153277029324 0.519265216515751 0.768545785487513 0.743054070203753 0.824516661955885 0.774672865618287 0.712827764286721 0.498282936039612 0.827113463388779 0.696243408345342 0.823204980207268 0.796202429784292 0.628183093091662 0.58046160907386 0.583239859222995 0.60166223872407 0.692737880984242 0.739392262094693 0.435954349279599 0.574358566220558 0.12457714724779 0.405214309728875 0.465683746532778 0.240386566479895 0.376003791124235 0.450070677090669 0.75840748133536 0.760531610906361 0.855527536549501 0.826785832944229 0.664931379153083 0.679760861119077 0.829752151802852 0.765035738658606 0.721358669080725 0.668149082181074 0.360702110147964 0.401686939769777 0.446212778347188 0.510630696102742 0.505839744496067 0.496182434161906 0.404737730724567
0.797566520121506 0.85339553911756 0.670967339015802 0.792446594756769 0.17489539473403 0.430503030807182 0.631114455926283 0.792539801371285 0.155043123757869 0.394396073503543 0.790057844562361 0.936106213131649 0.859529302801878 0 0.765690247282736 0.835412461694278 0.827667490569806 0.86999467279223 0.793389544954268 0.85912693075543 0.522394696049207 0.274557807915282 0.725641064837974 0.769128289156695 0.484527182994871 0.74833087614282 0.852691849702861 0.896957739276196 0.578334944816973 0.684397639946673 0.559113433124857 0.696377522561894 0.35816125292621 0.464641704628665 0.597297868541365 0.585108363823708 0.701662189428042 0.632647416186009 0.552863745504458 0.341444217610094 0.556038330602048 0.478125713919162 0.623063101027136 0.581252236221813 0.557710984586433 0.47558653370938 0.442572205889671 0.319370727517582 0.672186295747311 0.689130298003373 0.785113016029315 0.705661380353654 0.567818815588835 0.30319609317393 0.681262136387999 0.637587185256544 0.723684052463864 0.804946012039664 0.540448749305744 0.518632223872051 0.425824902958528 0.50150065910396 0.632012493623297 0.720247448798098 0.298157211659547 0.512626523903569 0.176747929709112 0.440847405192556 0.49947524945454 0.335240373469095 0.210791643392272 0.366743180943866 0.783837257591267 0.809082953923728 0.814394799015945 0.84412085407449 0.61396854375802 0.669915294456906 0.738046085047632 0.710998258807758 0.569173692928056 0.553386105484641 0.124980228891582 0.181579696927606 0.275871428210884 0.384315882507324 0.390795396407664 0.336450947373547 0.318279183250194
0.715530114652841 0.694103969334683 0.757535663540853 0.732440637730878 0.405894279381085 0.58987830161661 0.705773597524576 0.668160620783069 0.437456736639849 0.495594694015269 0.784153284349258 0.758384169739125 0.826386859142326 0.765690247282736 0 0.788116791230357 0.733342824904821 0.721481025218593 0.664939106772462 0.669508541827008 0.505579530512967 0.180249940965084 0.819256935861581 0.788708939938932 0.759472375487425 0.769998619985302 0.702530047996503 0.674799766667855 0.591284583815312 0.633735385126516 0.642405179752465 0.713291451924903 0.483422100733224 0.454186944280545 0.604879634475787 0.489882236030032 0.686249047354668 0.635256453311014 0.485367541840322 0.212729404910277 0.622112544805167 0.583030853139101 0.647045029883733 0.631344077187706 0.636388518490805 0.600207293734287 0.58064051837607 0.498108397733609 0.712225970831848 0.672340187110503 0.707848072761977 0.687096055635864 0.586575982631555 0.447098615727572 0.728958183829822 0.632378938012667 0.715560425996551 0.716249581298949 0.744723203765441 0.652123567564452 0.588248302609417 0.622367981092583 0.561686868074741 0.652336729440244 0.369946092798958 0.431834386917481 0.0742321060793679 0.301440265073527 0.436952117256818 0.149164042547043 0.360041904047448 0.459580776149309 0.702394400289865 0.70866399249374 0.767331256498904 0.741216981647802 0.739858275550121 0.706376029550171 0.78561658713393 0.733941658600976 0.671331506289286 0.650755113523838 0.37870323415328 0.401129391431944 0.379406740225068 0.454325534804268 0.49074854501246 0.463926530665073 0.379726588146105
0.732532563476681 0.773628229039241 0.787187189303912 0.80659372914351 0.285580950860461 0.623616061272955 0.669486559995062 0.731736098418583 0.28471364974657 0.514551998587966 0.651383021188681 0.791228899731134 0.767680661363072 0.835412461694278 0.788116791230357 0 0.759821243495751 0.791688191716975 0.729339481296317 0.771315212671825 0.557147539950396 0.213508398477381 0.830724366147147 0.829737591847626 0.602269935980301 0.762150600890257 0.728191707222066 0.750954849455261 0.670327888272721 0.726276721747069 0.680823151165836 0.751171533985448 0.575023065744339 0.54085095579549 0.667306163434158 0.524584232411392 0.686969704287312 0.702754517784312 0.475509626921024 0.220443570809078 0.674163003280973 0.621046128574043 0.707927651415397 0.678131315979727 0.667506663717515 0.621461126992513 0.560458821788025 0.482929739759827 0.69428573236436 0.733792143976958 0.75455614025912 0.731717957262537 0.609251304021265 0.43609155895621 0.704336885175199 0.652654382499059 0.669953390739681 0.76982279833055 0.721369912688689 0.697629986264102 0.619123266883489 0.674097678823705 0.650376611325344 0.737707045353448 0.384238252357742 0.488368490424621 0.0554770026450831 0.304625936943317 0.418778336305346 0.211134384135124 0.370337918278557 0.44329134903547 0.754554298891684 0.772003916211627 0.79295674686376 0.816706853022059 0.706338328463821 0.76951421860233 0.791991939763929 0.79121287641622 0.694681967649455 0.686553341502175 0.318813833132291 0.385287555220369 0.367037133843094 0.516618054875575 0.507619298012028 0.478547776093714 0.432862600608762
0.902271833646837 0.901853129081963 0.746039089899381 0.819161210412572 0.28719567156174 0.503237883806591 0.737825142574994 0.78471274444088 0.231001986284105 0.394556838777678 0.731057346532075 0.833671946065261 0.827061592048303 0.827667490569806 0.733342824904821 0.759821243495751 0 0.956642684417672 0.879322064767179 0.886757964066745 0.508555763516228 0.232025607862812 0.722025712816706 0.739105851123705 0.546862560655016 0.718132723470573 0.892724253577292 0.851429007428343 0.65325839953551 0.69501674746335 0.717867268051474 0.81653236160777 0.430801498524316 0.533959397163394 0.668482631395387 0.596722739137993 0.746826754325489 0.740044329171318 0.512408929754518 0.315404132084627 0.687980591658199 0.623303360721755 0.748678424292062 0.716331718520334 0.694960294737898 0.622733245610848 0.596249143683001 0.501192453121955 0.763769607576253 0.758360048550755 0.91458499318329 0.864079028868822 0.722318105820723 0.496059139448462 0.766108299981213 0.660904964056119 0.836706757329087 0.873406346755487 0.563051875961487 0.525036232395993 0.586424137803895 0.624976409914485 0.756472055532419 0.832935508134044 0.39007811099657 0.561564962219524 0.145585461306499 0.425454724402224 0.489881400830183 0.290068301942031 0.35192394872699 0.506533936810958 0.850301200679725 0.859937275808121 0.909332086956014 0.875612171554701 0.623588721055944 0.67848785915145 0.783461490596163 0.764428786782788 0.667365614184441 0.639294450077916 0.27068959246512 0.34428295086874 0.457769970225475 0.55241764451097 0.541015856951383 0.511800432031894 0.478011448979891
0.89833206065706 0.92620280783782 0.733273583321259 0.826887062951245 0.221565070027218 0.497823190116231 0.72193289564377 0.806950594066618 0.146956699673554 0.379495202370036 0.700949849801552 0.855596464082172 0.828331457205131 0.86999467279223 0.721481025218593 0.791688191716975 0.956642684417672 0 0.892129429086618 0.922541094507567 0.503187921394447 0.275828722176043 0.723721254085081 0.736173350728837 0.512648693915184 0.720799644364148 0.900045371714959 0.89229378982531 0.682868298128488 0.712951978332107 0.714070359852043 0.816426519514437 0.435598154257174 0.547005800182255 0.68333655420758 0.599730095552139 0.784697134280108 0.772721351673607 0.539331055577501 0.330371045721097 0.694790789292276 0.62893943381099 0.745030799795668 0.720126883200681 0.695689361030585 0.623333107369714 0.589991306786038 0.495716053534496 0.778598394770053 0.787762740509614 0.914136255810023 0.868971833465418 0.712323029496042 0.474086764822389 0.751331350727712 0.642693443828842 0.808568621903566 0.883554824346195 0.534530249307581 0.511526833436116 0.55795171132269 0.607186472484369 0.736042177337282 0.829556467215253 0.366059715760324 0.568311082770981 0.117911479108251 0.430399357328311 0.51428728459554 0.274907217555685 0.34163193731798 0.528341239302594 0.875351053783736 0.90965958245705 0.898101325242489 0.896262252543846 0.626503757188247 0.691046155389116 0.780425974204049 0.774902608376852 0.669874629416577 0.642877604318402 0.228310176963539 0.301223860096159 0.438462450873071 0.562378548866835 0.530714528570031 0.498302579396503 0.44313736175976
0.926321329709883 0.928512470157255 0.754009139692479 0.824917140625158 0.291863861986324 0.493229669215477 0.712575000217251 0.769142270353631 0.1858248034796 0.360169187396472 0.715014090807562 0.832753397067168 0.841890695003386 0.793389544954268 0.664939106772462 0.729339481296317 0.879322064767179 0.892129429086618 0 0.945493251230682 0.487318132567169 0.28116100121795 0.666038049020323 0.707728810134774 0.509724450679338 0.656537606369528 0.833695691075393 0.818018386150557 0.636598953140529 0.6753978092436 0.692565805049124 0.791133345667181 0.358287502842543 0.451602188100793 0.687309586855152 0.654853088185968 0.689809378197598 0.697823775210003 0.477021175713588 0.368156188169779 0.641742554932174 0.579717494973577 0.721432178477209 0.680385400901097 0.664157276373513 0.593707584102602 0.578492484747143 0.487192511458033 0.740548474033318 0.745395463312637 0.895715835822623 0.854778378412492 0.704886314794637 0.508674386777826 0.727197908095257 0.608660294105398 0.8436449977204 0.79780911650762 0.474810454481982 0.449490580292132 0.551411503132963 0.58075397406559 0.833796406693449 0.850380642261307 0.470047722353971 0.604252292758079 0.172818204390283 0.488452181569055 0.467868176260343 0.301691368984038 0.388214254867869 0.446106927376155 0.759453527156603 0.78839388254833 0.867925597254358 0.853166509456949 0.594381665060629 0.666171797158631 0.769634243216373 0.749012248538664 0.664889470122791 0.616956945684005 0.274793724212805 0.348252594205885 0.520894645392143 0.543713743225136 0.491761924454438 0.483758639440399 0.490290969958962
0.898331281070478 0.954252119332316 0.727986248914165 0.825372114755331 0.165264087367379 0.418820229053631 0.654616722788542 0.759455501205136 0.0682764010910422 0.301437858122666 0.691436610594904 0.877272813001199 0.806383254724944 0.85912693075543 0.669508541827008 0.771315212671825 0.886757964066745 0.922541094507567 0.945493251230682 0 0.465516961185406 0.293399445910581 0.689226421970226 0.737141097531177 0.475604662559696 0.698453265834349 0.851144288822698 0.870574366377021 0.613611715747675 0.685069545251757 0.646460120902885 0.766404250634961 0.354507634189515 0.461701247567493 0.689811177461997 0.661099563894022 0.71826581838081 0.735206925696556 0.510611677339406 0.397818735047205 0.621282590170942 0.545100142366629 0.712827649329818 0.661659459743252 0.636506602604825 0.548817712980464 0.525642031374699 0.41954871807629 0.719190298626525 0.743240434299354 0.886140566961442 0.831218532644318 0.63654115420444 0.407402786363456 0.673555485887376 0.568960085730833 0.806280056820855 0.803665228865742 0.493013186582503 0.44643004756542 0.517960651017957 0.564881308777168 0.805206791705399 0.853625315053407 0.399101844414259 0.573553571033718 0.196407996480903 0.54165055027747 0.511490446640551 0.367660607055909 0.306799348128507 0.428693622823936 0.790451798353676 0.827466051827718 0.872747519322151 0.889776438938798 0.606808750923906 0.696601796743605 0.776661191755069 0.757245851025054 0.629606529957169 0.579569066468753 0.175537281809997 0.246688260775627 0.440196260717551 0.488273867977079 0.430936507286629 0.409058923352529 0.428579385854268
0.522749635124094 0.522291300903525 0.511898084869715 0.578658273878539 0.290966103625666 0.40537760739402 0.513721202138764 0.534124871191952 0.291896145527363 0.296135632404408 0.384596195963842 0.467595072055299 0.495506125171931 0.522394696049207 0.505579530512967 0.557147539950396 0.508555763516228 0.503187921394447 0.487318132567169 0.465516961185406 0 0.163145005063292 0.518610786290409 0.536374666552622 0.487772120039831 0.521818802642083 0.536942447636799 0.515042610250727 0.530851107918389 0.524505984647759 0.522510363060951 0.572256688713336 0.467120839716774 0.422294528566639 0.576718017278761 0.554621932006367 0.458039720003665 0.481222290334523 0.413728946052424 0.206361116451588 0.454649109314692 0.42126250704628 0.491427721884527 0.47911658533107 0.449103729216277 0.433272450779016 0.445826993713729 0.384873798310666 0.482861428176675 0.507362147099335 0.555563729627664 0.522086238673227 0.464221049710527 0.360277056865463 0.512135464636699 0.472490359398321 0.436856627021666 0.509907211870358 0.469184297396249 0.486040887077896 0.483780578192441 0.516725431496775 0.441032901370318 0.502096228492583 0.307809227725797 0.423597476184142 -0.00021068949561582 0.222305840679199 0.291163412895831 0.0236725349438251 0.310274177968104 0.320527161499755 0.467264468945872 0.48542164078789 0.553461861502596 0.533712276701093 0.496898024418743 0.504647865918981 0.498247409591379 0.560087224377148 0.428166198138199 0.503495778160733 0.290846814162 0.308728313774179 0.368496208702085 0.409104809089633 0.441102247260384 0.400090857320799 0.429529078368977
0.24700946263636 0.27403189316016 0.325547282382619 0.343416198151412 0.0350933117103839 0.0678504919072232 0.243015533718381 0.3399826154305 0.0294695460692014 0.164300210749905 0.142256950333188 0.242970691531899 0.262553868087234 0.274557807915282 0.180249940965084 0.213508398477381 0.232025607862812 0.275828722176043 0.28116100121795 0.293399445910581 0.163145005063292 0 0.313113866544552 0.350876974650469 0.158860988201929 0.32511225294157 0.297015906727913 0.251499715805009 0.365222683823748 0.387020185829233 0.300233520485505 0.314943508934715 0.238810514658767 0.236610052791541 0.256339890114202 0.304052693307188 0.248587213319272 0.25201286247901 0.2284268546705 0.201699879376559 0.249619995721371 0.237983375170404 0.248721493219004 0.268678052524989 0.290789537008785 0.286877174858378 0.248551526184579 0.254373063578879 0.279980677984195 0.311106889248948 0.263175817426776 0.264336700587569 0.282858037589851 0.251773751759448 0.221194020480764 0.18447972644546 0.231045974429938 0.244905352728608 0.167566509342585 0.215644162801175 0.238185039629043 0.277095907117578 0.253999515924033 0.258340296133329 0.127267897320604 0.271874119924816 -0.112033404523584 0.0325084330966068 0.230338478676744 0.234956594555391 0.119786209428864 0.197768078865554 0.316656521379325 0.284047598197245 0.311583748920126 0.3099390235199 0.197918677530551 0.279865686279496 0.253718385057784 0.281127502138133 0.30649448126946 0.261769350926602 0.183259768939186 0.195052722281572 0.160166998172342 0.198488381997676 0.206536355440479 0.243825559157539 0.160899545735715
0.733796411124746 0.727809548453475 0.906825370604932 0.847464700355703 0.40002118526079 0.624765823149088 0.800694479114279 0.791480408132457 0.392570280442369 0.587950299824292 0.694093913287998 0.682084482211952 0.784495343094847 0.725641064837974 0.819256935861581 0.830724366147147 0.722025712816706 0.723721254085081 0.666038049020323 0.689226421970226 0.518610786290409 0.313113866544552 0 0.922744461742922 0.744345900627529 0.79065894978842 0.690135416461193 0.620329095655312 0.781994006640688 0.82489136635381 0.788055618778707 0.811152742884319 0.677064777110788 0.609026045852572 0.653553442118173 0.489664843631617 0.706594241504806 0.694642691070647 0.449501000249962 0.253420984054214 0.749401423184788 0.700055445689746 0.774683458345913 0.762630080964121 0.765827964058235 0.734618757098887 0.721653205444643 0.65997058877531 0.783605498398592 0.798041518692465 0.74694170162471 0.765424384262526 0.719474665113845 0.597357419159958 0.819806445054834 0.739125812120848 0.705688617809272 0.77171343864894 0.85609330978967 0.787345838647918 0.750883141274342 0.760799381898499 0.646144701488084 0.738165879431778 0.479812425173001 0.575730823980245 0.068064575248224 0.338314780723671 0.481126942547903 0.198514039038531 0.517844342002583 0.582293178043244 0.749849004693783 0.73150072868633 0.807325946980548 0.777502735547184 0.709116011664241 0.714042573123361 0.848930707512399 0.82899185206021 0.806502178167035 0.79276030452055 0.537276465733688 0.573581674253404 0.518392486238385 0.629038570991519 0.659744358184164 0.637233044902728 0.513870017976892
0.769521622667835 0.784815884823979 0.877630897762167 0.903146928579027 0.367910084627141 0.590801474236247 0.771007211555013 0.83680129439598 0.359779101298241 0.57390126331354 0.679863507694272 0.724264109731575 0.78935496891089 0.769128289156695 0.788708939938932 0.829737591847626 0.739105851123705 0.736173350728837 0.707728810134774 0.737141097531177 0.536374666552622 0.350876974650469 0.922744461742922 0 0.710466371120219 0.81724881265684 0.695096212671432 0.643793196904349 0.72809429331562 0.832063173634088 0.749995040735281 0.794112103046754 0.632916548044159 0.580158276021695 0.703281406706296 0.585957006330324 0.706580007824068 0.702650875326169 0.516902803088856 0.310132676019663 0.719929123477737 0.662981352189396 0.756435571734103 0.741068522968493 0.741851999623324 0.702099279983903 0.697048013369103 0.628638993460013 0.776007032206508 0.792199155345143 0.780019557904212 0.779245006153153 0.709148198379857 0.586386489776898 0.782612933066027 0.748097632874421 0.702200442290776 0.764403436576024 0.80746131750213 0.784266641721861 0.726032047279504 0.757082355509806 0.69488583333771 0.768924133616606 0.47236626771804 0.59528535770907 0.128879697225385 0.398410943842205 0.476743716779475 0.217237611552611 0.45892903549776 0.539904563100377 0.733968041162313 0.710357235767099 0.811050364549079 0.801958227840126 0.716272283090102 0.761924857242703 0.857131302252531 0.845364998370602 0.782027387139102 0.780840290765982 0.50907107023789 0.544852607943926 0.510507148259957 0.597016560399179 0.61099192040111 0.596801087497722 0.530197145619895
0.611678731469694 0.52990809325292 0.718547486559662 0.63869271315547 0.584900411962441 0.588407038802135 0.722437661538068 0.582348281104702 0.52507815570985 0.458961063960647 0.561601972223127 0.538681225018278 0.63045032468337 0.484527182994871 0.759472375487425 0.602269935980301 0.546862560655016 0.512648693915184 0.509724450679338 0.475604662559696 0.487772120039831 0.158860988201929 0.744345900627529 0.710466371120219 0 0.729812061221388 0.507711817948285 0.420277991274297 0.593209921525128 0.531456346302171 0.6648211707536 0.660965609334572 0.606485362443344 0.451413003353118 0.588581878314379 0.445284532512366 0.627791398799817 0.597658704705247 0.469307004974188 0.256973045538184 0.597011049518699 0.550229192629229 0.596196740424904 0.583515678501557 0.604654249177258 0.597341049389149 0.642515767075943 0.591649096131739 0.670341410858436 0.607751592377885 0.589045520503017 0.606099296987885 0.582912304261163 0.530716962025206 0.650711051058768 0.578608847700025 0.531188870940713 0.554233423162993 0.713305421707434 0.66300410906952 0.676891389581047 0.673394555491467 0.49605839529102 0.565464817112644 0.52863030354462 0.467946843359942 0.117294857049459 0.282266836324839 0.358888506072635 0.0606189831438135 0.495708076088643 0.488026662019884 0.489774293547415 0.497992601789432 0.637528235634466 0.564540887549056 0.712396303183896 0.614668019523823 0.685082530888024 0.692755184104769 0.663923904466293 0.686026495446687 0.581055565870979 0.594499748159302 0.520442389710656 0.506459481404032 0.565569249100716 0.571518256503635 0.491813132342177
