0 0.855566214056657 0.68234685615324 0.62885803616372 0.338728448402684 0.320565683723385 0.601127160022075 0.470778245461115 0.24392259636968 0.282298857412256 0.777782114575003 0.534622827010124 0.698016684876473 0.517190943310228 0.454829422388398 0.395590442132854 0.84347059982741 0.829793750632981 0.830042521020714 0.683814093464237 0.123969851389483 0.313387284016205 0.596433906466988 0.366612687995613 0.3565215221301 0.337694255588682 0.592165880810057 0.671044516009999 0.561766009018836 0.46225740758985 0.76182124262882 0.565108270009785 0.273603845863884 0.372653759367963 0.548406365923117 0.477009671033744 0.652534343531883 0.458230452821046 0.473068876208618 0.33381349250979 0.737816280122221 0.721392427342568 0.744739974977947 0.714216021090848 0.76697889207247 0.748390962543054 0.752487063680163 0.704387090632404 0.764371219536865 0.779342883729852 0.921903485313003 0.828437580942261 0.793520047820945 0.814383608545441 0.728005757299666 0.650714393141286 0.752151775933551 0.737532466959944 0.337007687237327 0.439471527235965 0.742208222089465 0.690153066983147 0.840890349813847 0.734645812668781 0.282923310183994 0.337201827488308 0.370035170095265 0.500146001354492 0.257121006646056 0.38980563038735 0.429646229293932 0.562114832094517 0.706607575621819 0.786372323109813 0.696021739226225 0.71873985084823 0.533205778610809 0.421272694949293 0.643864611669756 0.661246819231435 0.637941522251791 0.721520586288361 0.0398286175587315 0.202936286039333 0.535623720724418 0.486656194290764 0.563914050801863 0.598265388736987 0.734924335564218
0.855566214056657 0 0.548475063691966 0.528593176242463 0.25152312830756 0.0849287749928554 0.498136427974422 0.307394909905387 0.197716189951357 0.0385482246708404 0.626268174211619 0.492828287773211 0.608387628262244 0.328754521319764 0.39347157708093 0.136888939225626 0.825992238058149 0.835383183356197 0.836741481797985 0.826789491836051 -0.0122578954896573 0.101608846099724 0.482214128280751 0.215354597734102 0.137600644957977 0.0935239488398315 0.624860907757269 0.441900370124116 0.357078341032733 0.250107619416363 0.760925743698063 0.63030596721807 0.274090845143578 0.407490724054652 0.412954416721496 0.314804064770894 0.53864102258059 0.252358308440658 0.397702468438603 0.0669284964152683 0.697671160812109 0.721164539582507 0.752598017679149 0.738770307951491 0.756417268704416 0.738988388535366 0.741247566422662 0.690510368041641 0.718315201858392 0.70266051152895 0.864681614033334 0.921715744164377 0.732248753646468 0.773685641432423 0.641536469941613 0.646521966096924 0.65361856488558 0.704891019430592 0.298000705584232 0.43372182561848 0.701223377689103 0.694066278184015 0.832191397743592 0.788216326487692 0.140758967537332 0.0858997005632907 0.317835497623198 0.249236865238319 0.323843204109993 0.229817300650398 0.40522078000376 0.529569123842068 0.705698800523591 0.807483608738341 0.684915399335312 0.721901476225484 0.572053517800554 0.187043035098851 0.608554017154405 0.610081339341613 0.547390187718538 0.582291028479058 -0.0194369325293451 0.163651063132 0.444264816818721 0.431472282391345 0.462191711716596 0.495863433822905 0.710328208039182
0.68234685615324 0.548475063691966 0 0.812907651835143 0.490502806003783 0.363616754342359 0.84682429277609 0.620930374274906 0.578955023812683 0.336292606517532 0.460296839788124 0.336800216688706 0.71090090248209 0.468195755983568 0.641336064279567 0.461507357116044 0.571220841169908 0.585843667265241 0.570664318189662 0.371835155710082 0.135636680906772 0.342631237783959 0.848437587453806 0.580520470247516 0.451440500239217 0.359264081801825 0.438013205432605 0.508700683342774 0.683260135498137 0.620889131610585 0.688014571757633 0.513623595165068 0.558601060855498 0.382537092709629 0.587650614099152 0.492058906143869 0.595874436486827 0.414350939079389 0.370104713805445 0.354514463338144 0.680290518322122 0.619961846108855 0.623900873167575 0.567912784812091 0.620230704887089 0.626417785734404 0.600675373878884 0.527763265496636 0.657700110282849 0.669574010512598 0.626383965471069 0.562418625256213 0.51786555352925 0.548783517370741 0.564996161215348 0.464181009761076 0.513941004080013 0.465768325389101 0.662391547132102 0.555713265086609 0.75938165745657 0.641339412257683 0.616415114297693 0.587627810858464 0.479664179798698 0.451738521335848 0.301837892825122 0.444693127487091 0.254687160517277 0.376416830550319 0.518206914331226 0.50629027467404 0.53673626659116 0.639977887038727 0.593512000681502 0.593200921879794 0.575274078534586 0.424524719805285 0.751163944401251 0.67700041008212 0.79265719836655 0.77003213113418 0.402675309033948 0.555360517864378 0.614751326353235 0.537250359797507 0.570643361872653 0.671601589539906 0.552002479999954
0.62885803616372 0.528593176242463 0.812907651835143 0 0.501588854504925 0.497083986867294 0.720948600035479 0.790773691594878 0.489705301584421 0.477948030544869 0.432491941947658 0.452802773117156 0.611430868519967 0.598141801167051 0.552854666865892 0.597282620097274 0.533383137485265 0.552302843607812 0.530274145002366 0.391629395252582 0.339254072204648 0.422837130916458 0.828791118078371 0.748931897011047 0.535148917331958 0.478093397864348 0.356215033330092 0.59197592677637 0.670640455566208 0.687117151387354 0.587700324639142 0.482366154206893 0.556772475710039 0.463236401921866 0.533156265139011 0.564665437809334 0.61171618659133 0.499855300118068 0.366628583180795 0.441324355842264 0.594074437188373 0.543734896600029 0.582295651145542 0.521617884108401 0.639239433446075 0.584062121392981 0.606701240343133 0.543211084651067 0.602738238224805 0.649651146279653 0.586869450125107 0.531366027121997 0.490452023878437 0.525754689222101 0.532695319540802 0.570762530184519 0.525450367319567 0.475351058664589 0.650097788727061 0.666981762419568 0.671689013826835 0.645684827230153 0.546660968251251 0.517597815633978 0.349562502009223 0.494401231599836 0.185355638354447 0.534912444329936 0.209119455795763 0.522179242272156 0.337047449052011 0.422258018567804 0.482250358731105 0.604515672036395 0.524912113784926 0.595317224432024 0.472547973726352 0.525803271808733 0.720369554020708 0.751202487483178 0.619525791301179 0.766942215816735 0.311761566868133 0.396500831444919 0.531954296027886 0.447717573163735 0.488755103989919 0.553466816686919 0.621448808049409
0.338728448402684 0.25152312830756 0.490502806003783 0.501588854504925 0 0.456272339898999 0.432583922308635 0.420387432884282 0.460510604701984 0.404485554038393 0.236542396343809 0.214832714367195 0.420513864118325 0.376038425567516 0.467850707457885 0.473004201362515 0.231188695095393 0.230060870910734 0.2780367452424 0.104065857121796 0.168722494448982 0.353726675743893 0.5960207204996 0.492367138960326 0.499315135140451 0.408899801600452 0.0468214980677859 0.326819662917086 0.427090273195859 0.429721897176696 0.285831166246181 0.148356724053225 0.44694988633792 0.410681542738702 0.271338424853733 0.377222903853541 0.367886723481508 0.414025210888784 0.143641813682465 0.378573007393037 0.292375342983451 0.257050186202573 0.254770051425428 0.177576269988135 0.266325253977626 0.254102678081207 0.238812206870321 0.189992680035742 0.226738823606775 0.309167916372133 0.314922103379085 0.283734101502194 0.132792376186157 0.166712948726169 0.285079097027769 0.270030333670314 0.301536377372661 0.183557673665637 0.501870417275275 0.315094020759575 0.305958035339522 0.296109602110425 0.294319567846786 0.332334436715094 0.169023322581827 0.279021539990074 0.0110737723969252 0.308377299588605 0.0912289820728485 0.345586851237384 0.10735725325108 0.155879745952075 0.175488704013453 0.298764642110221 0.1867582456544 0.234652865753057 0.161039477245119 0.403410488508565 0.473167193150658 0.404232902457778 0.439514266009744 0.449738377603241 0.16449194578828 0.293149739109531 0.235768500329875 0.283934313186775 0.197196500917591 0.26230597599569 0.306895079988162
0.320565683723385 0.0849287749928554 0.363616754342359 0.497083986867294 0.456272339898999 0 0.190552822060614 0.558167125859167 0.261830864155212 0.946685378985009 0.189158193626321 0.110371104600998 0.190464345294537 0.551671836307869 0.166816661555525 0.932415843406308 0.112826252675908 0.121514572919743 0.0298415202289758 -0.115521538982198 0.549224307960881 0.782812385459995 0.46118995627713 0.737391845210905 0.904706183459608 0.95814636806444 -0.229283931765142 0.707783486344031 0.577084778432707 0.733174566693987 -0.0137749631597273 -0.229570313239722 0.270052939383883 0.178353109231051 0.319357864872577 0.793216514640568 0.516343929632071 0.897072131117764 0.14898495208881 0.889136154025456 0.170235181338759 0.11969050618295 0.173571538702025 0.147370080607968 0.276402842917868 0.25837802882367 0.207890685442235 0.237609784300556 0.279051231114266 0.463674564471742 0.311605111827386 0.214561023083834 0.208014693863079 0.279348279143264 0.288637060215573 0.180539431099483 0.143096093510571 0.0583253947169668 0.375040196340505 0.217128564041014 0.197317601550773 0.168017617695809 0.290322214168718 0.158657001716304 -0.0144109899704214 0.586725943163643 -0.19230927317104 0.735222755615343 -0.0992397889342007 0.641162309985883 -0.13863031946033 -0.0205164070693765 -0.00468541600677047 0.207574831122833 0.0417423814256719 0.265904991324534 -0.0561616462448727 0.934200996422977 0.327996579193037 0.378024987884875 0.212178916783562 0.46253576951483 -0.124550672308496 -0.0704049393327763 0.144973793210546 0.0209407667253069 0.105160333782786 0.141800446035009 0.360017385432228
0.601127160022075 0.498136427974422 0.84682429277609 0.720948600035479 0.432583922308635 0.190552822060614 0 0.70894610798362 0.594275956698375 0.194176989526448 0.59171460689664 0.494863222196545 0.790158824916189 0.489214667961851 0.544448834355726 0.301710232428399 0.485055527020406 0.527455506699873 0.519605076891879 0.391320885881302 0.0690362277060763 0.193446970098212 0.689427159081142 0.381227669392985 0.208960131318528 0.131054569438217 0.53050869358833 0.416316040809455 0.536171417093218 0.429867196699734 0.661111157702324 0.609079883424126 0.413685975176084 0.285828455590278 0.447688612224955 0.272402943352905 0.448526654152721 0.185687289887683 0.330572475094031 0.174154026922712 0.598415841325267 0.541984612334039 0.522197811481868 0.448928780158007 0.500371725835198 0.484060961561148 0.510775230841203 0.417604715687184 0.538506564120517 0.496135291334587 0.4660387562194 0.41930659428053 0.421792449026372 0.393240390906712 0.656051865316898 0.595349032528677 0.587024753883347 0.560725069668244 0.564980939535654 0.583883294131647 0.682216830900292 0.571455423091009 0.466561861784196 0.486559125626816 0.540777656510016 0.409975114319939 0.42135455072184 0.347925763243436 0.242431611527703 0.316895097744209 0.541437596933483 0.473507331209415 0.511085237339346 0.55079303156038 0.5792771840101 0.489349336008891 0.531232091649863 0.212253946782201 0.613679949481017 0.558644228076534 0.730871450028502 0.661633861053269 0.541666271746202 0.646329574437496 0.663436739855216 0.636788540607399 0.636714771352918 0.719526523326448 0.43884334906831
0.470778245461115 0.307394909905387 0.620930374274906 0.790773691594878 0.420387432884282 0.558167125859167 0.70894610798362 0 0.427263617088781 0.602552387801092 0.475375438047314 0.540314612140193 0.538089376793506 0.67205765316894 0.268113413827505 0.648627413368663 0.337240407697182 0.411212314936311 0.27374296608715 0.170286783248785 0.375017880250727 0.516018155247735 0.617727870404371 0.622917665884172 0.511599445072289 0.506738522873607 0.281453449407961 0.674878594939905 0.669723878470791 0.707955126232582 0.410193735762115 0.393545503486712 0.418138598004348 0.335167653561994 0.503409135214802 0.527623901023832 0.535688204137888 0.487484133103631 0.386991480844481 0.51254090067541 0.500246400306998 0.420593332345222 0.415939293734506 0.328471674774133 0.44752764489606 0.394920653242852 0.431584231020446 0.367947053769711 0.43239187030233 0.483132731427291 0.334512027835989 0.250545262649496 0.315423031955994 0.310920219390361 0.524715760240394 0.62456234558903 0.450652491643687 0.474598506571598 0.463919216445999 0.59941000923077 0.53698817369222 0.511531602002444 0.356032278701166 0.331924040619178 0.478008495635852 0.728543387897902 0.236195929680966 0.677863987704665 0.154722721672141 0.581671048558453 0.361348337273189 0.399712779779059 0.366027246592561 0.427435386697962 0.443980175579165 0.430493699050914 0.299653175363338 0.554582207245073 0.454789805716062 0.574195739569102 0.491445485392088 0.669364144224374 0.453815929198769 0.422279066371681 0.598336896100525 0.474837910513816 0.581554223456904 0.616028460553193 0.440144292143881
0.24392259636968 0.197716189951357 0.578955023812683 0.489705301584421 0.460510604701984 0.261830864155212 0.594275956698375 0.427263617088781 0 0.311416502347732 0.220967243735467 0.0767528022667486 0.512263015928467 0.311412252330445 0.600739946253817 0.353057093454507 0.195433326290001 0.231468324997389 0.150201203001022 0.0742071624416301 0.11441304522071 0.251330139462176 0.551254766941225 0.471518440792921 0.375612538689632 0.238770331421419 0.0843295077485426 0.155132971145257 0.326900926163843 0.325415761770042 0.28216394016062 0.164614880990384 0.492813564236489 0.335162292107674 0.260491083348393 0.276247186728748 0.222633480554905 0.199035556998634 0.0202499730417269 0.211161694261437 0.284411326520533 0.251738018542907 0.216500633226721 0.190551126716428 0.25737744374818 0.261142243644698 0.1819144950512 0.121237505068225 0.276887749994715 0.231582276683025 0.249184070893675 0.242127324516941 0.0992841906860633 0.115083203530428 0.451120640750113 0.378837502313569 0.149215484785265 0.142673438443847 0.756312217531096 0.55401518770438 0.351781719218165 0.303875564106983 0.195392241333943 0.19760249518928 0.240059005895438 0.29957040304786 0.136205799021336 0.159983501578035 0.180592277198269 0.298364614379901 0.150401246557462 0.077525608832029 0.178551027372774 0.317873574610242 0.202030380917742 0.262780912141519 0.238222771903349 0.225207353032017 0.5038942817046 0.337973490627137 0.5688917257598 0.379865681279011 0.395829175357564 0.513962660549372 0.355193778710441 0.385745625153008 0.252246996430361 0.335996926447066 0.286039858428408
0.282298857412256 0.0385482246708404 0.336292606517532 0.477948030544869 0.404485554038393 0.946685378985009 0.194176989526448 0.602552387801092 0.311416502347732 0 0.18241929555552 0.103496302444507 0.192463450268088 0.573011594273839 0.173769141610586 0.949966446686105 0.0558222572731503 0.068196798300562 -0.0416433002837402 -0.189038383050971 0.594797083280248 0.850511558621313 0.428366579482994 0.754331523205177 0.919269944015167 0.960523588170009 -0.286197368991581 0.702918260170882 0.571859743733543 0.739018867378746 -0.0762782164175602 -0.273792607545551 0.288677510136851 0.198387807963239 0.358184717752415 0.795775021969744 0.517743136099391 0.881479004570898 0.218194232071348 0.911929894648416 0.130286187081632 0.0611168849785856 0.115794800126937 0.0776532716592798 0.238039491198645 0.208186847095892 0.179754886378925 0.199350052744761 0.26259255985548 0.413163967028353 0.27208641994804 0.165634056488521 0.152876214222804 0.216226506847206 0.312397151085477 0.214747465569345 0.0833283159833431 0.0212350941100107 0.419285266978912 0.279604162108681 0.183348683321318 0.11641280834336 0.261625023058562 0.111395254351617 0.0347933746908095 0.645201505802288 -0.154032281976605 0.749370797139906 -0.110112377477133 0.660311584560023 -0.102266850245961 -0.0126741148296064 -0.0227690461193113 0.18636440390854 0.0257279138312063 0.259853381496478 -0.0656323133266832 0.930264617621008 0.294334698066209 0.352502330321593 0.191817139583094 0.449895284047521 -0.0763758272482829 -0.056019492631437 0.154084786650453 0.00349322482732118 0.0693647951757559 0.123926564126292 0.332035964092566
0.777782114575003 0.626268174211619 0.460296839788124 0.432491941947658 0.236542396343809 0.189158193626321 0.59171460689664 0.475375438047314 0.220967243735467 0.18241929555552 0 0.692025608125592 0.7848661734762 0.631678273748213 0.379468805460198 0.297358392871345 0.6621422201497 0.664612991350188 0.666891367451822 0.588760280567858 0.0571689137957958 0.178599317958386 0.410636047885961 0.202199868735952 0.173613136483628 0.176756142438368 0.599864706066303 0.593564370783007 0.396965651364162 0.289483161851133 0.614958469742254 0.526275629735208 0.0614782340374993 0.19461381763799 0.333632749302029 0.263956482335613 0.41201088551741 0.235316168804968 0.332174816005851 0.197546664820732 0.513043413139415 0.508154429627276 0.454644387237422 0.415129649274811 0.529255570045126 0.474152616656934 0.542832292359221 0.499422619822473 0.555365961369202 0.52791522549791 0.616545788321778 0.510432502302572 0.610697305020741 0.566781827142709 0.747246360276229 0.631998659159563 0.831626953797325 0.742212725685327 0.176957980081311 0.333041772747591 0.530674425336529 0.478645901321052 0.530072500426682 0.469103221110497 0.207100434232512 0.305147503300535 0.37190047271987 0.411862705026286 0.188835210331168 0.32174036773255 0.30028506989315 0.345892954136653 0.590238585625876 0.587075423652549 0.602376555647797 0.563279838540468 0.363486594775324 0.282106916290022 0.461385685127782 0.499545537492093 0.503604994453575 0.529464260308707 0.0702862992975637 0.184535941760708 0.445180021522697 0.489137840430836 0.547948429881465 0.527406140227455 0.555031990988528
0.534622827010124 0.492828287773211 0.336800216688706 0.452802773117156 0.214832714367195 0.110371104600998 0.494863222196545 0.540314612140193 0.0767528022667486 0.103496302444507 0.692025608125592 0 0.585979239942008 0.737660116649977 0.293398417073597 0.248142746257186 0.596335474055177 0.650186253371127 0.506852463209344 0.546072613210854 0.08457282196097 0.0998216450484661 0.422004242919081 0.229327136786759 0.0651812880329916 0.075707944066634 0.634013218877593 0.597674793976066 0.452014665301228 0.294654447720386 0.574379188420181 0.596678150281854 0.0237179094926201 0.216930189224208 0.249832638319325 0.163863564628801 0.374736908837223 0.172234832044486 0.466243056212251 0.118486352867369 0.449307014052269 0.442811050645234 0.427891230423195 0.347169410402168 0.41696505352706 0.316929105787271 0.454512701956268 0.413292684400757 0.412613517126275 0.394808982542555 0.39400775295444 0.303351102208693 0.390143344971438 0.359540311365306 0.419199004172953 0.526932663946039 0.723886401898288 0.785841941652487 0.0286137708943191 0.237400709438498 0.419951669477109 0.440384406636594 0.376184216576753 0.375639510580074 0.253508280632333 0.318359344060065 0.304806997220151 0.376989282953674 0.266312868828999 0.407477869732319 0.243525160495732 0.325331269315683 0.585127028423212 0.543179865496445 0.659151991343313 0.579468173035818 0.466768683904415 0.198064858798153 0.403127114739535 0.568616895254714 0.381393977419241 0.468090316595202 0.129639140685799 0.197752714521545 0.378524830614625 0.369660858317337 0.520576468067083 0.506902084981638 0.41996487686412
0.698016684876473 0.608387628262244 0.71090090248209 0.611430868519967 0.420513864118325 0.190464345294537 0.790158824916189 0.538089376793506 0.512263015928467 0.192463450268088 0.7848661734762 0.585979239942008 0 0.662232147450754 0.714406384804074 0.358387549353527 0.609571843211122 0.640534990287288 0.679383017003498 0.527017294750644 0.0800658819787839 0.180787724675923 0.692421143392527 0.400478937512309 0.252295619658539 0.184002117607097 0.574159731754514 0.48535807721432 0.510600348992675 0.380551964701466 0.68685616032025 0.565650965849181 0.388543235798884 0.350657589319941 0.424296769311871 0.290404185062272 0.47277665616945 0.263302169888792 0.353122745503238 0.199866660008758 0.626989190574758 0.605218491124243 0.566223831539241 0.510047442176893 0.592921716216145 0.582310712737774 0.599803931797205 0.546166126810389 0.640087895019905 0.593904137268757 0.599781550848737 0.533570026679502 0.501153462711352 0.487361486155644 0.651671906705301 0.582596762054124 0.724834653712098 0.593330480993982 0.506433128615411 0.518789410018478 0.642241501975255 0.572945843239847 0.526126092601173 0.51294239742945 0.379671981941171 0.323627478147392 0.385909183006561 0.327251861787646 0.221402341037976 0.327972382916925 0.41872824714238 0.41797249572567 0.59414108929079 0.68123539248233 0.66365801599372 0.639228104775584 0.56223774085323 0.281074332086947 0.74258914915501 0.65830839934698 0.725446527241391 0.642014408219432 0.306822441440506 0.488968911539171 0.529136551660521 0.580106113756437 0.543542878487812 0.630308516420717 0.588453760225202
0.517190943310228 0.328754521319764 0.468195755983568 0.598141801167051 0.376038425567516 0.551671836307869 0.489214667961851 0.67205765316894 0.311412252330445 0.573011594273839 0.631678273748213 0.737660116649977 0.662232147450754 0 0.492819451582471 0.722200595440803 0.452373396858507 0.489602117984337 0.333693592759122 0.290338824013216 0.395587332972783 0.50705769812798 0.637151748270228 0.655338667660021 0.53208844041636 0.557232854813674 0.312651106524121 0.791708392311545 0.672301347524037 0.625646734162062 0.40382572225198 0.3043536803485 0.229788501514495 0.291364511446608 0.330690329196102 0.45325976340363 0.535588479127106 0.566793389716302 0.431982668475724 0.558204642555448 0.42218311563119 0.392935860141304 0.377573011374099 0.299885877174985 0.485006817934803 0.38742296948405 0.44168758665249 0.43761440125408 0.499974012327959 0.53821451552901 0.417569006073435 0.286482734674028 0.364395901816841 0.37641775516329 0.473024296518387 0.453157909658785 0.626720287920354 0.545875510277973 0.336013393849 0.363480167492647 0.44569343535038 0.400285130508408 0.37678444027749 0.283508841712766 0.184462754265223 0.527262678740187 0.162605185734428 0.615205747221375 0.114273749562708 0.637446674868221 0.115241472420621 0.213420172164033 0.421273084890265 0.534610863045 0.54556529425394 0.613266121377781 0.376622974024821 0.645150112626277 0.582556909076525 0.697298391208628 0.443245871418312 0.584732950676018 0.0446285223716945 0.152479950029586 0.367977663244433 0.308306220373923 0.385343160854531 0.419172645178276 0.545341964366337
0.454829422388398 0.39347157708093 0.641336064279567 0.552854666865892 0.467850707457885 0.166816661555525 0.544448834355726 0.268113413827505 0.600739946253817 0.173769141610586 0.379468805460198 0.293398417073597 0.714406384804074 0.492819451582471 0 0.360367396329681 0.44657803917263 0.422375600000465 0.502453091409119 0.334574150433158 0.127669160593513 0.134845310657061 0.748775440688556 0.510587037077793 0.318650276057614 0.216750997532047 0.303774492360102 0.298988697999328 0.422265099383938 0.349629880542992 0.488783743784615 0.329660620388352 0.493223236832837 0.432041469432568 0.31353251565451 0.253496317851685 0.374837677711527 0.240980362421238 0.230985824651787 0.195631999185919 0.403452268912905 0.385963744271031 0.384171936733208 0.343591577724697 0.418673425062956 0.391538435572133 0.377743266504033 0.346664831581978 0.431505653261283 0.401808124340136 0.470943860108489 0.419979422770581 0.244944238890158 0.292585375654086 0.317586540234947 0.262442201605313 0.419069119371313 0.255905129251999 0.621335066612966 0.41137161562783 0.440395728961334 0.374825453932912 0.391057165776547 0.385438410602277 0.236413090375075 0.138276456135026 0.160229214223646 0.109597290696207 0.136658804937943 0.212689580867504 0.208958431294524 0.20412892272792 0.392994137511366 0.538495831158637 0.401686450320374 0.473377800095618 0.531800231512894 0.256628486185258 0.748475011582301 0.574379679866232 0.643754749965763 0.485940832151606 0.194233220987436 0.384327082436833 0.275695090867547 0.292065173666706 0.203502726865069 0.332200537459363 0.439692825583502
0.395590442132854 0.136888939225626 0.461507357116044 0.597282620097274 0.473004201362515 0.932415843406308 0.301710232428399 0.648627413368663 0.353057093454507 0.949966446686105 0.297358392871345 0.248142746257186 0.358387549353527 0.722200595440803 0.360367396329681 0 0.204068336254349 0.218235101335638 0.107291739700746 -0.0520198481835412 0.585238559821988 0.81569406690193 0.605337753129381 0.846724493635033 0.916255426373501 0.946050754488422 -0.129128108317771 0.793869595139956 0.696226036583331 0.810482263738938 0.0936256907951901 -0.115739822566127 0.375763523063625 0.2777300402369 0.407875603764608 0.775058724134971 0.593530454718457 0.875839724797857 0.299444583574594 0.894842894531473 0.253970788988663 0.193276292485507 0.233042888375678 0.186004721672803 0.353980770832725 0.315511259642576 0.27893921272672 0.296013048503712 0.360839507516393 0.517907112573533 0.379966975045639 0.255298132584914 0.242858155655265 0.308880648467407 0.354246697592317 0.278758575229773 0.243338728926433 0.14869033684422 0.487319798228706 0.341978098090741 0.304437042713826 0.240011040645587 0.349702763547773 0.20298239208593 0.0946745009023252 0.672298031640326 -0.0827836522969772 0.769661046806576 -0.0356479255070318 0.702336093720067 -0.0211683879568488 0.0821865144706945 0.121796384619137 0.329538762030235 0.171150648301985 0.387844576784307 0.0884921177366673 0.936236998714085 0.458272463447467 0.509562011442638 0.305460523330258 0.546403176882075 -0.0437053412349211 0.0178006564833578 0.228689225727559 0.102199537481546 0.166686944643549 0.22439251490354 0.453268340926867
0.84347059982741 0.825992238058149 0.571220841169908 0.533383137485265 0.231188695095393 0.112826252675908 0.485055527020406 0.337240407697182 0.195433326290001 0.0558222572731503 0.6621422201497 0.596335474055177 0.609571843211122 0.452373396858507 0.44657803917263 0.204068336254349 0 0.947405342892195 0.822885705973856 0.802150868614818 0.0317117383732268 0.0868747727467739 0.535422244258101 0.270110926622131 0.150229416293128 0.127249981476949 0.762649510481666 0.58221686414371 0.497663171654611 0.36428936966868 0.856326852715373 0.736030978444996 0.222319817131189 0.409970337582737 0.491093150618544 0.311842285696295 0.611721814948297 0.275724979948083 0.46163459932488 0.105322981691319 0.764196822195195 0.765202625213233 0.767404621697295 0.721597808617232 0.738638674713124 0.705097850418615 0.733733752775053 0.671206495762209 0.745015039751378 0.705235008429437 0.848649017356137 0.786069551418938 0.723420250191429 0.744462908745028 0.576022582423952 0.606192538434506 0.736620082817633 0.819326855436645 0.252864293280752 0.384930831381636 0.719359042713589 0.710404053554122 0.776905453966349 0.745858254469528 0.182606089359875 0.147657276310072 0.339518734830336 0.334182311200116 0.35767841346432 0.298075219325363 0.43927483892777 0.591911055577399 0.872265459615561 0.853366659788601 0.80344428681442 0.758772007370287 0.619397610339767 0.220037629135935 0.597402272566042 0.641518061262253 0.601996992745441 0.62393615989082 -0.0452934592990807 0.130689776457881 0.452204276528998 0.430268410350687 0.544235624234578 0.561493667460054 0.7010436676461
0.829793750632981 0.835383183356197 0.585843667265241 0.552302843607812 0.230060870910734 0.121514572919743 0.527455506699873 0.411212314936311 0.231468324997389 0.068196798300562 0.664612991350188 0.650186253371127 0.640534990287288 0.489602117984337 0.422375600000465 0.218235101335638 0.947405342892195 0 0.803624204933616 0.777547122397324 0.00265264168148504 0.0974550713138157 0.545864683293983 0.270308476707121 0.149959823035707 0.120129780875736 0.783577576726095 0.611733074141457 0.535629483702377 0.379250330060876 0.868051017030155 0.758657517970192 0.22735276016652 0.418119664852964 0.488834963683512 0.318928786931391 0.609784986920937 0.275019681635234 0.483861074303238 0.108189198549387 0.789809897394569 0.793124024932304 0.789780150722806 0.74333217271397 0.73369133858275 0.715199549842701 0.718479873962033 0.655913286109875 0.734365981070577 0.70605213738792 0.828219886141247 0.786750077103294 0.681937704993182 0.716226621347536 0.575018469379721 0.642612821786299 0.753536930948195 0.861581108878247 0.26414354527386 0.395375424311947 0.728923822563988 0.738264765900992 0.751070808277024 0.734144916238788 0.243205937686592 0.21361438782904 0.389145516018026 0.374441139847285 0.389947774361737 0.320238396765048 0.491886129214771 0.61359344529304 0.877994763795728 0.873340668579541 0.814629412290085 0.768093537258636 0.634081654097137 0.222421757741318 0.599553408199393 0.65833374009749 0.615459940205897 0.633498296622261 0.0437058487757079 0.212924285273881 0.511971169662265 0.49100995298467 0.621539247746462 0.635331763519348 0.68989207358785
0.830042521020714 0.836741481797985 0.570664318189662 0.530274145002366 0.2780367452424 0.0298415202289758 0.519605076891879 0.27374296608715 0.150201203001022 -0.0416433002837402 0.666891367451822 0.506852463209344 0.679383017003498 0.333693592759122 0.502453091409119 0.107291739700746 0.822885705973856 0.803624204933616 0 0.845466566898438 -0.0785643335930346 -0.0229370064214472 0.515125953504555 0.197267706689451 0.0795160607050326 0.0227252019404181 0.687271487882286 0.409063729582672 0.361153946334263 0.222557463358569 0.813091138672268 0.668843352286765 0.251462511349563 0.405163500369121 0.399442160547986 0.246792296197071 0.473701722365284 0.183984243432609 0.348313870488907 0.0249364832336236 0.683116883545541 0.705258521997808 0.724359020538858 0.695140076468622 0.694616128506174 0.706504589814397 0.693925229756743 0.658563254850528 0.670835101221899 0.673832918870506 0.806155521211238 0.778751715462231 0.654493405034093 0.679985498234243 0.514950843789631 0.525991635795215 0.744508693299386 0.656022271510042 0.268263101272653 0.352422525396381 0.633392804288171 0.651701814349726 0.733594956791459 0.722912215940429 0.212125922681815 0.0640487898116091 0.283104473589699 0.198340956683564 0.336047614949595 0.161345774056191 0.397657426069316 0.550755688960348 0.686999329486378 0.743836261659923 0.652782694674865 0.640628146641356 0.58095956250566 0.124257623340109 0.618522769604324 0.575625183435752 0.570879244054689 0.564483341146979 0.0210046872542955 0.214343599804789 0.414100843609574 0.480189995821406 0.474493856439154 0.50631457129031 0.690881162855449
0.683814093464237 0.826789491836051 0.371835155710082 0.391629395252582 0.104065857121796 -0.115521538982198 0.391320885881302 0.170286783248785 0.0742071624416301 -0.189038383050971 0.588760280567858 0.546072613210854 0.527017294750644 0.290338824013216 0.334574150433158 -0.0520198481835412 0.802150868614818 0.777547122397324 0.845466566898438 0 -0.0952573279259934 -0.141807644532969 0.362178390810696 0.0868020851450265 -0.107317157881737 -0.14384474721273 0.724323422778192 0.315403761160936 0.210393321665037 0.0564266739601933 0.759469309552334 0.711865613930978 0.104417509944879 0.357877450839842 0.212611533849717 0.0828464850408259 0.361678601616983 0.0158008911567677 0.263504379356385 -0.173765718264455 0.587618499610871 0.639189075804083 0.656467824199039 0.619092403249862 0.643107838883254 0.605633455187839 0.604803298448963 0.579392692584139 0.60559627839123 0.552088255929664 0.693525667141624 0.721984861567295 0.62944202076804 0.635938839425835 0.474434542263702 0.501116812204973 0.635861986389576 0.661497501380503 0.148283661507659 0.281166908199096 0.576456372452378 0.618869291501671 0.676741894891704 0.678877281644158 0.0545150361347018 -0.113695986586473 0.253991404334017 0.086200892692067 0.372741979181499 0.10979647216673 0.277884017487961 0.469629739735008 0.69801283368099 0.722232898972642 0.650092816892237 0.624470272618667 0.518187396093292 -0.0365639814444154 0.492733458941136 0.491210288823499 0.402999557747431 0.368250305188655 -0.134706977315099 0.03989191558193 0.306548793614828 0.359106833477087 0.36774993245828 0.369772512998725 0.651473376106854
0.123969851389483 -0.0122578954896573 0.135636680906772 0.339254072204648 0.168722494448982 0.549224307960881 0.0690362277060763 0.375017880250727 0.11441304522071 0.594797083280248 0.0571689137957958 0.08457282196097 0.0800658819787839 0.395587332972783 0.127669160593513 0.585238559821988 0.0317117383732268 0.00265264168148504 -0.0785643335930346 -0.0952573279259934 0 0.60955603099911 0.281809886215321 0.495135456284751 0.551549887590113 0.589886980691563 -0.146200402734414 0.4402362502008 0.412973511487924 0.519313182298805 -0.0362510560946145 -0.101728964737397 0.192173347238788 0.1619657933809 0.233178419674757 0.421900149864951 0.349527192612973 0.53986436087827 0.100783024123681 0.543672974082144 0.102605448238327 0.0317662006483591 0.0534453421459526 -0.0173249577258816 0.172018465490533 0.0782220500312731 0.0776111781205255 0.0443175691238985 0.119163647634624 0.151597850246624 0.115742322879863 0.0208308253829889 0.0656251116140948 0.0930427690773467 0.0734268018140205 0.0877034142320666 0.0250819006874233 -0.0151288497605186 0.223243320773365 0.147826167794679 0.0953485580690065 0.0408877277131964 0.116377871759242 0.0658578591550478 0.14980105573506 0.419754141508525 0.00675997456955889 0.469819700046411 -0.166831092849368 0.438636285695884 -0.0505854894568704 0.0206688009455557 0.0762108134115574 0.12957992584475 0.071934772493017 0.154861343293369 -0.00930562923846305 0.570275248672833 0.181451862877876 0.156859093256512 0.0646217574863243 0.212545600973681 -0.0137375017279001 -0.0480229144303307 0.125768412270857 -0.0187133420657917 0.059421592852364 0.0312354708042885 0.171182380044988
0.313387284016205 0.101608846099724 0.342631237783959 0.422837130916458 0.353726675743893 0.782812385459995 0.193446970098212 0.516018155247735 0.251330139462176 0.850511558621313 0.178599317958386 0.0998216450484661 0.180787724675923 0.50705769812798 0.134845310657061 0.81569406690193 0.0868747727467739 0.0974550713138157 -0.0229370064214472 -0.141807644532969 0.60955603099911 0 0.404016303287102 0.646358548672568 0.812445297302218 0.836287590983639 -0.242195937891101 0.635782311029258 0.566939298193293 0.670186364036411 0.00350945064992992 -0.183475735599089 0.266908293448263 0.176048415300005 0.406034147581035 0.656297748333975 0.484240723806198 0.774057421747122 0.263720916191077 0.808678900296611 0.175222146194023 0.098415497705745 0.149196547375923 0.109356204318422 0.270620200426609 0.228592368196471 0.239277735962879 0.247294858387077 0.286394100201339 0.395332737303186 0.304112774734061 0.183350294743039 0.242130761591227 0.29763416532559 0.30577970416668 0.197213594798184 0.0893371489472824 0.0627688007495145 0.338422718308185 0.23416912660543 0.248995906373265 0.146631636794827 0.327274461489697 0.191554998665863 0.132178120429806 0.655664534243994 -0.0514679529594376 0.702441043319676 -0.0396629684159657 0.637452573277861 -0.0322243146489084 0.10901895376376 0.0372625503963444 0.185733251538019 0.105253055795194 0.293006509031188 0.0266304165699319 0.819077261085862 0.269594825542147 0.328271264878721 0.223466280319318 0.4427745017535 -0.0402762293698153 0.00570424067105882 0.249016673581587 0.101858940186941 0.137550809192908 0.187188895763773 0.37891547226592
0.596433906466988 0.482214128280751 0.848437587453806 0.828791118078371 0.5960207204996 0.46118995627713 0.689427159081142 0.617727870404371 0.551254766941225 0.428366579482994 0.410636047885961 0.422004242919081 0.692421143392527 0.637151748270228 0.748775440688556 0.605337753129381 0.535422244258101 0.545864683293983 0.515125953504555 0.362178390810696 0.281809886215321 0.404016303287102 0 0.790273360371387 0.563762454572894 0.478078515346544 0.364688122182861 0.611494684802394 0.777931189224139 0.739360126654927 0.61818451760198 0.452326575959624 0.663977444032064 0.468713045715169 0.566058046714396 0.52253563608017 0.617895372233911 0.511252913592386 0.428850352364121 0.437031832608075 0.627916326208154 0.573620825115002 0.567301661197541 0.494562706588299 0.614722557328547 0.556068747563164 0.53852019053938 0.500556826899634 0.586781703767741 0.634752601245863 0.571178406147521 0.496558351359245 0.392051884355249 0.460119488442587 0.431687090896864 0.450413444529676 0.477782673484129 0.405710518437562 0.687544558106737 0.524347600017719 0.656356441431041 0.592084773006242 0.531702899427934 0.506564387066681 0.40640342458003 0.469438384127429 0.24128083594129 0.486626940479888 0.234366136398456 0.500578399643006 0.414056475493291 0.441750996572855 0.515917007939922 0.657123315948799 0.558657751195802 0.616387678936377 0.564776340854841 0.528931838214101 0.791429969558166 0.720088685735666 0.676710859794579 0.691257621792482 0.248346804145913 0.394192697993948 0.507814433898301 0.437711461275387 0.441456889635172 0.531469804850839 0.627945982212682
0.366612687995613 0.215354597734102 0.580520470247516 0.748931897011047 0.492367138960326 0.737391845210905 0.381227669392985 0.622917665884172 0.471518440792921 0.754331523205177 0.202199868735952 0.229327136786759 0.400478937512309 0.655338667660021 0.510587037077793 0.846724493635033 0.270110926622131 0.270308476707121 0.197267706689451 0.0868020851450265 0.495135456284751 0.646358548672568 0.790273360371387 0 0.811178480549279 0.774575059483073 -0.0127871336563795 0.650650824059785 0.701809689186039 0.803110818611532 0.244905694298401 0.0642106317512112 0.59023830720546 0.412194455568859 0.447239059764746 0.673556893517714 0.582376754649075 0.728866136582305 0.325989937354237 0.701971277783628 0.331064717622592 0.280911255896348 0.304720588622977 0.245552289933184 0.447394491360224 0.375643777673464 0.353149748124803 0.355575549886798 0.403137545098251 0.531276292280866 0.405117627545882 0.327833836748815 0.221290729106173 0.292393281342015 0.317858881369357 0.32525219884034 0.228239156041523 0.137458184763001 0.678442713971321 0.495368831619273 0.40460772688854 0.360108182579657 0.373287353256293 0.273284744699332 0.153528610212755 0.537677320747572 -0.0307261831953122 0.630794863716985 0.0749632685517966 0.634387434886417 0.103564627337411 0.158053963309355 0.228833970286012 0.424796002675117 0.286874449788449 0.471748617488419 0.284363789144237 0.770757144836066 0.622642484006498 0.611728990275938 0.392952811204525 0.555276989630334 0.0224605755672569 0.09824919215384 0.278909027814154 0.170409676644909 0.151678491364522 0.239073715344538 0.562135843445781
0.3565215221301 0.137600644957977 0.451440500239217 0.535148917331958 0.499315135140451 0.904706183459608 0.208960131318528 0.511599445072289 0.375612538689632 0.919269944015167 0.173613136483628 0.0651812880329916 0.252295619658539 0.53208844041636 0.318650276057614 0.916255426373501 0.150229416293128 0.149959823035707 0.0795160607050326 -0.107317157881737 0.551549887590113 0.812445297302218 0.563762454572894 0.811178480549279 0 0.950184238035046 -0.236930281382036 0.666125570680754 0.60971147399262 0.739816556824376 0.0339660440521187 -0.219476212525402 0.447703396283889 0.309877498915081 0.419167990470246 0.822509298946218 0.536387969389286 0.890499181698927 0.258563338723526 0.884214563643362 0.218619339601975 0.162426605234202 0.198382070366925 0.164564758263061 0.33289444158692 0.305482419590521 0.257327391399191 0.268662079878469 0.344538725478059 0.494594171704752 0.38382933058318 0.278963990140352 0.214078195787142 0.301728432240759 0.330062590955423 0.219072357998966 0.129653262162417 0.0422766524755692 0.521166183880572 0.313765449436292 0.258774096035262 0.215204730624904 0.357001919890385 0.202677496235714 0.0694085167015555 0.60026214967503 -0.125533314957536 0.70399004777055 -0.03249560840071 0.660277579708082 -0.0323166259703982 0.0324864215899237 0.0605860419005916 0.285343313936192 0.10886490289043 0.35320940623556 0.0423933410885415 0.923789285325388 0.448412806358935 0.440122082256142 0.335239586918741 0.52562694182846 -0.0703598338925878 0.017962464239302 0.197831260506076 0.0449694218314121 0.0993967995429841 0.162136601486507 0.432394573614778
