0 0.0572428945585048 0.034419945524716 0.0365053752857692 0.0173488571059085 0.0167748149704122 0.0420515736957624 0.0336050275565914 0.021923005650302 0.0116652492986138 0.0415832900368218 0.038954118837747 0.0392796205120814 0.0412203630499307 0.0235199569855532 0.0265131467401656 0.0550949884551375 0.057428532641464 0.0495507830533912 0.0377158361845363 0.00569987475077991 0.00232252761318401 0.0287946269213538 0.0246726826758647 0.0157281183015289 0.0142447373223666 0.0256757181901604 0.0469010134214784 0.0230706246408027 0.016872971201825 0.0439240876782966 0.0315437958775439 0.0286154611755934 0.0176920069054677 0.0247702130360567 0.0221783312111985 0.0170824722318924 0.012944120722811 0.0220073715699109 0.0202924482388904 0.0688573323677108 0.0630815888899268 0.063193310645707 0.0685904938686128 0.05155066708077 0.0545189445035159 0.0750894087448103 0.0701269503247017 0.0382149004545165 0.0352445769111909 0.08308437136347 0.071139544124584 0.067451229885351 0.060746149064726 0.0623431172442061 0.0457348389594625 0.0680354731862181 0.065770531026912 0.0635097326476162 0.0485590186371824 0.0486711945046314 0.0479769599783412 0.0727073629793274 0.0680698340543546 0.0315597427818478 0.027901927213892 0.0251269815997176 0.0323600782502352 0.017400844126253 0.0233063883001204 0.0182501076664851 0.0196730501315355 0.0555038453583225 0.0596988227522584 0.0622841005502133 0.056396871440644 0.0285676078638472 0.0248911031442759 0.0539412376310048 0.0550227664839293 0.0329994215440094 0.0352740679642897 0.0320899639574456 0.0369584983955237 0.0265270194804933 0.0311114847552296 0.0337104365814234 0.0408337835926015 0.0286790050671162
0.0572428945585048 0 0.0301894714427598 0.0353266480703209 0.0158818929670062 0.0163059771381544 0.0364927897107195 0.032622468814949 0.0196716146250525 0.0117646608695842 0.0358219189582582 0.036827535574857 0.0337369383205118 0.0392383428357561 0.0207510213513451 0.0249734864110218 0.0522037464510925 0.0565662186035374 0.0450667608179196 0.0358726059825933 0.00617455491477989 0.00403719487778841 0.0258831402525374 0.023649347939797 0.0152734623711649 0.0137559676998705 0.0233558319372855 0.0448643013921703 0.0219069409773066 0.0170423103348691 0.0419170554591063 0.0309083701661814 0.0307456662301512 0.020501409760965 0.0247779629899617 0.0210339741374909 0.0160821720252219 0.0125930176181902 0.0222619636292157 0.0199485717998065 0.0681475195633621 0.0625807589807471 0.0650257677491898 0.0715842864701008 0.0526629624862914 0.0552394222974557 0.0761408921164311 0.072871096876979 0.0374938835266498 0.0354127740765279 0.0796298232767719 0.0700239381849846 0.0625323010651396 0.0605148813342789 0.0554986599315628 0.0447789075520625 0.0623140282336658 0.0656436918752687 0.0562152199139428 0.0469419229392553 0.0463545549317784 0.0472764855732277 0.0697914569980976 0.0653353883297645 0.0292937964756788 0.027213140769847 0.0238539008702886 0.0317811165467706 0.0149085383753241 0.0197191586943642 0.0179069873679828 0.0201704906646674 0.0550204172765597 0.0606148891055703 0.0589436090295471 0.0554359960415826 0.027082155003074 0.0233405342545919 0.0488885330251947 0.053612256754337 0.0306633765186356 0.0348985216875528 0.0320268100873984 0.0366678234174575 0.027104915866658 0.0304116387052014 0.0337117081374227 0.0403099588779766 0.0275285166719813
0.034419945524716 0.0301894714427598 0 0.0293096726989874 0.0169831865088655 0.010573708739242 0.0366188261763428 0.0271503689811513 0.0201690196794025 0.00977988985825239 0.0274214001345835 0.022445124697894 0.0297042000272222 0.0279670665524146 0.0220359139049359 0.0268750076160826 0.0278350399230054 0.0288564297673476 0.0271004318019804 0.019945449433023 0.00632442082709242 0.00101036010993327 0.029344952028559 0.0237704178064071 0.0137474971164538 0.0108823308938965 0.015099095374465 0.0253519255427888 0.0183801300003799 0.0138909401685364 0.0290815331702643 0.0208255971237635 0.0271545114425765 0.0149653155849437 0.0172542183010932 0.014739456524123 0.0125599420543675 0.00859912963733833 0.0122708170153816 0.0115354559996608 0.043630304896863 0.0372563425440545 0.0396100933964294 0.0404481426112732 0.0325235760979618 0.0326428593381939 0.0470693414320913 0.0458321907301885 0.0226293660862004 0.0216228012071718 0.040955337780835 0.0349308692368104 0.0406931505875886 0.0333383546175086 0.0451731230823586 0.0348219104681579 0.0411490814745285 0.0342533710283479 0.062427439185556 0.0534224480183655 0.0360410920349409 0.0337132469626725 0.03849870012702 0.0340654788971478 0.0209815036547915 0.0191136688524525 0.0156277483428388 0.0193447748812968 0.0126945932412342 0.0117038412151825 0.012955875774665 0.0123919373339398 0.0315652614053118 0.032801733094134 0.0337534942429783 0.0340817416049215 0.0190818193555405 0.0177652005782911 0.0410890870918165 0.0425847965317284 0.0238436318977868 0.026104589913952 0.0269453380804444 0.0327797220666663 0.0154335958013459 0.0195928120638867 0.0219210584355374 0.0265222523523136 0.0187332313501764
0.0365053752857692 0.0353266480703209 0.0293096726989874 0 0.0156754368789397 0.0148637692099259 0.0362321719118289 0.0356903717813206 0.0208086030036185 0.0152500309963536 0.0263977901299644 0.0320294002747289 0.0267488612818386 0.0351196630200359 0.0187915677109865 0.0305659446437336 0.0328945780209434 0.0351493807198072 0.0325881327725209 0.0255990972976467 0.0065973915308031 0.00404037384586737 0.0278464251690826 0.0266453350362502 0.0130091428229249 0.0119251175994667 0.0168049786328192 0.0346020937733655 0.0213172132672968 0.0181760898920205 0.0355054850255114 0.0276695946116623 0.0302592789812632 0.0201917868945484 0.0196313294720766 0.0176023557432018 0.0133817186553906 0.0108329881909433 0.0127844738285065 0.012833931556914 0.0541874272143878 0.0477313783161798 0.0462000191351035 0.0504401892911186 0.0406455185379824 0.041177167286583 0.054430754124033 0.0553381280618095 0.0261324643036864 0.0245729272144379 0.0489721395630529 0.0422074211816621 0.0455542467387053 0.0431417703150664 0.0462993966323382 0.0459430414124126 0.0471894471446798 0.0518071508550093 0.0564811520514341 0.0621637045766008 0.0401737581836019 0.0430515656899352 0.0472485490271412 0.0423038576903365 0.0243148117104654 0.0234995823602702 0.017142908868152 0.0244345615449487 0.0161090020403754 0.0127003828937181 0.0146010826549321 0.0194122661446663 0.03845757842805 0.04036268448515 0.0384849235252064 0.0406797483839848 0.0191187686780108 0.0179136673259388 0.0389049852695609 0.0496295827528735 0.0240453452056825 0.0315424022375803 0.0335372461067466 0.0362279732990192 0.0205056821285754 0.0247627427089293 0.0289147814943253 0.0322929264537166 0.0218195954199638
0.0173488571059085 0.0158818929670062 0.0169831865088655 0.0156754368789397 0 0.00856416645311849 0.0213840284962662 0.0152594972893678 0.0166135721466613 0.0103201867456827 0.0181562584879499 0.0133282785999559 0.0182235160209262 0.0160629579594798 0.0150039680808073 0.0179349100147234 0.0142248473458034 0.015133354603394 0.0139977423548738 0.00989213045261198 0.00435660423142035 0.000750577303784013 0.0166672378755429 0.0130265382945364 0.00934093602435242 0.00712348072196703 0.00775658924335891 0.0130258288191775 0.00930006166024906 0.00712952589376839 0.0149370669287037 0.0108375992126904 0.0137387311829926 0.00769319839949333 0.00900208811166977 0.00623012391942011 0.00672357371689505 0.00450950073109524 0.0054507640406555 0.00656348684566996 0.0208504796684132 0.0174932086546821 0.0186138330556952 0.0188638627590691 0.0154516067168653 0.0160891268915634 0.0225189488987724 0.0234294154820135 0.0108223652404474 0.0110972023248312 0.0206561772753127 0.0189204041867016 0.0205607155202207 0.0173135526594719 0.0265888552379333 0.0224951437703577 0.023097913832883 0.0182839283263609 0.0348860027850465 0.0307535104795924 0.0183367597955306 0.0164186172358492 0.0189483811542862 0.0180241468240079 0.010221748920196 0.00925931868075573 0.00680390988960881 0.00835612242437998 0.00621062589290216 0.00348056424590069 0.0063402610272167 0.00528041946771624 0.0151681714711089 0.0169416314253351 0.0179336022203791 0.0184898046394312 0.0109402517713391 0.0101470881977136 0.0243426819956423 0.0240541916615081 0.0139787361605668 0.0144758683537873 0.0139514792042222 0.0190177246848267 0.00714598870789647 0.00994608388596499 0.010154065284634 0.0129843574368116 0.0087662963463037
0.0167748149704122 0.0163059771381544 0.010573708739242 0.0148637692099259 0.00856416645311849 0 0.0155622740250169 0.0147920457417829 0.0120333006597092 0.0118000095032821 0.0150736059146636 0.0145775515348398 0.0124613040055238 0.0152199637647722 0.00790056769818273 0.0147004697880709 0.0178774158649136 0.0170153650214477 0.0165923958285748 0.0121593970051203 0.00201492852672014 0.00648228153544197 0.00978112354447723 0.00915859241035 0.00794017944209249 0.0075064231390485 0.00899377732734685 0.0146465248256261 0.00799301571962871 0.00805565545932986 0.0167622119622871 0.01333568253362 0.0156488424299842 0.00895276418012315 0.00995442509961342 0.00815380459558954 0.00540341757478454 0.00663435577265338 0.00599331850235244 0.00571816377933283 0.0191841063207713 0.0175883485045418 0.0145875418291955 0.0161426452691022 0.0136181901098413 0.0170475028126392 0.0192227428153435 0.0195695095739884 0.00910663784117357 0.00933779939008637 0.0240996744864114 0.0223830458770177 0.01795926575016 0.0192396470418969 0.0195618748729284 0.018915707224883 0.0228469752006561 0.0241004762572092 0.0196171232842263 0.020482614954172 0.0161138075768885 0.0170207005445987 0.0224337746636828 0.0235243506072069 0.0112226688715222 0.00960841421546449 0.00531807233797813 0.0106413254138505 0.00306238504955557 0.00404309596452841 0.00423897467175604 0.00868073400470919 0.0151806397048755 0.0147124332857945 0.0188322949427349 0.0181490836929705 0.00758405156102765 0.00916768797731027 0.0170102807948925 0.020679596809795 0.0093120219205362 0.0115069974244467 0.0151183038675091 0.0170083037693333 0.0122385704799693 0.0124618311912441 0.0146921292767479 0.0142751009563926 0.00859914206369792
0.0420515736957624 0.0364927897107195 0.0366188261763428 0.0362321719118289 0.0213840284962662 0.0155622740250169 0 0.038383787884797 0.0283445839304551 0.0162438464882015 0.0378979282108295 0.0341887374314393 0.0387651155963552 0.0388770854469211 0.0263356670669538 0.0337821117396202 0.0363330050114551 0.0360046722179589 0.035791665176138 0.0266660950087923 0.00672648996126742 0.0022631061347631 0.0345898833469496 0.0286405081359905 0.0154884929435908 0.0122976460906622 0.0198699377243578 0.0349973696907387 0.023419635666971 0.0181756325273497 0.0372366224696097 0.027699226729172 0.0309203799189538 0.0166353786537612 0.0213291554050468 0.0173049731473403 0.0149631531433747 0.0111463790741403 0.0137118135714998 0.0124160219653984 0.0570046855973129 0.0498197588189076 0.0481248435063636 0.0505516600651254 0.0424681162118452 0.0430604509396435 0.0581857428703515 0.05912076104493 0.0281998027859913 0.0265600127355586 0.0499362903530408 0.0430105935445075 0.0501960536370805 0.0448894355365588 0.0580887992479504 0.050890579057201 0.0555804465934992 0.0518945564463956 0.069344888771608 0.0665401955047436 0.0436629179655052 0.0422662722077277 0.0478680926114222 0.0436087938594376 0.027363064536104 0.0246484289341337 0.0193334839720508 0.0250111082321073 0.0171624705296513 0.0143901293372929 0.0164912569356727 0.0170446079282207 0.0394702361694171 0.0405814086844884 0.0415405077945811 0.0420795872044777 0.0216298181534724 0.0199289661790617 0.0473238484637976 0.0525075800212385 0.0294019219108574 0.0339831888667142 0.0356608540148523 0.0408422975077198 0.0222285839987959 0.0267692221539505 0.0300181438503132 0.034578430840252 0.0239423230015374
0.0336050275565914 0.032622468814949 0.0271503689811513 0.0356903717813206 0.0152594972893678 0.0147920457417829 0.038383787884797 0 0.0223691631562028 0.0194793202939665 0.0292076925748373 0.04049832274254 0.0270282705817039 0.0413472088434622 0.017528859199502 0.0330532550678289 0.0319936518779024 0.0357505148108571 0.0332944366874997 0.0269456469541961 0.00599662227441399 0.00462861254981886 0.0266783995446612 0.0280223703401354 0.0106624749026435 0.00906556427526824 0.0187595693043995 0.0393021229120022 0.0241074052226755 0.0210480207236191 0.0375580891566119 0.0320163534944145 0.0290834464692933 0.0188791607641963 0.0197072477459272 0.0195108727252916 0.0131948705215305 0.0118585003679959 0.0120360083374872 0.0108566566466659 0.0589058730514303 0.052517170503494 0.0466613202040993 0.0529910287721109 0.0453654029716474 0.0443338965176527 0.0546490722148121 0.0580388961496274 0.0270124470991999 0.0252984720554854 0.0445720523523467 0.0378013106212184 0.0473208356534703 0.0476920359817729 0.0494782423516864 0.057963125936245 0.048654121431708 0.0619161313311566 0.0505590513112152 0.0670591741997236 0.0409378017561977 0.0456197458686801 0.0448367248451048 0.0409885381587724 0.0272512568231067 0.026385222491343 0.0195749491547802 0.0244955967854687 0.0214862509201199 0.0108803207543478 0.0185989847694784 0.0216903742617383 0.0386024898678416 0.043103790067112 0.0372257568814308 0.0411220455998063 0.0166405856041641 0.0166484976244043 0.0337394104388509 0.0505523299448705 0.0241828356312182 0.0368093010737417 0.0389394645883467 0.037748875461103 0.0230560621312004 0.0272757254338763 0.0328554294672714 0.0346510296847163 0.0242423402167466
0.021923005650302 0.0196716146250525 0.0201690196794025 0.0208086030036185 0.0166135721466613 0.0120333006597092 0.0283445839304551 0.0223691631562028 0 0.0161888505888271 0.0245308921355789 0.0208633975725927 0.0240079747169069 0.0234617687229125 0.018657710326257 0.024391419484477 0.0197983885179608 0.0189008417663087 0.0197041984825302 0.0132887875165527 0.00410485389957865 0.00336282576229463 0.0206345952612124 0.0163495974343476 0.0104128357883008 0.00812134361607326 0.0106016183027228 0.0197058906827949 0.0134246977038206 0.0105791666574319 0.0209861478926535 0.0154977935810902 0.0160806271948201 0.00860211582051957 0.0113682362858342 0.00890735588146259 0.00845764270296593 0.00643811401661363 0.00700741935916519 0.00588083227018726 0.0301463079281811 0.0254163618569284 0.0222408727868724 0.0238488914249203 0.0219325877172368 0.022948239995213 0.0296753037091006 0.0302307041996919 0.013493126220052 0.0129318852198315 0.0272794958067442 0.0244643550528011 0.0278193499671163 0.025662879026682 0.0353119100275253 0.0314232249316555 0.0321945932097531 0.0315940020085121 0.0395731850423821 0.0369620237406777 0.0218308686299245 0.0216033312540853 0.0240858054980326 0.0231702915051722 0.014329242004575 0.012817070431968 0.0088402410635875 0.0118932119415939 0.0075100835645389 0.00417564399106856 0.00839438518765726 0.0100975831062593 0.0204613821203045 0.0197902462709581 0.0219907393537667 0.0230729174982585 0.0113707864463577 0.0116661275847754 0.0265399096719278 0.0297338072907388 0.0175363124992389 0.0203567615415593 0.0230670575862953 0.0274996048780703 0.0129783433685632 0.0158051887190664 0.0176526099638669 0.019735267417727 0.0130423996454662
0.0116652492986138 0.0117646608695842 0.00977988985825239 0.0152500309963536 0.0103201867456827 0.0118000095032821 0.0162438464882015 0.0194793202939665 0.0161888505888271 0 0.0154798454373758 0.0179758868815689 0.0133316139041037 0.0202854443159453 0.0106573857820178 0.0219526563656321 0.0105196394121942 0.01198258206438 0.0138091566153277 0.00945049050355913 0.00235433111116517 0.00448951754152676 0.011991618313503 0.0125186031257213 0.00740728566451168 0.00636412417874408 0.0062438782531191 0.0150862482609485 0.00892602296812037 0.00897255532435302 0.0143000154425433 0.0115550821236987 0.00756861010847442 0.00478633925445462 0.00659062385714137 0.00609439764551927 0.00550655016778562 0.00565877759938002 0.00291598641186012 0.00410037829237779 0.016934582355048 0.0155458274669944 0.0082682103041755 0.0103147389885908 0.0116966346170757 0.0125896169850936 0.011208134616725 0.0139488873171142 0.00524476535379159 0.00587528224052083 0.0176315408578631 0.0146550361882341 0.0154251770944048 0.0157129458163901 0.0211632721954766 0.0264365921965098 0.0197065005836282 0.0242626510496543 0.0200483486762319 0.0284648435699156 0.0113107076044824 0.0139388986357018 0.0165184891813917 0.016447256666911 0.0098357151707999 0.00936640016687021 0.00620674980981076 0.00764588282912466 0.00520253243657357 0.0014614289583988 0.00455067380936969 0.00837540332936124 0.0116510028661704 0.0131093627681435 0.0129894189845743 0.0151769598897149 0.0050935783502066 0.00635923052132344 0.0135343285772697 0.0198996587714277 0.0104078723902138 0.0153452705166366 0.0174432062556511 0.0172923999491237 0.00731462070185118 0.00949748982767916 0.012430227270419 0.0123132991468074 0.00698588913631772
0.0415832900368218 0.0358219189582582 0.0274214001345835 0.0263977901299644 0.0181562584879499 0.0150736059146636 0.0378979282108295 0.0292076925748373 0.0245308921355789 0.0154798454373758 0 0.0342381559065175 0.0398364873646029 0.0372950992697613 0.0244408400964202 0.0259809869339218 0.0369285249880088 0.0377107574851631 0.0335804111330752 0.0252985584087919 0.00573142481656249 0.00466973288034201 0.026620700111689 0.0208012127674692 0.0146065173809519 0.0111083086309335 0.0215414720299824 0.0338204884649776 0.0192146402399713 0.0148998241950888 0.0308379717315566 0.0230926843922058 0.0184254041918174 0.00374169027418014 0.0183812292584685 0.0126468129686222 0.0125931532338526 0.0093715600703747 0.0145622423060566 0.0128351586133559 0.04823781873776 0.0420275846963405 0.0365677198408673 0.0386150968526079 0.0346422494062783 0.0360671891760983 0.0443351057215189 0.0440625954999897 0.0227350450170599 0.0218306601058952 0.0494447668286695 0.0435443657205037 0.0440936931455166 0.0407395167522032 0.0526746389693695 0.0405028652678583 0.0546537784973156 0.0493635147914453 0.0480751322119793 0.0376678596250379 0.0324769618498915 0.0305979388805038 0.042978108515915 0.0433050030429721 0.0236606731846541 0.0206795534501228 0.0186763701669226 0.0225694781025587 0.0154434824047075 0.0134866721774694 0.0146358142992649 0.0145266632839062 0.035620181313943 0.0392648361445038 0.0410270271038353 0.0378082502405274 0.0193731272544904 0.0175072363186014 0.0387324084647151 0.0386450612978391 0.0262222759459438 0.0269642593734705 0.024923583631899 0.0290410129176613 0.0182464789602545 0.0221993253569118 0.0246206626249977 0.0289156844614396 0.0201106129570575
0.038954118837747 0.036827535574857 0.022445124697894 0.0320294002747289 0.0133282785999559 0.0145775515348398 0.0341887374314393 0.04049832274254 0.0208633975725927 0.0179758868815689 0.0342381559065175 0 0.0296428855593635 0.0463509757911741 0.0159794583410603 0.0324862204344267 0.0392878192404731 0.0447060520386644 0.0370485283734694 0.0307171698998133 0.00525667131133884 0.00451173758469659 0.0224752129282094 0.0240827861476906 0.00908465784259319 0.00835982406878968 0.0224489200309435 0.0466798228319066 0.0239046209178339 0.0198241040236987 0.0367540514309464 0.0322342685254789 0.0176463990611032 0.0103080324278101 0.0160970095972555 0.0170088956998225 0.0117842153088302 0.0111277167670253 0.012977402654006 0.0125774009399974 0.0580496616622369 0.054899064671196 0.0433904031620502 0.0522698248906879 0.0446429688372208 0.0440602543918595 0.0535856030753684 0.0562844624116994 0.0272452952135397 0.0252488190555924 0.0521871348622459 0.0440222546232141 0.0506883486281267 0.0506709256803773 0.0490645875946523 0.054495457002451 0.0554473521828937 0.0726247910204564 0.0398188476069883 0.0496662294151685 0.0370944813303303 0.0410158974122621 0.0490542260984265 0.0464401150048105 0.0255978394268443 0.0246375725298361 0.0209259716742755 0.0251878010042277 0.0232759320542428 0.0136975446778175 0.0190130336911265 0.023189903619299 0.0449473347546092 0.051031289350827 0.0432012903102419 0.0458637126791712 0.017795148349638 0.0171184656908053 0.0324381176470362 0.0489511193419518 0.0234911429797149 0.0343304870596637 0.0308452743114693 0.0286005041816626 0.0202950333493478 0.0255979675923101 0.0304779702957393 0.0322340159397228 0.0223180165036131
0.0392796205120814 0.0337369383205118 0.0297042000272222 0.0267488612818386 0.0182235160209262 0.0124613040055238 0.0387651155963552 0.0270282705817039 0.0240079747169069 0.0133316139041037 0.0398364873646029 0.0296428855593635 0 0.035366362640297 0.0257042266551538 0.0287696060595984 0.0328105337696698 0.0324616292508655 0.0316447765471339 0.0226887678546979 0.0059198776539318 0.00198499621619584 0.0283367136772736 0.0223375939636328 0.0138157019071677 0.0108972447011216 0.0183182762118117 0.0293378572872866 0.0183210337060464 0.0133842508770876 0.0291035799890852 0.0203096706275487 0.0200926651191233 0.00726302918549144 0.0160505262782381 0.0117155448967594 0.0122955877850502 0.0085635375771206 0.0136697700746098 0.0110704272883327 0.044475809035598 0.0402504910300257 0.0370761980343895 0.0384276665042164 0.0321749259667584 0.0336028730080732 0.0463473203418353 0.0458820284063835 0.0230864606149125 0.0219188073066989 0.0459736694625093 0.039244804094973 0.0421664000072189 0.0358740788405842 0.0504846762944451 0.0358199957830149 0.0499696195565519 0.0399318738231118 0.0536226194959902 0.0430380441042002 0.0320263472661043 0.0294245820099265 0.0414940093817382 0.0391226758371232 0.0211608095244077 0.0185904532201156 0.0164714850563751 0.0190379795946201 0.0138499006580951 0.0125886445065963 0.0120198369864664 0.0114378578302033 0.0341928550230448 0.0369837966040918 0.0382196099310256 0.0360049033497267 0.0193707722314569 0.0176608736294066 0.0410277824558672 0.04040862348899 0.025493246935705 0.0259950970061764 0.0223571443322802 0.0283139637537852 0.0150430064463804 0.0196016501829891 0.0209379266469081 0.0263837165348434 0.0178435768345003
0.0412203630499307 0.0392383428357561 0.0279670665524146 0.0351196630200359 0.0160629579594798 0.0152199637647722 0.0388770854469211 0.0413472088434622 0.0234617687229125 0.0202854443159453 0.0372950992697613 0.0463509757911741 0.035366362640297 0 0.0221729878632697 0.0375302827880114 0.038980409429027 0.0432998537901333 0.0381781865736192 0.0318016299122382 0.00605308816592261 0.00576734848239901 0.0281330133045039 0.0291549857653875 0.0131826611847977 0.0116185664164529 0.0219503036602601 0.045476536705073 0.0246695239081751 0.0210653421902811 0.040034629013574 0.032080263912451 0.0263150195515683 0.0154409705606392 0.0195548031514628 0.0199785014072737 0.013904248801032 0.0109152897470157 0.0154444816144425 0.0138973448497972 0.0624922490272833 0.0584261698258307 0.0484779862649257 0.0556974778552915 0.0479430400833207 0.0476896951851619 0.0609639861790094 0.0625037426172015 0.0299578472579243 0.0280231220338681 0.0547733190688403 0.0459173974701019 0.0532708340798296 0.0511714715782857 0.0531494110614909 0.0507695517113009 0.0580459666777004 0.0718148441975608 0.0508216986845367 0.0555487592680581 0.0413730243811055 0.0444523805529253 0.0529945281184152 0.0503186113281988 0.0274555206165123 0.0266124036512006 0.0222099794735735 0.0253778447556333 0.0223047268104545 0.0147637216418868 0.0187775072556614 0.0231692130504075 0.0461371947613218 0.0528610538684553 0.0455271118106286 0.0496611533771788 0.0208006514099646 0.0197782729484878 0.0385422723923789 0.0547850941380834 0.0269421713596122 0.0373201540095222 0.0343577202237585 0.0352110932870357 0.0219195922092627 0.0272980113181299 0.0324538347107241 0.0353005405929447 0.0240708537621737
0.0235199569855532 0.0207510213513451 0.0220359139049359 0.0187915677109865 0.0150039680808073 0.00790056769818273 0.0263356670669538 0.017528859199502 0.018657710326257 0.0106573857820178 0.0244408400964202 0.0159794583410603 0.0257042266551538 0.0221729878632697 0 0.0228302845712581 0.0193954014611389 0.0188044066858531 0.0189750299376194 0.0128035521810526 0.00483308456236811 0.00185127700021574 0.0220133524962616 0.0174824240322804 0.0121505324523322 0.00884670545541778 0.0105197683538447 0.0170916547535033 0.0121661769376118 0.00977129791679224 0.0194338029459957 0.0123995274495611 0.0161010065267469 0.00969645068906168 0.0117526183068676 0.00810928558317318 0.00891024052675961 0.00469993946523856 0.00925681200552909 0.00728576471594756 0.0285533852439925 0.0245027686118614 0.0241211846261289 0.0249515683985981 0.0203459957205566 0.0208715655438062 0.0300365597430327 0.0289357447219206 0.0144951950718131 0.013874747516165 0.0281199428514824 0.0241708212241762 0.0255605146840366 0.019759689149869 0.0335178837492491 0.0233017419866052 0.0312229130423491 0.0214353024780013 0.0429607415331209 0.0348382001207466 0.0220459577570993 0.0197572911490798 0.0258046816303643 0.0233674922016378 0.0133781232710459 0.0120591016702648 0.00968776080200301 0.0110829943827889 0.00719901612176952 0.00495407814489554 0.00708130220760655 0.00655189386977939 0.02119622742342 0.0232554406052562 0.0240417598729199 0.0241846140708831 0.0143007050158152 0.0132087750444954 0.0305425075638446 0.0295045524175104 0.0181104610053418 0.0178450036919236 0.0158896654857945 0.0226994216019339 0.00857332858491038 0.0125094130693787 0.0129373284798651 0.0169979372066477 0.0119175914330338
0.0265131467401656 0.0249734864110218 0.0268750076160826 0.0305659446437336 0.0179349100147234 0.0147004697880709 0.0337821117396202 0.0330532550678289 0.024391419484477 0.0219526563656321 0.0259809869339218 0.0324862204344267 0.0287696060595984 0.0375302827880114 0.0228302845712581 0 0.0230083475714943 0.0270847947450191 0.0260613234752675 0.0192740800218541 0.00645706426394298 0.00535393629801797 0.0279255317575585 0.0279078270905246 0.0134185897616058 0.0112267458048736 0.0135864353002952 0.0280676543611279 0.0185816158897814 0.0169947332205022 0.029039744313105 0.0229481320074752 0.0217653593649469 0.0142866579939614 0.0136094339902123 0.0142635097800305 0.0112204793751879 0.00884239382943904 0.00924888399744465 0.00928360444768616 0.0386549346105963 0.0371348712405328 0.0294960721302909 0.0330719369193966 0.0296882037919136 0.029319098080954 0.0376884134850695 0.0396040438104748 0.0174887490791861 0.0174244668952504 0.0338555299420773 0.027565286830297 0.0350048518846124 0.0291133051753276 0.0417239340056161 0.0399934101899115 0.0407137985348424 0.0416680381339273 0.0519183784295606 0.0581230749416239 0.0297163746666932 0.0311886928907123 0.0350146285010093 0.0314823561219984 0.0186909674751659 0.0180370457767454 0.0136715152890085 0.0154154071229091 0.0163337706628812 0.00686382042685221 0.0125605459816002 0.0158890101145949 0.0291912072223438 0.033024951586284 0.0294959239981233 0.0350980336261175 0.0159263496823852 0.0179448235768771 0.0352499136071167 0.0471695208196304 0.0204457438861698 0.0286674465150162 0.0282599226945979 0.0311140046419067 0.0122046474159937 0.0176162294847259 0.0217062618843051 0.023973287515703 0.0158124125305228
0.0550949884551375 0.0522037464510925 0.0278350399230054 0.0328945780209434 0.0142248473458034 0.0178774158649136 0.0363330050114551 0.0319936518779024 0.0197983885179608 0.0105196394121942 0.0369285249880088 0.0392878192404731 0.0328105337696698 0.038980409429027 0.0193954014611389 0.0230083475714943 0 0.0603202384623777 0.0473836673032174 0.037431701044882 0.00599418426241713 0.00814947397820868 0.0236356144890645 0.0212431948030464 0.0132161059615995 0.0123743528890467 0.0282012360145251 0.0497113957097345 0.0237311809918932 0.0190431291694017 0.0454719776686645 0.0352061373620094 0.0294934190001224 0.0183339015741467 0.0264407543105533 0.0227463054593335 0.0159247878883011 0.0115030190269932 0.0209280038303666 0.01840625816097 0.0737741573086982 0.0647597018644289 0.0601033584281001 0.0667539656850454 0.0559072967970869 0.0574819467481468 0.0735926833258122 0.0706547403502686 0.0373787196569295 0.0335725540702545 0.0799384414352617 0.068866865920555 0.0600686357087853 0.060228482765598 0.0509182533864107 0.0420684110966798 0.0687673839747815 0.0776416780836925 0.0485278640258362 0.0394082482420772 0.0477595427975001 0.0472535023953502 0.0730712940331888 0.0680790477009802 0.0322035689114738 0.0284218991129042 0.0223903465652854 0.0319645842468723 0.0150321283115506 0.0201444192883824 0.0218266067867308 0.0249119945763566 0.0603975559058839 0.0615956190008081 0.0603979246101007 0.0543678470804102 0.0259127617223829 0.0220723681071901 0.0431644888154879 0.0510241857576561 0.0289758813254516 0.0329943076329615 0.0361360117301811 0.0404952918128086 0.0330596298014719 0.0350428014426597 0.0385522002883272 0.0437265600797351 0.0312341031389189
0.057428532641464 0.0565662186035374 0.0288564297673476 0.0351493807198072 0.015133354603394 0.0170153650214477 0.0360046722179589 0.0357505148108571 0.0189008417663087 0.01198258206438 0.0377107574851631 0.0447060520386644 0.0324616292508655 0.0432998537901333 0.0188044066858531 0.0270847947450191 0.0603202384623777 0 0.0494302256496873 0.0415456305504183 0.005621606305182 0.00437572720291829 0.0245413850085574 0.0229368448652188 0.012906043770344 0.0125802394684477 0.0278544986628902 0.055401158014511 0.024312499657069 0.0205116492100742 0.0465018819326171 0.0378804578988723 0.0237326849395813 0.0137222109944446 0.0245117326784425 0.0238540162061476 0.017558436799891 0.0116186616251069 0.0225989490564375 0.0208989722938805 0.0748749606905587 0.0693688873000976 0.0646172920323107 0.0722890370529863 0.0586889195902837 0.0610456535031328 0.0764682986742037 0.0762227278582411 0.038474480534408 0.0364013291270512 0.0834862137077683 0.0721096088216116 0.0653993207600852 0.0623806264449336 0.0534949778285808 0.0453228768007189 0.0693299942383774 0.0837107515385414 0.0519783441320152 0.0408337285359909 0.047278274825996 0.0480706321141816 0.076473739192602 0.0719960697117509 0.0309509728018309 0.0284569059945578 0.0262736580836647 0.033213943338912 0.0198703717333654 0.0206678101275562 0.0240958856721658 0.0272981532879755 0.0636422009152614 0.072236636430122 0.0633407240128795 0.0620220889414464 0.0283371321887057 0.025066905346398 0.0474991729893002 0.0566975652465731 0.0297905160197467 0.0355591968088153 0.0345001560638867 0.0378940591359733 0.0286135612267822 0.0339455076519159 0.0380376941335589 0.0450712688744479 0.030809275272055
0.0495507830533912 0.0450667608179196 0.0271004318019804 0.0325881327725209 0.0139977423548738 0.0165923958285748 0.035791665176138 0.0332944366874997 0.0197041984825302 0.0138091566153277 0.0335804111330752 0.0370485283734694 0.0316447765471339 0.0381781865736192 0.0189750299376194 0.0260613234752675 0.0473836673032174 0.0494302256496873 0 0.0338087287148144 0.00456913377968618 0.00462053733827393 0.0240057328997445 0.0222539591912908 0.0121506584383401 0.0118339885594667 0.0222839873535479 0.044374853307835 0.0218049954349447 0.0178273755763952 0.042891125248938 0.0322921251151295 0.0287175918380203 0.0181119493155534 0.0223372748209619 0.0224785066660507 0.0149588196634133 0.0120337436273368 0.0173511010991199 0.0140116730664748 0.0658326044172618 0.0600432402765783 0.0536384670171249 0.0587010846396789 0.0490099107409034 0.0516620345917824 0.0654197787754186 0.0641996905131674 0.0325353512998064 0.0299748411550353 0.0687314175790788 0.056884501651976 0.0559240382568561 0.0524754280449199 0.0504758644519794 0.0417466173140334 0.0593937028040404 0.0642629606733322 0.0507026361495722 0.0462075147379017 0.0427572739396667 0.0449315836629359 0.0656773132074949 0.0608296192682673 0.0283554444181181 0.0254419594569493 0.0205179203738352 0.0267933169206196 0.013266837064682 0.0157811900449652 0.0173503232270275 0.0226098181136239 0.0485535451782442 0.0534800196992525 0.0517339221568746 0.0480910839784539 0.0218450889778353 0.0199116308046441 0.0412585573411127 0.0495799248415184 0.0270058146329738 0.0324118819779691 0.0356706829598529 0.0388157443182204 0.0264219027393541 0.0306180102356056 0.0347667191283071 0.0393797270900451 0.0266352828025303
0.0377158361845363 0.0358726059825933 0.019945449433023 0.0255990972976467 0.00989213045261198 0.0121593970051203 0.0266660950087923 0.0269456469541961 0.0132887875165527 0.00945049050355913 0.0252985584087919 0.0307171698998133 0.0226887678546979 0.0318016299122382 0.0128035521810526 0.0192740800218541 0.037431701044882 0.0415456305504183 0.0338087287148144 0 0.00306602579848349 0.00373553433571187 0.017881340197943 0.0173943357690895 0.00901146566114102 0.00937786900773132 0.0181197480425596 0.036624373319209 0.0177421832945256 0.014862728495872 0.0326322090554369 0.0259290178441362 0.018451722000716 0.0118396224658043 0.0172486668759396 0.0156909711324846 0.0117158298381164 0.00858945091757889 0.0136904301756639 0.012597719949586 0.0525822217159744 0.0494561754953978 0.044041558943322 0.0488942232047215 0.0398128867397347 0.0413195280824609 0.0521593612605879 0.0526766960777699 0.026322044762473 0.0239629438665709 0.0530613744317219 0.0442626758757076 0.0445602271430627 0.0419036328886538 0.0382696191132321 0.0337090198681545 0.0457915414223529 0.0540210079847963 0.0371263060214942 0.035221455130749 0.0338734708888327 0.0350845485937963 0.0507910869275177 0.0482841449729556 0.0211040832000523 0.0193801609873479 0.016432554772225 0.021807273375911 0.0137224212498532 0.0148753195658074 0.0153866665539427 0.018090476230622 0.0402587446161248 0.0449040220815034 0.0409664743876016 0.0407656149451402 0.0177870443898243 0.0167924487799716 0.0316335725892797 0.0403262176463439 0.0202677241506589 0.0254092502579395 0.0236642042558699 0.025468720504125 0.0187249502291375 0.0226771954336067 0.0254644198162464 0.0290125654737181 0.0199918531169465
0.00569987475077991 0.00617455491477989 0.00632442082709242 0.0065973915308031 0.00435660423142035 0.00201492852672014 0.00672648996126742 0.00599662227441399 0.00410485389957865 0.00235433111116517 0.00573142481656249 0.00525667131133884 0.0059198776539318 0.00605308816592261 0.00483308456236811 0.00645706426394298 0.00599418426241713 0.005621606305182 0.00456913377968618 0.00306602579848349 0 0.00196607064966193 0.00589929243013211 0.00600264733297701 0.00373142159517986 0.00250022306982194 0.00386458222867145 0.00575144678135565 0.00514055043046548 0.00362535682756692 0.00607437723068421 0.00507256617587173 0.00561551177746149 0.00489087710051533 0.00504344600766341 0.00359413701089867 0.00259261085657861 0.00147413182705229 0.00222944544333921 0.00310604181755417 0.0103494524522254 0.00761298042597035 0.00953854188176081 0.0103135030158964 0.0075963168460709 0.00731039325291644 0.0104713493493247 0.00979720153813035 0.00478518262075791 0.0050868069425123 0.00746458158765103 0.0060214525244868 0.00832021285055795 0.00836925023739041 0.0102259964195766 0.00838021696086529 0.0101280726744385 0.00976263565169441 0.0150670940051778 0.0128333800826637 0.00886323155771994 0.0089802988976967 0.00674781025935663 0.00706972008106238 0.00569439437706079 0.00494590782197896 0.00395208862085262 0.00440705066732426 0.00573986290154988 -0.00221253085102241 0.00377126790103201 0.00363284970027434 0.00763165361247814 0.00716209244851191 0.00673524168548088 0.0064849560258826 0.00411540933102884 0.00280493899681858 0.00816266074538546 0.00856749021335843 0.00557948816959176 0.00589097890051466 0.00670000960004115 0.0070160631467033 0.00349160007603812 0.00411273768458135 0.00467339583496641 0.00591708861915458 0.00516805889576399
0.00232252761318401 0.00403719487778841 0.00101036010993327 0.00404037384586737 0.000750577303784013 0.00648228153544197 0.0022631061347631 0.00462861254981886 0.00336282576229463 0.00448951754152676 0.00466973288034201 0.00451173758469659 0.00198499621619584 0.00576734848239901 0.00185127700021574 0.00535393629801797 0.00814947397820868 0.00437572720291829 0.00462053733827393 0.00373553433571187 0.00196607064966193 0 0.00113020691183159 0.00217429993290101 0.00326574418635023 0.00253789340356161 0.00387475582763541 0.0055172667639387 0.00365582339023203 0.00463269364563419 0.00696858165142332 0.00758393274356812 0.0104536630567111 0.0105265350368748 0.00586881485036546 0.00529428545956215 0.000971164155611666 0.00263639583967234 0.00337500331545842 0.00212210458622924 0.0123529179372101 0.010784650575874 0.00842634879894142 0.00939903683207159 0.00732951506199145 0.0097617167345708 0.00798789655952394 0.00760282588779964 0.00294199777833958 0.00336938595384343 0.00794045330789918 0.00637544563060717 0.00390681276341034 0.00875325026481805 0.00404891076971016 0.00446101726837685 0.00766978224053926 0.0132631874797621 0.00112625449853539 0.00384168771510545 0.00560439977644604 0.00837227912328756 0.00808499286987335 0.00940995100537791 0.00573136801441834 0.00486621609093007 0.00151688304201228 0.00468578704570748 0.00309498475119504 8.7146636153748e-05 0.00435882274053822 0.00679719644972472 0.00720717978992277 0.00565033176957126 0.00632314453588846 0.00556902485734134 0.00142089552808366 0.00363297996525191 0.00172568585659598 0.00613003607168948 0.00160289177657718 0.0045924752192377 0.00886764459927822 0.00990650254991123 0.00704768680569607 0.00646317189535555 0.00907584886927128 0.00753897625919712 0.00413309606973826
0.0287946269213538 0.0258831402525374 0.029344952028559 0.0278464251690826 0.0166672378755429 0.00978112354447723 0.0345898833469496 0.0266783995446612 0.0206345952612124 0.011991618313503 0.026620700111689 0.0224752129282094 0.0283367136772736 0.0281330133045039 0.0220133524962616 0.0279255317575585 0.0236356144890645 0.0245413850085574 0.0240057328997445 0.017881340197943 0.00589929243013211 0.00113020691183159 0 0.0236431890392455 0.0135137841007336 0.0104482277312003 0.0135843185141027 0.0237197969519441 0.0179213417589019 0.0138733334201626 0.026924713122607 0.0190965025601263 0.0247302714845422 0.0137387453946147 0.0150976746743386 0.0111835676371846 0.0113165870227364 0.00746645484827735 0.00932379520321082 0.00895686471371764 0.0396555715010465 0.0340941935726639 0.0341719759332572 0.0350218221452749 0.0292789998006813 0.0291667808329105 0.0408470940053807 0.0418528087533594 0.0195924193422399 0.018635457183731 0.0338968249355358 0.0288066763028841 0.0346987569195605 0.0286405614267286 0.0413327416216702 0.0345027287230875 0.0388542385263019 0.033279061666355 0.0569764327134308 0.0521207767051485 0.0317427014991157 0.0300618199056503 0.0323788367354035 0.0288948785856648 0.0183716241783392 0.0171523894199277 0.0137630287593249 0.0172385806144691 0.0105224185896137 0.00999517982393837 0.0113523613930042 0.0123067410935914 0.027815957304247 0.02840279678847 0.0291380727456544 0.0311025074943883 0.017084826319313 0.0157015090622872 0.0374984986829342 0.0402814213797209 0.0224314563897271 0.0248971444168905 0.0251898879620063 0.030109917219404 0.0130265373848956 0.0173718886506959 0.0196746178972019 0.0235738177966742 0.0158952026756313
