{
 "cells": [
  {
   "cell_type": "markdown",
   "id": "8e35baca",
   "metadata": {},
   "source": [
    "# <center>Map for rat data</center>"
   ]
  },
  {
   "cell_type": "markdown",
   "id": "6ae841b0",
   "metadata": {},
   "source": [
    "In this guidebook, we will provide a step-by-step explanation of utilizing our library to compute the correlation between various brain regions for a specific rat. We will explore diverse types of estimators during the process."
   ]
  },
  {
   "cell_type": "code",
   "execution_count": 1,
   "id": "d7cc1c24",
   "metadata": {},
   "outputs": [],
   "source": [
    "# necessary librairies\n",
    "import numpy as np\n",
    "import pandas as pd\n",
    "import seaborn as sns\n",
    "import matplotlib.pyplot as plt\n",
    "import warnings\n",
    "warnings.filterwarnings(\"ignore\")"
   ]
  },
  {
   "cell_type": "code",
   "execution_count": 2,
   "id": "e8bf736a",
   "metadata": {},
   "outputs": [],
   "source": [
    "# import some functions necessary to process the different files needed\n",
    "from itertools import combinations\n",
    "from processing_1 import process_region\n",
    "from processing_1 import get_all_files_in_folder_matching_number\n",
    "from processing_1 import estimators_corr"
   ]
  },
  {
   "cell_type": "markdown",
   "id": "d9173320",
   "metadata": {},
   "source": [
    "## 1. Get rat files that would be used :"
   ]
  },
  {
   "cell_type": "markdown",
   "id": "6d8963ea",
   "metadata": {},
   "source": [
    "Firstly, we will introduce the necessary data for our analysis. We require three specific types of files: a file containing the voxel coordinates for each brain region, a file containing the wavelet-transformed time series data for each individual brain region, and a file containing the respective weights assigned to each region. \n",
    "\n",
    "\n",
    "In this first code, we will retrieve the data files for regions 52 and 53, which correspond to the two regions that exhibit no correlation between themselves and the other regions. Furthermore, we will select the specific regions for which we want to calculate the correlations and obtain the corresponding files."
   ]
  },
  {
   "cell_type": "code",
   "execution_count": 3,
   "id": "85bcb161",
   "metadata": {},
   "outputs": [],
   "source": [
    "# The folder that contains files from which we want to get data\n",
    "folder_path = \"/Users/ossamaziri/Desktop/Ensimag/StageIA/ratdatapreprocessing/RatDataPreprocessed/EtoL/20160616_103405_fmri_flat/preprocessed_20160616_103405/\"\n",
    "\n",
    "# path to the data of regions 3 and 4 that would be used in estimators D, RD, lD, lRD\n",
    "Y_path_region_52 = folder_path + 'dwt_ts_ROI_52.txt'\n",
    "Y_path_region_53 = folder_path + 'dwt_ts_ROI_53.txt'\n",
    "\n",
    "weights_path_region_52 = folder_path + 'weight_ROI_52.txt'\n",
    "weights_path_region_53 = folder_path + 'weight_ROI_53.txt'\n",
    "\n",
    "coords_path_region_52 = folder_path + 'coord_ROI_52.txt'\n",
    "coords_path_region_53 = folder_path + 'coord_ROI_53.txt'\n",
    "\n",
    "data_region_52 = process_region(Y_path_region_52, coords_path_region_52, weights_path_region_52)\n",
    "data_region_53 = process_region(Y_path_region_53, coords_path_region_53, weights_path_region_53)\n",
    "\n",
    "# data of the 4 regions that would be given to the estimators to compute correlation\n",
    "# the two regions of interest will be each time the first elements of this array\n",
    "# regions 3 and 4 will remain the same for all pairs of regions\n",
    "data  = [{}, {}, data_region_52, data_region_53]\n",
    "\n",
    "# numbers of the regions that we will use to calculate the correlation.\n",
    "numbers = [1, 2, 7, 10, 11, 16, 18, 21, 24, 25, 30, 32, 37, 39, 41, 43, 48, 50]\n",
    "number_of_regions = len(numbers)\n",
    "\n",
    "# a dictionnary that contains paths of Y, coords and w of these regions \n",
    "paths = get_all_files_in_folder_matching_number(folder_path, numbers)"
   ]
  },
  {
   "cell_type": "markdown",
   "id": "91c808be",
   "metadata": {},
   "source": [
    "## 2. Matrices of correlations for different estimators "
   ]
  },
  {
   "cell_type": "markdown",
   "id": "c3b78495",
   "metadata": {},
   "source": [
    "At this stage, we proceed to calculate the correlations between all regions using the `estCorr` function for each estimator. As a result, we obtain a dictionary that contains ten correlation matrices, one for each of the ten methods employed."
   ]
  },
  {
   "cell_type": "code",
   "execution_count": 4,
   "id": "9cf10f6b",
   "metadata": {},
   "outputs": [],
   "source": [
    "# array of all possible combinations of 2 regions\n",
    "combinations_of_2_regions = list(combinations([i for i in range(len(numbers))], 2))\n",
    "\n",
    "# matrix of correlation between regions \n",
    "matrix_of_corr = np.zeros((number_of_regions, number_of_regions))\n",
    "\n",
    "# estimators\n",
    "estimators = [\"CA\", \"AC\", \"ACc\", \"lCA\", \"R\", \"lR\", \"D\", \"lD\", \"RD\", \"lRD\"]\n",
    "\n",
    "# a dictionnary that associate an estimator to the matrix of correlation between regions\n",
    "# using that estimator\n",
    "dict_estimator_matrix_of_corr = {}\n",
    "for estimator in estimators:\n",
    "    dict_estimator_matrix_of_corr[estimator] = np.zeros((number_of_regions, number_of_regions))\n",
    "\n",
    "\n",
    "# loop to calculate correlations between regions\n",
    "for index_region_1, index_region_2 in combinations_of_2_regions:\n",
    "    # first region \n",
    "    data_index_region_1 = process_region(Y_path=paths['Y_paths'][index_region_1],\n",
    "                                         coords_path=paths['coords_paths'][index_region_1],\n",
    "                                         weights_path=paths['weights_paths'][index_region_1])\n",
    "    # second region\n",
    "    data_index_region_2 = process_region(Y_path=paths['Y_paths'][index_region_2],\n",
    "                                         coords_path=paths['coords_paths'][index_region_2],\n",
    "                                         weights_path=paths['weights_paths'][index_region_2])\n",
    "    # putting data of first and second regions in the first and second index of the list \"data\"\n",
    "    # that will contain data of the 4 regions\n",
    "    data[0], data[1] = data_index_region_1, data_index_region_2\n",
    "    # data frame  of estimators and their correlations\n",
    "    corr_DF = estimators_corr(data, estimators=estimators)\n",
    "    for estimator in estimators:\n",
    "        # correlation between the 2 regions\n",
    "        correlation_of_2_regions = corr_DF.loc[corr_DF['EST'] == estimator, 'CORR'].values[0]\n",
    "        # filling the matrix of correlation of that estimator with the calculated correlation\n",
    "        dict_estimator_matrix_of_corr[estimator][index_region_1, index_region_2] = correlation_of_2_regions\n",
    "        dict_estimator_matrix_of_corr[estimator][index_region_2, index_region_1] = correlation_of_2_regions"
   ]
  },
  {
   "cell_type": "markdown",
   "id": "6be2df65",
   "metadata": {},
   "source": [
    "As an example, we choose to display the correlation matrix associated with the \"Correlation of Averages\" method (CA). This method is determined by the following formula:\n",
    "\n",
    "$r_{jj'} = \\frac{\\text{Cov}(\\bar{Y}_{Rj}, \\bar{Y}_{Rj'})}{\\sigma(\\bar{Y}_{Rj})\\sigma(\\bar{Y}_{Rj'})}$\n",
    "\n",
    "where $\\text{Cov}$ represents covariance, $\\bar{Y}_{Rj}$ and $\\bar{Y}_{Rj'}$ are variables denoting specific brain regions, and $\\sigma$ denotes standard deviation."
   ]
  },
  {
   "cell_type": "code",
   "execution_count": 5,
   "id": "eceffb82",
   "metadata": {},
   "outputs": [
    {
     "data": {
      "text/html": [
       "<div>\n",
       "<style scoped>\n",
       "    .dataframe tbody tr th:only-of-type {\n",
       "        vertical-align: middle;\n",
       "    }\n",
       "\n",
       "    .dataframe tbody tr th {\n",
       "        vertical-align: top;\n",
       "    }\n",
       "\n",
       "    .dataframe thead th {\n",
       "        text-align: right;\n",
       "    }\n",
       "</style>\n",
       "<table border=\"1\" class=\"dataframe\">\n",
       "  <thead>\n",
       "    <tr style=\"text-align: right;\">\n",
       "      <th></th>\n",
       "      <th>0</th>\n",
       "      <th>1</th>\n",
       "      <th>2</th>\n",
       "      <th>3</th>\n",
       "      <th>4</th>\n",
       "      <th>5</th>\n",
       "      <th>6</th>\n",
       "      <th>7</th>\n",
       "      <th>8</th>\n",
       "      <th>9</th>\n",
       "      <th>10</th>\n",
       "      <th>11</th>\n",
       "      <th>12</th>\n",
       "      <th>13</th>\n",
       "      <th>14</th>\n",
       "      <th>15</th>\n",
       "      <th>16</th>\n",
       "      <th>17</th>\n",
       "    </tr>\n",
       "  </thead>\n",
       "  <tbody>\n",
       "    <tr>\n",
       "      <th>0</th>\n",
       "      <td>0.000000</td>\n",
       "      <td>0.391371</td>\n",
       "      <td>0.323140</td>\n",
       "      <td>0.300489</td>\n",
       "      <td>0.542905</td>\n",
       "      <td>0.270353</td>\n",
       "      <td>0.422184</td>\n",
       "      <td>0.668337</td>\n",
       "      <td>0.538445</td>\n",
       "      <td>0.538790</td>\n",
       "      <td>0.623055</td>\n",
       "      <td>0.576701</td>\n",
       "      <td>0.227284</td>\n",
       "      <td>0.479482</td>\n",
       "      <td>0.529504</td>\n",
       "      <td>0.560955</td>\n",
       "      <td>0.243765</td>\n",
       "      <td>0.465784</td>\n",
       "    </tr>\n",
       "    <tr>\n",
       "      <th>1</th>\n",
       "      <td>0.391371</td>\n",
       "      <td>0.000000</td>\n",
       "      <td>0.373516</td>\n",
       "      <td>0.384181</td>\n",
       "      <td>0.418521</td>\n",
       "      <td>0.264319</td>\n",
       "      <td>0.324117</td>\n",
       "      <td>0.458807</td>\n",
       "      <td>0.470161</td>\n",
       "      <td>0.373651</td>\n",
       "      <td>0.365260</td>\n",
       "      <td>0.373685</td>\n",
       "      <td>0.110101</td>\n",
       "      <td>0.312763</td>\n",
       "      <td>0.336608</td>\n",
       "      <td>0.359755</td>\n",
       "      <td>0.145047</td>\n",
       "      <td>0.257906</td>\n",
       "    </tr>\n",
       "    <tr>\n",
       "      <th>2</th>\n",
       "      <td>0.323140</td>\n",
       "      <td>0.373516</td>\n",
       "      <td>0.000000</td>\n",
       "      <td>0.744823</td>\n",
       "      <td>0.472256</td>\n",
       "      <td>0.252841</td>\n",
       "      <td>0.455002</td>\n",
       "      <td>0.522772</td>\n",
       "      <td>0.547811</td>\n",
       "      <td>0.498982</td>\n",
       "      <td>0.264142</td>\n",
       "      <td>0.405979</td>\n",
       "      <td>0.006111</td>\n",
       "      <td>0.244873</td>\n",
       "      <td>0.322024</td>\n",
       "      <td>0.400211</td>\n",
       "      <td>0.138070</td>\n",
       "      <td>0.320620</td>\n",
       "    </tr>\n",
       "    <tr>\n",
       "      <th>3</th>\n",
       "      <td>0.300489</td>\n",
       "      <td>0.384181</td>\n",
       "      <td>0.744823</td>\n",
       "      <td>0.000000</td>\n",
       "      <td>0.487307</td>\n",
       "      <td>0.186819</td>\n",
       "      <td>0.478937</td>\n",
       "      <td>0.451703</td>\n",
       "      <td>0.443869</td>\n",
       "      <td>0.495580</td>\n",
       "      <td>0.265957</td>\n",
       "      <td>0.388809</td>\n",
       "      <td>-0.027832</td>\n",
       "      <td>0.206383</td>\n",
       "      <td>0.309480</td>\n",
       "      <td>0.364287</td>\n",
       "      <td>0.180665</td>\n",
       "      <td>0.267033</td>\n",
       "    </tr>\n",
       "    <tr>\n",
       "      <th>4</th>\n",
       "      <td>0.542905</td>\n",
       "      <td>0.418521</td>\n",
       "      <td>0.472256</td>\n",
       "      <td>0.487307</td>\n",
       "      <td>0.000000</td>\n",
       "      <td>0.237367</td>\n",
       "      <td>0.352013</td>\n",
       "      <td>0.553473</td>\n",
       "      <td>0.552499</td>\n",
       "      <td>0.552642</td>\n",
       "      <td>0.545257</td>\n",
       "      <td>0.521956</td>\n",
       "      <td>0.223342</td>\n",
       "      <td>0.487661</td>\n",
       "      <td>0.444453</td>\n",
       "      <td>0.481164</td>\n",
       "      <td>0.233182</td>\n",
       "      <td>0.404990</td>\n",
       "    </tr>\n",
       "    <tr>\n",
       "      <th>5</th>\n",
       "      <td>0.270353</td>\n",
       "      <td>0.264319</td>\n",
       "      <td>0.252841</td>\n",
       "      <td>0.186819</td>\n",
       "      <td>0.237367</td>\n",
       "      <td>0.000000</td>\n",
       "      <td>0.250837</td>\n",
       "      <td>0.393643</td>\n",
       "      <td>0.442180</td>\n",
       "      <td>0.297391</td>\n",
       "      <td>0.222257</td>\n",
       "      <td>0.330162</td>\n",
       "      <td>0.059180</td>\n",
       "      <td>0.228449</td>\n",
       "      <td>0.222702</td>\n",
       "      <td>0.329728</td>\n",
       "      <td>0.219009</td>\n",
       "      <td>0.301789</td>\n",
       "    </tr>\n",
       "    <tr>\n",
       "      <th>6</th>\n",
       "      <td>0.422184</td>\n",
       "      <td>0.324117</td>\n",
       "      <td>0.455002</td>\n",
       "      <td>0.478937</td>\n",
       "      <td>0.352013</td>\n",
       "      <td>0.250837</td>\n",
       "      <td>0.000000</td>\n",
       "      <td>0.535933</td>\n",
       "      <td>0.511006</td>\n",
       "      <td>0.608461</td>\n",
       "      <td>0.327348</td>\n",
       "      <td>0.455701</td>\n",
       "      <td>0.012221</td>\n",
       "      <td>0.263392</td>\n",
       "      <td>0.445570</td>\n",
       "      <td>0.512567</td>\n",
       "      <td>0.282418</td>\n",
       "      <td>0.410163</td>\n",
       "    </tr>\n",
       "    <tr>\n",
       "      <th>7</th>\n",
       "      <td>0.668337</td>\n",
       "      <td>0.458807</td>\n",
       "      <td>0.522772</td>\n",
       "      <td>0.451703</td>\n",
       "      <td>0.553473</td>\n",
       "      <td>0.393643</td>\n",
       "      <td>0.535933</td>\n",
       "      <td>0.000000</td>\n",
       "      <td>0.730626</td>\n",
       "      <td>0.665703</td>\n",
       "      <td>0.535531</td>\n",
       "      <td>0.603211</td>\n",
       "      <td>0.101829</td>\n",
       "      <td>0.443566</td>\n",
       "      <td>0.531980</td>\n",
       "      <td>0.616031</td>\n",
       "      <td>0.313016</td>\n",
       "      <td>0.495965</td>\n",
       "    </tr>\n",
       "    <tr>\n",
       "      <th>8</th>\n",
       "      <td>0.538445</td>\n",
       "      <td>0.470161</td>\n",
       "      <td>0.547811</td>\n",
       "      <td>0.443869</td>\n",
       "      <td>0.552499</td>\n",
       "      <td>0.442180</td>\n",
       "      <td>0.511006</td>\n",
       "      <td>0.730626</td>\n",
       "      <td>0.000000</td>\n",
       "      <td>0.695513</td>\n",
       "      <td>0.496719</td>\n",
       "      <td>0.570457</td>\n",
       "      <td>0.079484</td>\n",
       "      <td>0.420414</td>\n",
       "      <td>0.504419</td>\n",
       "      <td>0.575860</td>\n",
       "      <td>0.302275</td>\n",
       "      <td>0.462286</td>\n",
       "    </tr>\n",
       "    <tr>\n",
       "      <th>9</th>\n",
       "      <td>0.538790</td>\n",
       "      <td>0.373651</td>\n",
       "      <td>0.498982</td>\n",
       "      <td>0.495580</td>\n",
       "      <td>0.552642</td>\n",
       "      <td>0.297391</td>\n",
       "      <td>0.608461</td>\n",
       "      <td>0.665703</td>\n",
       "      <td>0.695513</td>\n",
       "      <td>0.000000</td>\n",
       "      <td>0.457338</td>\n",
       "      <td>0.530521</td>\n",
       "      <td>0.064638</td>\n",
       "      <td>0.412539</td>\n",
       "      <td>0.529038</td>\n",
       "      <td>0.564144</td>\n",
       "      <td>0.305547</td>\n",
       "      <td>0.522802</td>\n",
       "    </tr>\n",
       "    <tr>\n",
       "      <th>10</th>\n",
       "      <td>0.623055</td>\n",
       "      <td>0.365260</td>\n",
       "      <td>0.264142</td>\n",
       "      <td>0.265957</td>\n",
       "      <td>0.545257</td>\n",
       "      <td>0.222257</td>\n",
       "      <td>0.327348</td>\n",
       "      <td>0.535531</td>\n",
       "      <td>0.496719</td>\n",
       "      <td>0.457338</td>\n",
       "      <td>0.000000</td>\n",
       "      <td>0.646699</td>\n",
       "      <td>0.459212</td>\n",
       "      <td>0.551521</td>\n",
       "      <td>0.523114</td>\n",
       "      <td>0.564465</td>\n",
       "      <td>0.332913</td>\n",
       "      <td>0.466576</td>\n",
       "    </tr>\n",
       "    <tr>\n",
       "      <th>11</th>\n",
       "      <td>0.576701</td>\n",
       "      <td>0.373685</td>\n",
       "      <td>0.405979</td>\n",
       "      <td>0.388809</td>\n",
       "      <td>0.521956</td>\n",
       "      <td>0.330162</td>\n",
       "      <td>0.455701</td>\n",
       "      <td>0.603211</td>\n",
       "      <td>0.570457</td>\n",
       "      <td>0.530521</td>\n",
       "      <td>0.646699</td>\n",
       "      <td>0.000000</td>\n",
       "      <td>0.230474</td>\n",
       "      <td>0.582900</td>\n",
       "      <td>0.525813</td>\n",
       "      <td>0.725048</td>\n",
       "      <td>0.312113</td>\n",
       "      <td>0.596310</td>\n",
       "    </tr>\n",
       "    <tr>\n",
       "      <th>12</th>\n",
       "      <td>0.227284</td>\n",
       "      <td>0.110101</td>\n",
       "      <td>0.006111</td>\n",
       "      <td>-0.027832</td>\n",
       "      <td>0.223342</td>\n",
       "      <td>0.059180</td>\n",
       "      <td>0.012221</td>\n",
       "      <td>0.101829</td>\n",
       "      <td>0.079484</td>\n",
       "      <td>0.064638</td>\n",
       "      <td>0.459212</td>\n",
       "      <td>0.230474</td>\n",
       "      <td>0.000000</td>\n",
       "      <td>0.250805</td>\n",
       "      <td>0.189942</td>\n",
       "      <td>0.156567</td>\n",
       "      <td>0.237926</td>\n",
       "      <td>0.113021</td>\n",
       "    </tr>\n",
       "    <tr>\n",
       "      <th>13</th>\n",
       "      <td>0.479482</td>\n",
       "      <td>0.312763</td>\n",
       "      <td>0.244873</td>\n",
       "      <td>0.206383</td>\n",
       "      <td>0.487661</td>\n",
       "      <td>0.228449</td>\n",
       "      <td>0.263392</td>\n",
       "      <td>0.443566</td>\n",
       "      <td>0.420414</td>\n",
       "      <td>0.412539</td>\n",
       "      <td>0.551521</td>\n",
       "      <td>0.582900</td>\n",
       "      <td>0.250805</td>\n",
       "      <td>0.000000</td>\n",
       "      <td>0.444045</td>\n",
       "      <td>0.604997</td>\n",
       "      <td>0.267524</td>\n",
       "      <td>0.692600</td>\n",
       "    </tr>\n",
       "    <tr>\n",
       "      <th>14</th>\n",
       "      <td>0.529504</td>\n",
       "      <td>0.336608</td>\n",
       "      <td>0.322024</td>\n",
       "      <td>0.309480</td>\n",
       "      <td>0.444453</td>\n",
       "      <td>0.222702</td>\n",
       "      <td>0.445570</td>\n",
       "      <td>0.531980</td>\n",
       "      <td>0.504419</td>\n",
       "      <td>0.529038</td>\n",
       "      <td>0.523114</td>\n",
       "      <td>0.525813</td>\n",
       "      <td>0.189942</td>\n",
       "      <td>0.444045</td>\n",
       "      <td>0.000000</td>\n",
       "      <td>0.638489</td>\n",
       "      <td>0.425078</td>\n",
       "      <td>0.464599</td>\n",
       "    </tr>\n",
       "    <tr>\n",
       "      <th>15</th>\n",
       "      <td>0.560955</td>\n",
       "      <td>0.359755</td>\n",
       "      <td>0.400211</td>\n",
       "      <td>0.364287</td>\n",
       "      <td>0.481164</td>\n",
       "      <td>0.329728</td>\n",
       "      <td>0.512567</td>\n",
       "      <td>0.616031</td>\n",
       "      <td>0.575860</td>\n",
       "      <td>0.564144</td>\n",
       "      <td>0.564465</td>\n",
       "      <td>0.725048</td>\n",
       "      <td>0.156567</td>\n",
       "      <td>0.604997</td>\n",
       "      <td>0.638489</td>\n",
       "      <td>0.000000</td>\n",
       "      <td>0.388775</td>\n",
       "      <td>0.690183</td>\n",
       "    </tr>\n",
       "    <tr>\n",
       "      <th>16</th>\n",
       "      <td>0.243765</td>\n",
       "      <td>0.145047</td>\n",
       "      <td>0.138070</td>\n",
       "      <td>0.180665</td>\n",
       "      <td>0.233182</td>\n",
       "      <td>0.219009</td>\n",
       "      <td>0.282418</td>\n",
       "      <td>0.313016</td>\n",
       "      <td>0.302275</td>\n",
       "      <td>0.305547</td>\n",
       "      <td>0.332913</td>\n",
       "      <td>0.312113</td>\n",
       "      <td>0.237926</td>\n",
       "      <td>0.267524</td>\n",
       "      <td>0.425078</td>\n",
       "      <td>0.388775</td>\n",
       "      <td>0.000000</td>\n",
       "      <td>0.297312</td>\n",
       "    </tr>\n",
       "    <tr>\n",
       "      <th>17</th>\n",
       "      <td>0.465784</td>\n",
       "      <td>0.257906</td>\n",
       "      <td>0.320620</td>\n",
       "      <td>0.267033</td>\n",
       "      <td>0.404990</td>\n",
       "      <td>0.301789</td>\n",
       "      <td>0.410163</td>\n",
       "      <td>0.495965</td>\n",
       "      <td>0.462286</td>\n",
       "      <td>0.522802</td>\n",
       "      <td>0.466576</td>\n",
       "      <td>0.596310</td>\n",
       "      <td>0.113021</td>\n",
       "      <td>0.692600</td>\n",
       "      <td>0.464599</td>\n",
       "      <td>0.690183</td>\n",
       "      <td>0.297312</td>\n",
       "      <td>0.000000</td>\n",
       "    </tr>\n",
       "  </tbody>\n",
       "</table>\n",
       "</div>"
      ],
      "text/plain": [
       "          0         1         2         3         4         5         6   \\\n",
       "0   0.000000  0.391371  0.323140  0.300489  0.542905  0.270353  0.422184   \n",
       "1   0.391371  0.000000  0.373516  0.384181  0.418521  0.264319  0.324117   \n",
       "2   0.323140  0.373516  0.000000  0.744823  0.472256  0.252841  0.455002   \n",
       "3   0.300489  0.384181  0.744823  0.000000  0.487307  0.186819  0.478937   \n",
       "4   0.542905  0.418521  0.472256  0.487307  0.000000  0.237367  0.352013   \n",
       "5   0.270353  0.264319  0.252841  0.186819  0.237367  0.000000  0.250837   \n",
       "6   0.422184  0.324117  0.455002  0.478937  0.352013  0.250837  0.000000   \n",
       "7   0.668337  0.458807  0.522772  0.451703  0.553473  0.393643  0.535933   \n",
       "8   0.538445  0.470161  0.547811  0.443869  0.552499  0.442180  0.511006   \n",
       "9   0.538790  0.373651  0.498982  0.495580  0.552642  0.297391  0.608461   \n",
       "10  0.623055  0.365260  0.264142  0.265957  0.545257  0.222257  0.327348   \n",
       "11  0.576701  0.373685  0.405979  0.388809  0.521956  0.330162  0.455701   \n",
       "12  0.227284  0.110101  0.006111 -0.027832  0.223342  0.059180  0.012221   \n",
       "13  0.479482  0.312763  0.244873  0.206383  0.487661  0.228449  0.263392   \n",
       "14  0.529504  0.336608  0.322024  0.309480  0.444453  0.222702  0.445570   \n",
       "15  0.560955  0.359755  0.400211  0.364287  0.481164  0.329728  0.512567   \n",
       "16  0.243765  0.145047  0.138070  0.180665  0.233182  0.219009  0.282418   \n",
       "17  0.465784  0.257906  0.320620  0.267033  0.404990  0.301789  0.410163   \n",
       "\n",
       "          7         8         9         10        11        12        13  \\\n",
       "0   0.668337  0.538445  0.538790  0.623055  0.576701  0.227284  0.479482   \n",
       "1   0.458807  0.470161  0.373651  0.365260  0.373685  0.110101  0.312763   \n",
       "2   0.522772  0.547811  0.498982  0.264142  0.405979  0.006111  0.244873   \n",
       "3   0.451703  0.443869  0.495580  0.265957  0.388809 -0.027832  0.206383   \n",
       "4   0.553473  0.552499  0.552642  0.545257  0.521956  0.223342  0.487661   \n",
       "5   0.393643  0.442180  0.297391  0.222257  0.330162  0.059180  0.228449   \n",
       "6   0.535933  0.511006  0.608461  0.327348  0.455701  0.012221  0.263392   \n",
       "7   0.000000  0.730626  0.665703  0.535531  0.603211  0.101829  0.443566   \n",
       "8   0.730626  0.000000  0.695513  0.496719  0.570457  0.079484  0.420414   \n",
       "9   0.665703  0.695513  0.000000  0.457338  0.530521  0.064638  0.412539   \n",
       "10  0.535531  0.496719  0.457338  0.000000  0.646699  0.459212  0.551521   \n",
       "11  0.603211  0.570457  0.530521  0.646699  0.000000  0.230474  0.582900   \n",
       "12  0.101829  0.079484  0.064638  0.459212  0.230474  0.000000  0.250805   \n",
       "13  0.443566  0.420414  0.412539  0.551521  0.582900  0.250805  0.000000   \n",
       "14  0.531980  0.504419  0.529038  0.523114  0.525813  0.189942  0.444045   \n",
       "15  0.616031  0.575860  0.564144  0.564465  0.725048  0.156567  0.604997   \n",
       "16  0.313016  0.302275  0.305547  0.332913  0.312113  0.237926  0.267524   \n",
       "17  0.495965  0.462286  0.522802  0.466576  0.596310  0.113021  0.692600   \n",
       "\n",
       "          14        15        16        17  \n",
       "0   0.529504  0.560955  0.243765  0.465784  \n",
       "1   0.336608  0.359755  0.145047  0.257906  \n",
       "2   0.322024  0.400211  0.138070  0.320620  \n",
       "3   0.309480  0.364287  0.180665  0.267033  \n",
       "4   0.444453  0.481164  0.233182  0.404990  \n",
       "5   0.222702  0.329728  0.219009  0.301789  \n",
       "6   0.445570  0.512567  0.282418  0.410163  \n",
       "7   0.531980  0.616031  0.313016  0.495965  \n",
       "8   0.504419  0.575860  0.302275  0.462286  \n",
       "9   0.529038  0.564144  0.305547  0.522802  \n",
       "10  0.523114  0.564465  0.332913  0.466576  \n",
       "11  0.525813  0.725048  0.312113  0.596310  \n",
       "12  0.189942  0.156567  0.237926  0.113021  \n",
       "13  0.444045  0.604997  0.267524  0.692600  \n",
       "14  0.000000  0.638489  0.425078  0.464599  \n",
       "15  0.638489  0.000000  0.388775  0.690183  \n",
       "16  0.425078  0.388775  0.000000  0.297312  \n",
       "17  0.464599  0.690183  0.297312  0.000000  "
      ]
     },
     "execution_count": 5,
     "metadata": {},
     "output_type": "execute_result"
    }
   ],
   "source": [
    "# Create a DataFrame from the matrix\n",
    "df = pd.DataFrame(dict_estimator_matrix_of_corr[\"CA\"])\n",
    "\n",
    "# Display the DataFrame\n",
    "df"
   ]
  },
  {
   "cell_type": "markdown",
   "id": "89e7ffb3",
   "metadata": {},
   "source": [
    "## 3. Visualization of correlations"
   ]
  },
  {
   "cell_type": "markdown",
   "id": "94e41990",
   "metadata": {},
   "source": [
    "Next, we will employ various visualization techniques such as beewarm plots, box plots, and violin plots to depict the distinct matrices of correlations."
   ]
  },
  {
   "cell_type": "markdown",
   "id": "cedcf083",
   "metadata": {},
   "source": [
    "### 3.1 Beeswarm Plot"
   ]
  },
  {
   "cell_type": "code",
   "execution_count": 6,
   "id": "dab49ae1",
   "metadata": {},
   "outputs": [
    {
     "data": {
