0 0.541207456240687 0.619198223683653 0.434798939730807 0.721914565229789 0.550066321063415 0.691887464470392 0.834174350989729 0.617530769835474 0.710843011992291 0.646646790540244 0.684211292260716 0.196112054069776 0.579054385507359 0.589899862662305 0.689338391245593 0.372893862153996 0.592764226903347
0.541207456240687 0 0.527285811143852 0.427036133358212 0.438905589838119 0.398739950924349 0.487348543691451 0.452816453026649 0.554278618224202 0.435655554123666 0.314039195891241 0.35697967324631 0.0643532428814989 0.19693312800661 0.321066561330369 0.392429097938444 0.172774925895179 0.217432760298992
0.619198223683653 0.527285811143852 0 0.724171337954464 0.735963623689572 0.480687109707226 0.699010873479232 0.758585765006481 0.66590465073538 0.730374055824816 0.387028229050347 0.617587318417279 0.0417804362284271 0.308287215252616 0.492256325232376 0.560570797366363 0.291502254687419 0.405451785611909
0.434798939730807 0.427036133358212 0.724171337954464 0 0.587032513865636 0.202956692511433 0.558722324710233 0.491878511962205 0.480840661250046 0.589106960771533 0.285568432402936 0.453147487405107 0.0476663645019841 0.207443641198783 0.317069301566302 0.412870924405722 0.16898602852708 0.231918584709453
0.721914565229789 0.438905589838119 0.735963623689572 0.587032513865636 0 0.285236187381781 0.520085680861333 0.71994716051932 0.552699593173924 0.711099480927231 0.495167646159969 0.573540112824802 0.186626929041317 0.447075842410996 0.447693627019165 0.511890625362789 0.220795587546765 0.406426657998595
0.550066321063415 0.398739950924349 0.480687109707226 0.202956692511433 0.285236187381781 0 0.498363291771108 0.663136415462857 0.584378807651072 0.376968287856313 0.404743033508854 0.482826773891421 0.0787200140640734 0.398150843443972 0.303616218146871 0.504739764415544 0.283004668655449 0.374634375831483
0.691887464470392 0.487348543691451 0.699010873479232 0.558722324710233 0.520085680861333 0.498363291771108 0 0.749740064908337 0.543056958033252 0.743121856401886 0.388865900478443 0.527274125317876 -0.022057029445331 0.256337551187226 0.452597642254428 0.622258996481343 0.313265824146884 0.383363831942503
0.834174350989729 0.452816453026649 0.758585765006481 0.491878511962205 0.71994716051932 0.663136415462857 0.749740064908337 0 0.727101459185212 0.806062311312593 0.584168849072107 0.710961923375654 0.108646068823592 0.498163132006542 0.604566241685632 0.741467133203359 0.394727255198569 0.526078733249322
0.617530769835474 0.554278618224202 0.66590465073538 0.480840661250046 0.552699593173924 0.584378807651072 0.543056958033252 0.727101459185212 0 0.607017085420973 0.46568909753525 0.572395210699046 0.0638378749769851 0.344412333901941 0.515293805741931 0.551263985521867 0.307720467977309 0.304468430765024
0.710843011992291 0.435655554123666 0.730374055824816 0.589106960771533 0.711099480927231 0.376968287856313 0.743121856401886 0.806062311312593 0.607017085420973 0 0.429267591194117 0.5206891161763 -0.0340827729908545 0.298509745142527 0.453668486542788 0.529382792419663 0.198692147283324 0.342124385513334
0.646646790540244 0.314039195891241 0.387028229050347 0.285568432402936 0.495167646159969 0.404743033508854 0.388865900478443 0.584168849072107 0.46568909753525 0.429267591194117 0 0.635333054175453 0.289889986908841 0.424789108537578 0.527879661389426 0.538357018469602 0.309413570288209 0.437025447169496
0.684211292260716 0.35697967324631 0.617587318417279 0.453147487405107 0.573540112824802 0.482826773891421 0.527274125317876 0.710961923375654 0.572395210699046 0.5206891161763 0.635333054175453 0 0.085588578399999 0.464572740335437 0.461981938157515 0.677039465837913 0.227246218992913 0.56645344865534
0.196112054069776 0.0643532428814989 0.0417804362284271 0.0476663645019841 0.186626929041317 0.0787200140640734 -0.022057029445331 0.108646068823592 0.0638378749769851 -0.0340827729908545 0.289889986908841 0.085588578399999 0 0.203509628792871 0.289964786289729 0.156680553923875 0.268394002886062 0.102284224264991
0.579054385507359 0.19693312800661 0.308287215252616 0.207443641198783 0.447075842410996 0.398150843443972 0.256337551187226 0.498163132006542 0.344412333901941 0.298509745142527 0.424789108537578 0.464572740335437 0.203509628792871 0 0.295056674166837 0.506408882993781 0.108910961171715 0.609385887522698
0.589899862662305 0.321066561330369 0.492256325232376 0.317069301566302 0.447693627019165 0.303616218146871 0.452597642254428 0.604566241685632 0.515293805741931 0.453668486542788 0.527879661389426 0.461981938157515 0.289964786289729 0.295056674166837 0 0.569878589314952 0.275051964671214 0.28103092876942
0.689338391245593 0.392429097938444 0.560570797366363 0.412870924405722 0.511890625362789 0.504739764415544 0.622258996481343 0.741467133203359 0.551263985521867 0.529382792419663 0.538357018469602 0.677039465837913 0.156680553923875 0.506408882993781 0.569878589314952 0 0.424849834461922 0.539067045282559
0.372893862153996 0.172774925895179 0.291502254687419 0.16898602852708 0.220795587546765 0.283004668655449 0.313265824146884 0.394727255198569 0.307720467977309 0.198692147283324 0.309413570288209 0.227246218992913 0.268394002886062 0.108910961171715 0.275051964671214 0.424849834461922 0 0.30585763517263
0.592764226903347 0.217432760298992 0.405451785611909 0.231918584709453 0.406426657998595 0.374634375831483 0.383363831942503 0.526078733249322 0.304468430765024 0.342124385513334 0.437025447169496 0.56645344865534 0.102284224264991 0.609385887522698 0.28103092876942 0.539067045282559 0.30585763517263 0
