0 0.157983109423131 0.217847022637792 0.161585560687173 0.261588912509247 0.127295707960579 0.235026758188403 0.328295119822881 0.236856023175243 0.29301658357805 0.205939757306277 0.222840530748516 0.0517292619453319 0.168036181690592 0.192492844104629 0.247307491161115 0.0798144168221997 0.204643920737172
0.157983109423131 0 0.156186204020355 0.104755818090902 0.141730919265127 0.0725005551142598 0.109785183017068 0.159644443124818 0.169617134147138 0.147914893564643 0.0593152385496858 0.0768027468782283 -0.0118721577025038 0.0629975723917559 0.0922784027066006 0.107981730660382 -0.0203217739264782 0.0382686661998331
0.217847022637792 0.156186204020355 0 0.298356237849389 0.295775255393127 0.10838676209617 0.221128722129602 0.29793485043584 0.273420486479454 0.329349942562711 0.104664452210024 0.199262976121391 -0.0256423343040743 0.0849957163438983 0.151615145981055 0.204014030143164 0.040613394579803 0.138787547090478
0.161585560687173 0.104755818090902 0.298356237849389 0 0.261109512041696 0.0532302812403822 0.169001336127614 0.179979015553584 0.164891384704277 0.259345497982942 0.0792571007524128 0.137219023906878 -0.00836089192269788 0.0512608605176374 0.114703999696268 0.148133842485911 0.0277964505014582 0.0834310006070317
0.261588912509247 0.141730919265127 0.295775255393127 0.261109512041696 0 0.0723001838215442 0.1478789320656 0.254920546925064 0.203574968389185 0.293691326241697 0.131398347708931 0.1915242596529 0.0184020721967945 0.134414950873686 0.160538738186425 0.180599086796984 0.0381859240449647 0.145338614895734
0.127295707960579 0.0725005551142598 0.10838676209617 0.0532302812403822 0.0723001838215442 0 0.107083367240563 0.15571902658262 0.14870509870526 0.102338128967969 0.0544321954737242 0.111430575883748 -0.0287675589641804 0.0733848518409825 0.0591154596950282 0.119814496956731 0.033622013988829 0.0865837251502224
0.235026758188403 0.109785183017068 0.221128722129602 0.169001336127614 0.1478789320656 0.107083367240563 0 0.226947465230167 0.173462919913693 0.28199701232756 0.0900166988124513 0.124055528821974 -0.0263559848231275 0.052922580572806 0.13562705920579 0.18297148334748 0.0294045998647746 0.102195832893261
0.328295119822881 0.159644443124818 0.29793485043584 0.179979015553584 0.254920546925064 0.15571902658262 0.226947465230167 0 0.300710025423006 0.357869190327113 0.197904398132214 0.23540970981101 0.00945255450450198 0.148446735709587 0.194081956900569 0.27058152514421 0.0772355363665753 0.175622692931708
0.236856023175243 0.169617134147138 0.273420486479454 0.164891384704277 0.203574968389185 0.14870509870526 0.173462919913693 0.300710025423006 0 0.285647653802577 0.129277499398242 0.174018837365318 -0.00743195958151984 0.100968540728356 0.179372018260479 0.197692405286767 0.0505336872818853 0.114462404759701
0.29301658357805 0.147914893564643 0.329349942562711 0.259345497982942 0.293691326241697 0.102338128967969 0.28199701232756 0.357869190327113 0.285647653802577 0 0.13231602204525 0.165648759270287 -0.0420810454216279 0.100283904272115 0.162588593416068 0.211760219701873 0.0272538419338677 0.132893145164251
0.205939757306277 0.0593152385496858 0.104664452210024 0.0792571007524128 0.131398347708931 0.0544321954737242 0.0900166988124513 0.197904398132214 0.129277499398242 0.13231602204525 0 0.185335313642614 0.0705493040977405 0.142417078559817 0.125712649412762 0.171822916713634 0.0529006538427566 0.133964024968685
0.222840530748516 0.0768027468782283 0.199262976121391 0.137219023906878 0.1915242596529 0.111430575883748 0.124055528821974 0.23540970981101 0.174018837365318 0.165648759270287 0.185335313642614 0 -0.0189625670025037 0.124538510617672 0.132213888370197 0.238820001015175 0.0308368972753606 0.188488223899172
0.0517292619453319 -0.0118721577025038 -0.0256423343040743 -0.00836089192269788 0.0184020721967945 -0.0287675589641804 -0.0263559848231275 0.00945255450450198 -0.00743195958151984 -0.0420810454216279 0.0705493040977405 -0.0189625670025037 0 0.0410173790037686 0.0597003841869671 0.0485280793499637 0.0509340067257665 0.0258405019502872
0.168036181690592 0.0629975723917559 0.0849957163438983 0.0512608605176374 0.134414950873686 0.0733848518409825 0.052922580572806 0.148446735709587 0.100968540728356 0.100283904272115 0.142417078559817 0.124538510617672 0.0410173790037686 0 0.0800064428366121 0.151053224949812 -0.0015785589915926 0.20474952154677
0.192492844104629 0.0922784027066006 0.151615145981055 0.114703999696268 0.160538738186425 0.0591154596950282 0.13562705920579 0.194081956900569 0.179372018260479 0.162588593416068 0.125712649412762 0.132213888370197 0.0597003841869671 0.0800064428366121 0 0.190729812163854 0.0392499401526334 0.0866152426360667
0.247307491161115 0.107981730660382 0.204014030143164 0.148133842485911 0.180599086796984 0.119814496956731 0.18297148334748 0.27058152514421 0.197692405286767 0.211760219701873 0.171822916713634 0.238820001015175 0.0485280793499637 0.151053224949812 0.190729812163854 0 0.0899997492016638 0.206993851269668
0.0798144168221997 -0.0203217739264782 0.040613394579803 0.0277964505014582 0.0381859240449647 0.033622013988829 0.0294045998647746 0.0772355363665753 0.0505336872818853 0.0272538419338677 0.0529006538427566 0.0308368972753606 0.0509340067257665 -0.0015785589915926 0.0392499401526334 0.0899997492016638 0 0.0590366563378994
0.204643920737172 0.0382686661998331 0.138787547090478 0.0834310006070317 0.145338614895734 0.0865837251502224 0.102195832893261 0.175622692931708 0.114462404759701 0.132893145164251 0.133964024968685 0.188488223899172 0.0258405019502872 0.20474952154677 0.0866152426360667 0.206993851269668 0.0590366563378994 0
