0 0.246443368062795 0.133668510648443 0.124174108570103 0.0959023974905684 0.100372872874308 0.190338873887392 0.137719743228287 0.150332113768593 0.0946257459299289 0.237899624365777 0.203999262436514 0.25909926861606 0.228200341259736 0.19574959237162 0.142143477019567 0.27732418649381 0.272746787554934 0.231867572401145 0.242144475158292 0.0412578909158927 0.0291273475301186 0.162406683187017 0.0941491290350845 0.126244455132704 0.063078449516061 0.208261986516917 0.247216212753446 0.132189699571278 0.0833322065222982 0.205732341569484 0.169917975063348 0.0924565361760997 0.0223353104187647 0.111424800305065 0.103244329529814 0.0931874471025067 0.0838131788044284 0.0536429203670498 0.0900974412844936 0.219738883956619 0.262932144480083 0.243040447263617 0.248330589788096 0.259170997298261 0.236301859441352 0.209627038527986 0.198464116197467 0.182918896981193 0.157548196919854 0.313960070414674 0.287592091985467 0.295272669993091 0.259130171499638 0.237725021040331 0.147349308226804 0.286554639131059 0.160580484605384 0.13691759225776 0.0865193494388767 0.166262290292668 0.135376076640395 0.31072612161275 0.273458407128545 0.115900349212385 0.0715701858248104 0.0610184577605615 0.0360660767638996 0.0481254374906029 0.0161096479150464 0.0919706193077757 0.0346623165058524 0.2370806255785 0.290784410991965 0.266088879282337 0.204303171443238 0.0788427076362361 0.0980335643944027 0.176167615987935 0.153676502740807 0.147876661789852 0.137137153418618 0.017731672008983 0.0982895240357886 0.0750652585400079 0.0569183833652104 0.144879212412689 0.16378844043423 0.0993254137895324
0.246443368062795 0 0.107413842554918 0.126132418188934 0.0687407972888288 0.0752748125027914 0.128234676976652 0.127365847687772 0.0582117128637204 0.0382776892284908 0.162533554703362 0.241193307108445 0.229440011826919 0.268942642115348 0.190517741360481 0.173399371155902 0.350265237787886 0.405261338560728 0.227399170312167 0.269583363507196 0.0187859389683689 0.0859249707437956 0.145918159674568 0.142999556153986 0.149750105932781 0.106994000541568 0.253391439798338 0.325374576910802 0.137222842693689 0.0913811912680097 0.184084754453042 0.18443467198923 0.121423409462076 0.095702689052693 0.127235393993561 0.114142305702761 0.118242963469327 0.12580228450705 0.153361991630468 0.141896102573039 0.220184399674491 0.251020606790152 0.214262688126078 0.277320332959084 0.293847391074534 0.282178165345304 0.176687701411314 0.179614662506135 0.226060439220176 0.179101854334437 0.376917856106499 0.401015289535854 0.247846453469632 0.204100275109631 0.159922152848069 0.0922963869346214 0.255208415441661 0.176496991825473 0.147055558320008 0.0991733066907197 0.137898541465529 0.127488051705083 0.329623855081326 0.323111015439482 0.08422354397286 0.0429615375634075 0.0113196935645603 0.0203916556339156 0.0544315094799276 0.0243660184475111 -0.0033099317212204 -0.0559263220856403 0.26529813130455 0.349039638664108 0.309073874513264 0.295382490392323 0.121344153395626 0.160033349396748 0.221120997300646 0.176633364712037 0.131594105259881 0.131752693724607 -0.0917258067788837 -0.0287010074956398 0.00617383863328455 -0.0402721924276518 0.0809682025556971 0.0909890443774343 0.00412816154990768
0.133668510648443 0.107413842554918 0 0.214745080825363 0.188534518314625 0.129357908866768 0.248808758022257 0.198224107286166 0.204975104268684 0.145411152648288 0.0431893416815474 0.0562776233800189 0.0983911354391887 0.102832146450942 0.143648001904288 0.115208290314886 0.148711014208819 0.11123437991938 0.166759054776269 0.15383286183236 0.0595836705096651 0.0770435181877041 0.227089127413433 0.13504887123614 0.192837527540065 0.109525043198832 0.0975915779919195 0.077157273576384 0.185769488761376 0.166818324994881 0.139018547205476 0.153501355073541 0.23913573843202 0.107805347180483 0.0715942012572961 0.0856489426580818 0.0886691051476849 0.0562014975222342 -0.0107998512740472 0.0144657688243636 0.235973844760886 0.213510992616448 0.294315110301477 0.244211352518993 0.215358750673542 0.206165607108367 0.224862670852274 0.232111335492254 0.185238754027181 0.137438382492119 0.182393176203144 0.143889149384479 0.193930691598985 0.190789497248929 0.19973131863529 0.128630896936572 0.192827654179915 0.139219164686042 0.31895945761777 0.238477190800374 0.245006578338215 0.188381290490977 0.156706026497395 0.201140342285126 0.173253102437315 0.166111193461098 0.0679612194194609 0.086060369537221 0.0438370450594501 0.0581572406650902 0.220768356680769 0.166590719544447 0.144896786977144 0.168343742921721 0.149319573233169 0.177859172452347 0.0451019812558578 0.083758185998956 0.189897776930077 0.205363650662184 0.174426347974946 0.197480189761586 0.189427429318601 0.262677828693833 0.154101542116078 0.176489878536443 0.20226669642192 0.227811455329784 0.180135391436678
0.124174108570103 0.126132418188934 0.214745080825363 0 0.135999936733538 0.112672558485623 0.199145848317492 0.201160015292648 0.156183446878839 0.132163034034918 0.0199667416023849 0.0988032139133807 0.0806858969273888 0.12991732024824 0.11579578411001 0.127425573100495 0.141646791409686 0.109466795450796 0.120786938302819 0.136689000418471 0.0423051239227324 0.0684352923375187 0.154320330031745 0.141701882758532 0.139835416863851 0.126684712909373 0.0899373643650138 0.100279449900473 0.153039690715032 0.13544295732511 0.118300553197247 0.154081948033969 0.159351524558249 0.105763179023732 0.0454594840061217 0.0690745174167163 0.0927517258207752 0.0607196294096893 0.0189581284181988 0.0181699121511502 0.206225892063864 0.198796056873076 0.253139477229786 0.250387984090901 0.214438006329195 0.214000751526813 0.214420882246844 0.204530718788764 0.168976853893504 0.119576917468466 0.174074509694086 0.154055289447004 0.20900507973665 0.186764652850907 0.147718869619013 0.162343066726769 0.159312138941517 0.156733398080123 0.234384540954301 0.22549000382229 0.196175303413873 0.191646931420735 0.135438553612356 0.181133280438201 0.144549571064115 0.14130716515387 0.0596233048593797 0.0808731918682286 0.0633134513946732 0.042279550729025 0.151814439356146 0.0952321801813626 0.14382719360014 0.162609349785963 0.155962782208773 0.194236641715776 0.0587070647729942 0.0704056511768258 0.186065054135988 0.218399136934182 0.141749300084536 0.182765954547196 0.164467555611894 0.184455905454039 0.132440473802833 0.125467807777325 0.177434400853583 0.192201592919872 0.137707316213315
0.0959023974905684 0.0687407972888288 0.188534518314625 0.135999936733538 0 0.155685575995362 0.2036220444611 0.181297114801445 0.186757694265348 0.158939185442012 0.0601015070375837 0.0721879044601294 0.0928989760908159 0.121884895314401 0.092598673663263 0.0532505153889601 0.0788232559219043 0.0471225076999502 0.0989515004495338 0.134546240145176 0.080499291572834 0.0238818242180235 0.129240264737588 0.06500288265956 0.0798313525091802 0.0583123940478029 0.0774009421148555 0.0592757127166848 0.127879028827873 0.117996278467012 0.0766141371622601 0.11932652674389 0.110271506332346 0.0301081991997363 0.0360705422189653 0.0588605636959669 0.0770421474325733 0.0208869255346705 -0.0686901811084102 -0.0214874748828317 0.178589617183134 0.167339090757024 0.229823571142021 0.198332314187203 0.149836800663981 0.146537197968645 0.21018132102811 0.212658182365763 0.131036654828453 0.101865226085588 0.116608135596995 0.0809786583765561 0.144372217674257 0.151645086035971 0.165410964434949 0.156914344001226 0.131109238082475 0.156807143416742 0.174089547995652 0.162141249918322 0.190063351443764 0.160915840697229 0.125938996752528 0.139602295115637 0.149697101030594 0.153024587380563 0.0457768541766847 0.0746851868634573 0.00835054764688858 0.0326324834836678 0.198939408997563 0.155907719971356 0.0887106112006072 0.078374521365616 0.0943457580019168 0.112851862842568 0.0127702972702077 0.00986418466204984 0.11154569905957 0.173087304505779 0.152646832184137 0.176978220971446 0.221141253806507 0.256707191819976 0.17602417477856 0.172395406302503 0.216072709741458 0.201132380213951 0.177936259611498
0.100372872874308 0.0752748125027914 0.129357908866768 0.112672558485623 0.155685575995362 0 0.147548178677191 0.179851200375284 0.134348232928724 0.128171558576778 0.0555751566332117 0.0873200116602736 0.06891533515178 0.112295587122175 0.0367265232703521 0.0526283984903087 0.0933187660975591 0.0552349812677249 0.0903593744594508 0.144398570317121 0.0207857065785467 0.0445384814914332 0.0611311667417611 0.0637786507406206 0.0426043048379588 0.0525066399934742 0.0614276510248851 0.0704026506289397 0.105171627963383 0.102409166096637 0.0824253565915234 0.105038454801583 0.0290874517173037 -0.0248205689834333 0.0109943093426279 0.0420237030614106 0.050919230441051 0.0125944096835441 -0.03842607890783 -0.000923394376401288 0.15696453867669 0.154378216174967 0.190600491872659 0.187515934712469 0.120570353122399 0.148844704104254 0.172278610576228 0.199017810991449 0.106356202550904 0.0857164950620662 0.100153773851925 0.0896203533903566 0.14697965105512 0.149194981610989 0.132580538650929 0.151148710986065 0.124686890325573 0.164926842345459 0.102172660858409 0.102227923384781 0.137906840230638 0.126345195543108 0.121521879059518 0.12504526754254 0.122260626873923 0.118322168267597 0.0445170985152709 0.0576992963405529 0.0141898313589921 0.0522224946670964 0.147984677119136 0.0908685502372674 0.0872950699887553 0.0602010214198699 0.0841765787412239 0.10300999626829 0.0077197449314518 0.0195629481617902 0.0918652689639534 0.151434220538346 0.123481790484627 0.163711332882251 0.194020828221966 0.20164339629479 0.16446111058756 0.166461494312495 0.199658165190192 0.200888925551385 0.155306184918527
0.190338873887392 0.128234676976652 0.248808758022257 0.199145848317492 0.2036220444611 0.147548178677191 0 0.269200832753283 0.291811020120556 0.212384462426407 0.0983764167414609 0.0859186471284431 0.169426288373975 0.160856166686121 0.139128187339364 0.103758328676004 0.15610934399261 0.11504862662832 0.150227629948875 0.159926746436554 0.0694686728975339 0.0529658259651941 0.209080182505982 0.148975209305995 0.153933008094623 0.106581748200602 0.124876216404539 0.0973551059471672 0.189836942114207 0.173055798273789 0.148584551406206 0.17511993180616 0.187298539134471 0.0644676891123836 0.0716327750320949 0.0945169043010924 0.116885234300173 0.0652009212405342 -0.0298079728893527 0.0299729240005316 0.281852841435621 0.301906043608109 0.330418847658602 0.284987910312031 0.257939685049209 0.25212169947932 0.285091781333253 0.263824845999223 0.217264148245591 0.149714479081343 0.202798432420862 0.159719381786102 0.269996531683741 0.275421031704337 0.271954923934528 0.252946830264928 0.212495168528155 0.203785839858141 0.255270134413532 0.244367157403504 0.275717453493307 0.230500420268236 0.177853153210831 0.216365462108753 0.179069941475379 0.163443473406821 0.0749408289606587 0.098362173095627 0.0162481986776368 0.0452421769786021 0.240016419004217 0.171900659821754 0.163432475868736 0.211062293981471 0.189791726095576 0.191520839180804 0.057541179823021 0.0538264016351387 0.193551065901379 0.235512196442996 0.22613027810641 0.220213737713951 0.23046725357394 0.28282607325574 0.187137055422187 0.196170405373586 0.249882961288834 0.285802579672035 0.203781005588821
0.137719743228287 0.127365847687772 0.198224107286166 0.201160015292648 0.181297114801445 0.179851200375284 0.269200832753283 0 0.241912020083827 0.211651670519642 0.0648927805878663 0.148410633534615 0.11741749310217 0.181315823766896 0.0514123773615931 0.0593506452013561 0.12683690608064 0.0996362784089707 0.105170035615033 0.173687500322901 0.0551694523927195 0.056415250733303 0.0966975075378049 0.114012797111014 0.0721010989584023 0.0781389969246447 0.144387258968536 0.132265807717462 0.188796568776397 0.200373124360726 0.139466374937117 0.208899690476032 0.0995781505299402 0.0688098765831116 0.0247526479879678 0.0687447706421154 0.0754983757776958 0.0312915709678785 -0.053733215994744 -0.011025601558408 0.264118055452611 0.265672982980244 0.308636349464523 0.303310151640643 0.233925892989423 0.241977314095487 0.309250671054267 0.305230432130618 0.175670811504082 0.131516533827858 0.162066673091118 0.142797447660672 0.271658285039599 0.268227945694168 0.231102501364315 0.314038478737553 0.186993928249332 0.285393325228937 0.099920427179711 0.232752381140137 0.236559682355721 0.22250637317968 0.162878574840164 0.169943058201442 0.18195249767357 0.192961498089193 0.0844757439213022 0.111308316023541 -0.00212702877779003 0.0309203397155645 0.226442892299712 0.196628783668966 0.181662453805917 0.186879929628086 0.153305075189737 0.177418206174662 0.0189716117878542 0.0459645413105608 0.117034348670105 0.246277069936397 0.174866835507802 0.243147382142584 0.2458417732411 0.271197675340702 0.232081843315693 0.204109552813766 0.292329207961145 0.287901726879862 0.237446735946358
0.150332113768593 0.0582117128637204 0.204975104268684 0.156183446878839 0.186757694265348 0.134348232928724 0.291811020120556 0.241912020083827 0 0.223259215061132 0.131536520021332 0.0706537932230821 0.156051785139791 0.118189727676847 0.161819741921486 0.117317762088995 0.103160009554126 0.0495307620107938 0.113977494700489 0.120996535859836 0.12020314954294 0.0280523459139513 0.204778831184555 0.0916440033766795 0.138787735604004 0.0843586149516572 0.117351880343578 0.0620756016798648 0.16316855227835 0.153020209640825 0.131917131321891 0.144188009000169 0.162778299021839 0.0414449480523456 0.0394626698808565 0.060549978960662 0.0937994162965966 0.0101570213319867 -0.0637072435354756 -0.00235434414844654 0.250845106956464 0.238240887142195 0.276321022248828 0.201168393864075 0.202158518632177 0.17667016841132 0.226326203604358 0.223952120827197 0.153878638917228 0.0915954211095465 0.139472564983631 0.102264735028619 0.204227012194623 0.209675490194057 0.277450143063873 0.239434428521122 0.195157162235407 0.178702166875217 0.197074222370631 0.232445294873791 0.223598995580204 0.183591164229237 0.148106684509728 0.177276846740399 0.174973002798634 0.151170262552115 0.0805288479986419 0.084102568434468 0.0485450399499729 0.00828921144843346 0.246439682715813 0.201746158350149 0.134776018819458 0.165787268452007 0.122551536700839 0.125797445763845 0.0485710101885348 0.0241976968181006 0.135523690663763 0.207552577351632 0.224274019156916 0.181968991684044 0.213355693991535 0.276570820614741 0.193462551512876 0.196623511231593 0.239484968844769 0.259400020894145 0.226323508996652
0.0946257459299289 0.0382776892284908 0.145411152648288 0.132163034034918 0.158939185442012 0.128171558576778 0.212384462426407 0.211651670519642 0.223259215061132 0 0.073824131133912 0.0606491858795848 0.0571719094711637 0.0870403571323336 0.0711277813468772 0.0991807818423379 0.0465913279360025 -0.0109973047870955 0.0670922005028747 0.0598940376140853 0.0791310385793589 -0.0201636052245742 0.10771969897204 0.123612589153098 0.0644529916042719 0.0711539580639395 0.0299795420406393 0.0111494550899144 0.0777451326453011 0.100261026255155 0.0701947006023191 0.0997822006733799 0.071003929818168 0.0433765195074646 0.014901379978205 0.0450497682487049 0.0577825322618367 0.00612970485367053 -0.0780133892439255 -0.0277676846696958 0.132445136165241 0.134204085056877 0.168146599571669 0.126194748855768 0.101421331911073 0.0897023900055376 0.156448748158502 0.158965082304142 0.0830869865196846 0.0509140471624564 0.0921478566467417 0.0455495312347011 0.147572478470867 0.157618934336778 0.205505635507672 0.219996990695369 0.0887223923996514 0.124833964123377 0.123683402906951 0.214027148123748 0.15137084052401 0.128215743435258 0.0711754292234053 0.0790136673853223 0.106053542008406 0.0978756998624885 0.0193778577655499 0.0243290748297859 0.0277955811871831 -0.0295025104928913 0.117264735409734 0.103678908860741 0.0886553464087188 0.0605650772259368 0.0734944224029104 0.0781088141439919 0.03028563043728 0.022921337384558 0.0852073931104862 0.174616112885083 0.149347506702303 0.179448739494648 0.232878259663655 0.228924993460059 0.151996341594576 0.162836697181387 0.17044818513136 0.170199151586529 0.142656181477967
0.237899624365777 0.162533554703362 0.0431893416815474 0.0199667416023849 0.0601015070375837 0.0555751566332117 0.0983764167414609 0.0648927805878663 0.131536520021332 0.073824131133912 0 0.237305785490973 0.338820721749077 0.212256280408319 0.212881148416897 0.12483151890609 0.210627104212667 0.21473685654854 0.204174802720952 0.164528473137859 0.0584815919636403 -0.0336460714932339 0.147644850362457 0.0673240497703737 0.0422792700529657 -0.0121979336219023 0.182786585901118 0.173476075623949 0.000616571434993566 -0.0260890037575133 0.148838663448047 0.0850882733428672 0.00511701326329485 -0.0897013264937667 0.0708146761152242 0.035912230406279 0.0207298344249807 0.0202313836781263 0.0256410926092 0.0832351383704801 0.0587382934420109 0.0984848654705401 0.0349667733953763 0.0588565207104799 0.0853645144863293 0.0752075763905234 0.0538299063619294 0.0821488143076991 0.109903566332804 0.0838433153654257 0.207492381510522 0.192781796797596 0.168690279102752 0.145016664554494 0.232851375538024 0.119785717902225 0.283398258369905 0.169764704616761 0.0682822555314449 0.00562509415504068 0.0387994600483534 0.0268501760832245 0.195775447933624 0.153936702898421 0.0637489483574909 -0.000835993519138658 0.0449862838883337 0.0022983874858144 0.0232545502986049 -0.010206650333249 -0.00118840548803816 -0.0485869653613734 0.150007964252917 0.142127605962918 0.155035920656413 0.107296953594803 0.0884872702524774 0.0579715151548853 0.142234222696641 0.0678099976074506 0.128348149608285 0.0908537900639793 -0.00532526473713248 0.0203717216011628 0.0401360682912866 0.0173373147453156 0.0925108246663946 0.0911652728646322 0.0035732800715669
0.203999262436514 0.241193307108445 0.0562776233800189 0.0988032139133807 0.0721879044601294 0.0873200116602736 0.0859186471284431 0.148410633534615 0.0706537932230821 0.0606491858795848 0.237305785490973 0 0.260975874957941 0.330766540900635 0.150652348011976 0.146563718595967 0.237543674731663 0.265515549170504 0.190502666767595 0.206976307683699 0.0570272653647963 0.026405398167935 0.132388725652581 0.13689432786346 0.0651952472873519 0.0689698240573099 0.235691369334981 0.281987532205372 0.105100996940927 0.0901512555646817 0.153227896013269 0.127635467626447 0.0201265436540647 -0.0214583038535589 0.0586760030295079 0.0830767324565666 0.0633177449242959 0.0794073178002657 0.081932976113406 0.0859373005255839 0.15018078227418 0.175862906540722 0.130818157211766 0.169175523436264 0.175921021208052 0.196222386775353 0.142171126121691 0.115474791026259 0.152680293632283 0.120900636302603 0.222881489034494 0.237871151366765 0.176378615551861 0.145337087464583 0.191998012132922 0.187324599042339 0.275913737852197 0.242137163951655 0.0933804183282525 0.0950803924914172 0.0694493380254221 0.0926068784752087 0.199646310408984 0.156498819166485 0.0739226347943932 0.0613201180209378 -0.0100415438195375 0.0325504611217259 -0.00145790295115117 0.0221116325719144 0.0237265538387459 -0.00804112124989387 0.200459660990313 0.202602469259427 0.21309878896495 0.219213727843094 0.0858103783277986 0.112464595612991 0.165960481089212 0.14757373049713 0.117241562678252 0.141024743763757 -0.00640654757901647 -0.000885247683821975 0.0400054223966504 -0.00935431807499562 0.0806530508041694 0.0889246786514552 0.00451963057482859
0.25909926861606 0.229440011826919 0.0983911354391887 0.0806858969273888 0.0928989760908159 0.06891533515178 0.169426288373975 0.11741749310217 0.156051785139791 0.0571719094711637 0.338820721749077 0.260975874957941 0 0.312471036045156 0.299090240190551 0.19712294999823 0.275977546990698 0.281291973029199 0.259102240757207 0.202478339105527 0.0707088603053147 0.0090322893287401 0.27361543588032 0.153199712011452 0.161038857743753 0.087783125900124 0.24759178105204 0.234199669309281 0.130228211787075 0.0846985210059277 0.199223276297205 0.136464098650381 0.093625611055503 -0.0295543055516975 0.112140135312265 0.0982760678648384 0.0924765621452948 0.094280638826534 0.110123610309482 0.146750631376908 0.208461580801896 0.249384389685724 0.179112639923277 0.20803523651468 0.24952590758835 0.234873496846072 0.166332751024148 0.144003746914597 0.22236442932698 0.175509365502317 0.302827736816453 0.276360978168793 0.221677182697633 0.19126615575721 0.283382188217047 0.114593496595024 0.311533913228732 0.160056913449052 0.224135591246341 0.0961186605620792 0.131490333501263 0.106058187312809 0.267570353319441 0.24560927165996 0.0881539755450281 0.0415036818282658 0.0178145702632404 0.0256187245617986 0.0338425780137862 0.0201829906535997 0.0399174103283176 -0.0435369070564936 0.193097450729435 0.279748427467215 0.252130648674051 0.234602759261284 0.145691940540207 0.127976075792366 0.238268287809178 0.144238443021857 0.207868014076398 0.133179149855316 -0.0342483852103718 0.0368469292649943 0.00588707163348832 0.00247815116445068 0.102490387122511 0.123330615444312 0.023702804529205
0.228200341259736 0.268942642115348 0.102832146450942 0.12991732024824 0.121884895314401 0.112295587122175 0.160856166686121 0.181315823766896 0.118189727676847 0.0870403571323336 0.212256280408319 0.330766540900635 0.312471036045156 0 0.209940508995006 0.199258284662242 0.274648510129129 0.303930737055569 0.215116247964941 0.229341758485563 0.0467870417456858 0.0569079576001487 0.181087022079992 0.168981451513326 0.138288024632096 0.111557294450284 0.245996825547843 0.294423491278939 0.165172855700956 0.143242093523092 0.201703098523428 0.184412946712067 0.0970313073329964 0.011671097625319 0.100118209031425 0.0991495060813597 0.102641926300869 0.0987693702969583 0.112991962778521 0.108419347877396 0.217249590331997 0.276046520521178 0.217307117639851 0.257645264295398 0.286706611590922 0.279187279798962 0.191931938007948 0.181585192917247 0.23644817221946 0.158859974365209 0.285770993166683 0.286781846349744 0.237600915427668 0.215645271295347 0.199517942328083 0.160314675242337 0.304024835858672 0.212069659118821 0.147111353747478 0.123676228554732 0.145877687559779 0.150476608851369 0.257973545082859 0.247173599081882 0.0949975465179426 0.0891836139222135 0.0138398320072626 0.038379755782865 0.0377008327864645 0.0429493675346849 0.0578688823470355 -0.0079674488978923 0.229391662733845 0.270602245795163 0.261479441867464 0.275284834589946 0.106530695743567 0.143379092712349 0.241260157619831 0.198195927013467 0.157872065124046 0.164608717864974 -0.00303856554172322 0.00866370021443329 0.0477844084522277 0.00085903279036555 0.117637102249217 0.1311263147302 0.0497983719789963
0.19574959237162 0.190517741360481 0.143648001904288 0.11579578411001 0.092598673663263 0.0367265232703521 0.139128187339364 0.0514123773615931 0.161819741921486 0.0711277813468772 0.212881148416897 0.150652348011976 0.299090240190551 0.209940508995006 0 0.254215354313463 0.233388948312071 0.219780777648054 0.224552483610163 0.158879901150521 0.0774510541098159 0.0198574349114991 0.295287799425781 0.192418840509913 0.216422829944438 0.116805213196746 0.187456761075121 0.166252514490278 0.114456272242628 0.104024747667445 0.170146328287902 0.104100823878393 0.201658858015359 0.0573931561670443 0.108995914864582 0.091958892216977 0.110545972288517 0.057311299632162 0.0892603304898198 0.0893938160453477 0.155566530771704 0.186687202384916 0.136553719625118 0.151878148301024 0.200857090824424 0.16886712021763 0.11824154983674 0.0928708124557103 0.183056809413695 0.128109832210482 0.249635728894901 0.230329498921137 0.150816818353416 0.140338869129389 0.209190902432951 0.0436863329862039 0.239265262978634 0.0689458481776912 0.310896074315681 0.146571721815813 0.13868031787604 0.104688021239797 0.215865204487424 0.209067433380826 0.0954653486165595 0.0509370368502842 0.0328406057194748 0.0136990239304437 0.101109902147244 0.0308575340149503 0.028365437436946 -0.034293377811686 0.18014860142705 0.228083738047648 0.192902281272857 0.224809648587684 0.172647308124224 0.129534354685594 0.272996745048536 0.152611954117631 0.17621206837653 0.115199975855599 -0.0204414331807681 0.0500146812074931 -0.0164848542701792 -0.0123885168432212 0.0463076201501863 0.0814177897569552 0.000636169088627614
0.142143477019567 0.173399371155902 0.115208290314886 0.127425573100495 0.0532505153889601 0.0526283984903087 0.103758328676004 0.0593506452013561 0.117317762088995 0.0991807818423379 0.12483151890609 0.146563718595967 0.19712294999823 0.199258284662242 0.254215354313463 0 0.191190291289725 0.219311518433132 0.169062827197058 0.124788788183358 0.0632201693893204 0.0362247079868315 0.245672982946421 0.202074921936149 0.205190589036454 0.159025211995607 0.151990512658661 0.178286136497131 0.114108543997727 0.121457659664855 0.146227542982377 0.107399692603441 0.199592545427882 0.0961999666849396 0.0749714414937339 0.0693087803730432 0.108669539555821 0.0576571204824828 0.096854453017792 0.0961510566730975 0.109285970935924 0.174911806539291 0.098535375967057 0.123714882056286 0.176578873125834 0.156803115456645 0.0601194218949392 0.0367544105072185 0.148445082026764 0.104245272859948 0.227376095647489 0.214529361510029 0.117570056552588 0.0960365994246587 0.152779379850061 0.0545240674170574 0.177641270638864 0.0847929652653507 0.297237171598246 0.1948820243258 0.100262744771941 0.115549470681699 0.191954948917366 0.188493053947473 0.0591158618825158 0.050070609507165 -0.0266169730936866 -0.0258922301070135 0.133677936538083 0.00694889353770999 -0.0047739610345868 -0.0692923441018407 0.164732233969073 0.194819538643854 0.192015370265087 0.225927774069385 0.149894208262129 0.172428010254633 0.250832265599806 0.165918426680453 0.104920572337338 0.122208440072185 -0.0605193092060483 -0.0169788770104113 -0.0413491963214481 -0.0698551758702847 -0.00268807413431014 0.0395186108523649 -0.0356777354243505
0.27732418649381 0.350265237787886 0.148711014208819 0.141646791409686 0.0788232559219043 0.0933187660975591 0.15610934399261 0.12683690608064 0.103160009554126 0.0465913279360025 0.210627104212667 0.237543674731663 0.275977546990698 0.274648510129129 0.233388948312071 0.191190291289725 0 0.509636832670766 0.2996256966775 0.325319149003857 0.0328951511477569 0.107904001199386 0.178032939353786 0.129353664595153 0.170733330334993 0.103509485926013 0.320722328078217 0.364837813898064 0.186627559786471 0.134205850651751 0.223303187679865 0.209604289042144 0.162365724678754 0.0741002866808649 0.126922010653844 0.11784654128714 0.159648678582963 0.130832793906178 0.161184761789211 0.133009435989934 0.269367926030844 0.322179101092717 0.243482853542824 0.330942932050137 0.345428201962618 0.333166970787386 0.217300260891646 0.196879035448969 0.264074113278694 0.1869868271279 0.440664862354272 0.448805921721418 0.265904324782115 0.235587864702437 0.189786026302563 0.0726356362697986 0.332959563536028 0.187457013949897 0.200866026377837 0.0892138986764386 0.168501979108794 0.14721654437211 0.419790988864311 0.397229920584704 0.0969490225951421 0.053483914462999 0.0136908033546143 0.0320349845308426 0.115611072026534 0.0337133690901062 0.0637625759424903 -0.0227634176921078 0.366978612396278 0.449508674557459 0.377916008332589 0.328228213841599 0.145847769308093 0.179848580507672 0.273820099930896 0.179854614121489 0.150193700384581 0.144888920944975 -0.0838326920547069 -0.0135187471958715 -0.00350827402043689 -0.0234187059807236 0.106761235055837 0.1536202885501 0.0530071477311785
0.272746787554934 0.405261338560728 0.11123437991938 0.109466795450796 0.0471225076999502 0.0552349812677249 0.11504862662832 0.0996362784089707 0.0495307620107938 -0.0109973047870955 0.21473685654854 0.265515549170504 0.281291973029199 0.303930737055569 0.219780777648054 0.219311518433132 0.509636832670766 0 0.302658686505892 0.342077823738406 0.000347995304989338 0.104369364853331 0.16379439604132 0.137361454811098 0.174955676096269 0.132287294834836 0.352971204769396 0.4337561574919 0.162026691207147 0.0738434374173039 0.239897308810254 0.214187715419614 0.118235667051568 0.100703438378684 0.158195141944253 0.138738247537323 0.151683903544195 0.159444375103963 0.227376873718722 0.204012015417473 0.23545382160663 0.315906720839783 0.217816428929228 0.298994330201365 0.384132773856413 0.348981828214974 0.176738588394605 0.143790479582895 0.254712789183849 0.209867270039512 0.466789925523406 0.496882419796445 0.25623534946988 0.231154858817868 0.179712894191895 0.0234968470096916 0.344185273590671 0.177576480002401 0.163153808431176 0.0433816786684368 0.119759698264987 0.105536466982677 0.439005969165473 0.400784480393266 0.0667973955994596 0.0138920539550492 0.0072742201922351 0.0154844487774319 0.100225880549421 0.021870889991691 -0.0390785065918643 -0.0935734401314785 0.39360525937483 0.49459558971353 0.426448041019105 0.360213397885256 0.153856113470019 0.215764910709203 0.275328483383589 0.151896609472444 0.112622170317603 0.11790304693557 -0.187689046008055 -0.129122965809948 -0.070959729714325 -0.112616009771674 0.0485506887218443 0.0682610501122821 -0.0270633790988898
0.231867572401145 0.227399170312167 0.166759054776269 0.120786938302819 0.0989515004495338 0.0903593744594508 0.150227629948875 0.105170035615033 0.113977494700489 0.0670922005028747 0.204174802720952 0.190502666767595 0.259102240757207 0.215116247964941 0.224552483610163 0.169062827197058 0.2996256966775 0.302658686505892 0 0.245062802600695 0.0415485114752281 0.0466005056236882 0.219479962285782 0.137842975306305 0.158721259932993 0.0789577917504679 0.209250788683025 0.219187528060742 0.132915700585758 0.092367170876501 0.178593707903305 0.135517528539919 0.122843458828318 0.0176331033792409 0.122195109451377 0.0888723431404748 0.0916497174383844 0.0806504692737148 0.0748763556886222 0.0947315291412289 0.166697479930966 0.211356479450519 0.181920252106247 0.232860772150693 0.214547440824203 0.212278861391776 0.174794357575971 0.185353554383578 0.187113039510583 0.148161373662607 0.305332122853095 0.28205144704166 0.19139438731637 0.169881900543212 0.200525212613988 0.0858868500781524 0.251599527403367 0.144730538562608 0.226825739273469 0.112724650448328 0.139868378514487 0.102435825697671 0.278864776253998 0.266674294833842 0.128075801501543 0.103996831327422 0.0427641295155297 0.0407790299250287 0.0706656705267222 0.0316790421860892 0.071084137339139 0.00667913915690028 0.250249781312016 0.278011678402066 0.244710446452225 0.231992315987343 0.101616159274656 0.110050412063441 0.234187007636962 0.155672791016055 0.163500194503587 0.153187519087776 0.0206841329893264 0.0900447343666916 0.0649181421455457 0.0567887962814354 0.115678985922132 0.147758571109159 0.0410677082482142
0.242144475158292 0.269583363507196 0.15383286183236 0.136689000418471 0.134546240145176 0.144398570317121 0.159926746436554 0.173687500322901 0.120996535859836 0.0598940376140853 0.164528473137859 0.206976307683699 0.202478339105527 0.229341758485563 0.158879901150521 0.124788788183358 0.325319149003857 0.342077823738406 0.245062802600695 0 0.0287681566417459 0.0771258242303436 0.132515340265903 0.074712778667141 0.123519896318998 0.078421286095929 0.263157389354341 0.277781554828487 0.187332037223867 0.120918113546323 0.193471197919059 0.197510710654865 0.123650633372 0.0485243952540376 0.111749598982764 0.101107215144891 0.107895416534732 0.0897773291228132 0.100009991650229 0.0995541572132388 0.246653645920907 0.296829073641376 0.277042827964614 0.341098744315545 0.295266890173779 0.300086424758898 0.263452151104234 0.24601756359929 0.217408117763248 0.174652187797158 0.365434936099494 0.349439769063131 0.25474643765662 0.247301310854343 0.160209645537165 0.109249166252754 0.285144190594525 0.237905704514405 0.119280064773013 0.0763920942761082 0.180688261993498 0.162585341566392 0.341516172088781 0.33080952835921 0.150043652795095 0.102387718080496 0.0528079779739574 0.0714714352727531 0.0551249966243465 0.0539734536988182 0.153311528602133 0.0602536591071654 0.273535144384109 0.321647595139541 0.293179260724717 0.239412379055918 0.065713395037172 0.0963600608138748 0.184882667422618 0.169741389065316 0.153851456995799 0.150618182745415 0.0506540473419766 0.102147999177527 0.0992802583264719 0.0721463810537419 0.18283645857933 0.200019840362802 0.133064828073034
0.0412578909158927 0.0187859389683689 0.0595836705096651 0.0423051239227324 0.080499291572834 0.0207857065785467 0.0694686728975339 0.0551694523927195 0.12020314954294 0.0791310385793589 0.0584815919636403 0.0570272653647963 0.0707088603053147 0.0467870417456858 0.0774510541098159 0.0632201693893204 0.0328951511477569 0.000347995304989338 0.0415485114752281 0.0287681566417459 0 0.0257584767897686 0.0788385188734257 0.0385482860683024 0.0543096135815758 0.0348096240346994 0.0368106927451605 0.0241439469919171 0.0509658929688106 0.057441560321275 0.0570906913338011 0.0668301593796729 0.0730670946604388 0.0396823236563237 0.0173689264273204 0.0236352921286044 0.0268132353905187 0.0215593053995696 -0.027221202426552 -0.0111150276214457 0.0590321927146983 0.0560577643538819 0.0740740443802677 0.0315102586495307 0.0478710117154703 0.0208546211064951 0.0724633460264407 0.0790724619581016 0.0486455989411635 0.0367774567487819 0.0154155766097049 0.00411195996099778 0.0526354523171336 0.0420073503059224 0.0991075444627442 0.0884658162350771 0.0802512471863657 0.0730116776182213 0.0895433800734286 0.114948417003191 0.0688712852716042 0.0609127088675291 0.0162020181300015 0.0138701057715915 0.0886696420104931 0.0659514426850371 0.0452777996382341 0.0178934746603449 -0.00256042974487533 -0.0132481017242842 0.086267347297445 0.0669246567910161 0.064802445808525 -0.000486816056985365 0.0157159822068848 0.0320613052421603 0.0339503065733304 0.0128954878325428 0.0488040260236615 0.0776250643246818 0.0815672721853839 0.079453535276328 0.0797459962671129 0.0912575652826991 0.053289654975323 0.0457969710977845 0.0589543567668537 0.0727724962976485 0.0649583396431067
0.0291273475301186 0.0859249707437956 0.0770435181877041 0.0684352923375187 0.0238818242180235 0.0445384814914332 0.0529658259651941 0.056415250733303 0.0280523459139513 -0.0201636052245742 -0.0336460714932339 0.026405398167935 0.0090322893287401 0.0569079576001487 0.0198574349114991 0.0362247079868315 0.107904001199386 0.104369364853331 0.0466005056236882 0.0771258242303436 0.0257584767897686 0 0.0469021219219925 0.0412688958562377 0.0861185096645595 0.0712227701252992 0.0899088757948216 0.111797526788006 0.120210638516631 0.0954048107159731 0.0613058340394989 0.0773138859551936 0.103617215053103 0.0444218458644952 0.0279977545187894 0.0537648366231371 0.0495330839442009 0.0578244307718402 0.108673921840405 0.0606932262321875 0.126355236071297 0.129891127327611 0.131651729912911 0.134687228377605 0.135312132089738 0.15239966386437 0.107851713960294 0.0912025917317339 0.0932206384770407 0.0609408235632158 0.101510154173594 0.102052539073516 0.0963509510558287 0.0830598494860082 0.0201267783111522 0.0334898348221497 0.0894391155987721 0.0916310567095549 0.0750388689761441 0.0597230158406165 0.0883034207704177 0.0805077488829509 0.0883296579861515 0.120948281704269 0.058432854067337 0.0693481797043511 0.0341883366295125 0.0577490214940374 0.0399307589904196 0.121366873012312 0.0884932711044129 0.0799190146538625 0.124386858918046 0.145824403710733 0.113994955110032 0.109275229856383 0.0232203055672047 0.0476184661049821 0.0625146604338052 0.0739103824262431 0.0345456672924606 0.03857718469862 -0.0301619131605793 0.00731349854061322 0.00743963364009521 0.0160829992707507 0.0505600495672187 0.0920400360595062 0.0725915719282089
0.162406683187017 0.145918159674568 0.227089127413433 0.154320330031745 0.129240264737588 0.0611311667417611 0.209080182505982 0.0966975075378049 0.204778831184555 0.10771969897204 0.147644850362457 0.132388725652581 0.27361543588032 0.181087022079992 0.295287799425781 0.245672982946421 0.178032939353786 0.16379439604132 0.219479962285782 0.132515340265903 0.0788385188734257 0.0469021219219925 0 0.227544514308032 0.266064143057783 0.154481849107656 0.125356651232026 0.116690122229709 0.152005089930286 0.129594272423808 0.150815414027455 0.100582487073932 0.257131564741074 0.0428235013401669 0.101008149794188 0.079870549006953 0.104613352702908 0.0562871030882465 0.0453285713930191 0.081756446623137 0.166516045525269 0.172607241368691 0.167775306399175 0.167383482893138 0.176676542447948 0.160008352310577 0.125845124717272 0.130456195369176 0.174101383599445 0.140576217605635 0.220219832531002 0.181861938961145 0.131096088736683 0.127369622730117 0.247841023414147 0.079703257883952 0.19133523762181 0.0799544693887027 0.405265438721643 0.252041087324635 0.190129758011379 0.123390336428785 0.1749426679414 0.198528209266964 0.11169275603328 0.120848806430549 0.0444202827935967 0.0426888546113058 0.084287675734652 0.0506262084288359 0.104917199392727 0.0425756294946294 0.129947338287283 0.187083287793482 0.154674855217296 0.209412194270832 0.132615815067389 0.119095623896862 0.269407211234494 0.208980012774743 0.182884873332029 0.146163153052942 0.0653305721272082 0.155621458379163 0.0413819128581031 0.0576450525882017 0.0880151112406935 0.122145336769511 0.0549393344449616
0.0941491290350845 0.142999556153986 0.13504887123614 0.141701882758532 0.06500288265956 0.0637786507406206 0.148975209305995 0.114012797111014 0.0916440033766795 0.123612589153098 0.0673240497703737 0.13689432786346 0.153199712011452 0.168981451513326 0.192418840509913 0.202074921936149 0.129353664595153 0.137361454811098 0.137842975306305 0.074712778667141 0.0385482860683024 0.0412688958562377 0.227544514308032 0 0.181252220426041 0.141584949671963 0.0799521953292691 0.115063994583527 0.0933435050542673 0.100583790979771 0.102853205447944 0.0892545759643419 0.176015312140963 0.096041156134943 0.0500413131655822 0.0694078590773383 0.0845967000320497 0.047760463978839 0.0887418502431628 0.0618279523939839 0.113577841524657 0.11217005447038 0.0836045131836228 0.102420546369206 0.132115915237027 0.14910865683959 0.0831237373895706 0.0645663869384768 0.122792006408476 0.101698026542414 0.173477310074609 0.159817590972537 0.101933565810289 0.0945290502183831 0.156367396631743 0.15505618674955 0.128777848882758 0.0662296791244747 0.312484216639306 0.261167338423048 0.115919171681864 0.0939985880042058 0.112402547294766 0.13523370878223 0.0535702607152487 0.0683409227708463 -0.00389570548975545 -0.0199371989566871 0.0877855842770795 0.0204512569741338 -0.0256366094061764 -0.0230648140336736 0.108466885102659 0.129022297936849 0.140207800706021 0.217912912238686 0.129202120141844 0.135489597893301 0.222657414818662 0.196695305732095 0.131815669305304 0.156980842788088 0.0171631425560607 0.0617364755014908 0.00737148055525346 -0.0213356101135543 0.00588641794776907 0.0464199598258149 -0.0126492630456954
