0 0.773378967761689 0.375679925428991 0.239091415165145 0.296282238615536 0.218151929750231 0.477868755965113 0.339085976006543 0.281294559309637 0.207997253033103 0.670240485565771 0.688724409831242 0.694350289349958 0.60497834519487 0.466197628554706 0.467486001547513 0.667048754224547 0.712464498401011 0.710601776889639 0.729022959242196 0.207514392955883 0.0145147351880742 0.250489502611702 0.203524715439183 0.439442155299552 0.171406861350475 0.520366525175837 0.712818774852434 0.0903488017352829 -0.0954094877082793 0.451217932767316 0.354118849589487 -0.0514471104175077 0.165174002411723 0.393598362385232 0.276791479347168 0.43708700738956 0.479263059374381 0.359627510705553 0.185244746120784 0.530778449435915 0.592663245120121 0.594500602047056 0.696829486768088 0.600854039866456 0.554195906517911 0.600216405317085 0.537140911300486 0.661291173919706 0.650019689089323 0.752460382657317 0.684173926935634 0.512748101265568 0.537590468084589 0.582002116651354 0.19255681070339 0.639142705956274 0.480524930901137 0.139995863692763 0.0172423012450134 0.144358418693238 0.261382123200264 0.449721862409053 0.457745954549492 0.109108028993594 0.2159508827174 0.388073661595271 0.381214110904088 0.161386175814782 0.120330346381807 0.102393153019287 0.213499700644545 0.63407003833394 0.688235391073052 0.694874249633965 0.709933898038623 0.497027959624594 0.440006751626598 0.541506634705647 0.537125270456297 0.651468574265022 0.481808406288461 0.10652696199881 0.298997725221173 0.225471192606646 0.367449938088809 0.354762458802156 0.442050736984084 0.321406876125446
0.773378967761689 0 0.253421511810187 0.250599419469393 0.229076471537232 0.187715187323479 0.258523788141435 0.332132651923197 0.156378003320753 0.132769624194521 0.429692228761432 0.676338171527483 0.42548410659795 0.531341414102797 0.202779586735056 0.315166057100667 0.703587963080533 0.833762219097693 0.632355902058517 0.802602380792108 0.2283658324569 -0.0458557942012856 0.100164972649836 0.0997329761104207 0.437997295374878 0.158654714407905 0.499263630056605 0.72596456129828 0.0658449049235076 -0.112788120126968 0.410337285337969 0.40479677877792 -0.104404995609883 0.160437252607623 0.349958276564106 0.313541848493787 0.412480047326363 0.498424497650544 0.317890896143944 0.144396082908109 0.476320095463717 0.551943193193017 0.646684543499558 0.847183750081146 0.625897170052798 0.527749779354953 0.657129837351457 0.620365121472034 0.706221173239467 0.747728061271097 0.858122403485926 0.894577901722828 0.621088086128993 0.654571168673624 0.383081970877631 0.2267271222657 0.555890159281811 0.563470023326918 0.0333075233885589 -0.0103028828526949 0.0551615618074346 0.2021074664928 0.5577313586091 0.644990666035906 0.0494305131730914 0.214609078386382 0.457889996960945 0.470385009772076 0.162483482702781 0.0876274060249563 0.0473804910328867 0.123983214021423 0.555666230037254 0.752040184455044 0.749787879877652 0.795565880876635 0.537380197886491 0.458428693152917 0.484909163173674 0.573090881534089 0.597125998813544 0.589012655771727 0.0909711874681791 0.312285774408688 0.198776286251059 0.441133815742533 0.414768680414923 0.430054080484428 0.354415684415138
0.375679925428991 0.253421511810187 0 0.714111023853451 0.496433688414459 0.351456715573861 0.781837398647529 0.476809714349441 0.540218355502144 0.198538707819015 0.0452524765321805 0.118138783294179 0.343911849866273 0.118556066663581 0.39876020051407 0.423399319804095 0.198249434205522 0.219609882796691 0.344454355865592 0.237971874991264 0.073208987083348 0.0224323728844181 0.782569253947805 0.635511927632035 0.675560940313395 0.566990189975401 0.203003983531278 0.294059075137618 0.51658345277355 0.363757572704265 0.591010523610081 0.453290216149128 0.633013230247109 0.625839615110663 0.359782413257929 0.304561032548725 0.311383892297127 0.250261713234056 0.0842894543363024 0.204256460916211 0.620842814030766 0.59560454841727 0.451181211633669 0.304309260813613 0.549020597055743 0.580970464416558 0.588333524120456 0.53564883045797 0.420600443167504 0.360893621348309 0.282505035005802 0.234816968491626 0.34754489666351 0.418433617493712 0.479135781538571 0.295088483051112 0.136172627133863 0.233113168068774 0.804366314110732 0.657395647123833 0.698409944790977 0.699894809548301 0.104046257582147 0.115415745733552 0.189049311654445 0.266356024520765 0.0893187199541672 0.247872856717846 0.0484629851235226 0.237154484834033 0.365609762621595 0.306336941685081 0.301154431885603 0.389420296303005 0.246357882106796 0.305049266808894 0.243107345782906 0.0854066452364896 0.562496900232936 0.531710065686917 0.577561968896976 0.507946875619299 0.522915284069473 0.639250017849818 0.34822172137893 0.57698901306183 0.442504039544295 0.51937049085575 0.364074705583668
0.239091415165145 0.250599419469393 0.714111023853451 0 0.236983077810179 0.5083478724884 0.695823306802182 0.712482332838337 0.360450076619169 0.308968902917429 -0.060808507115628 0.178105732174574 0.0618332544122297 0.107473000850548 0.0701184310166292 0.327145031246456 0.231251682844902 0.222356108162256 0.255635200804633 0.203739039582416 0.0644620433915271 -0.0838165657713736 0.518088842622191 0.720722210447943 0.471179476265283 0.467732349250436 0.225578624659705 0.331094676871469 0.498642682053168 0.428512282963335 0.518655606879178 0.523059759358353 0.484206721904197 0.544974730320738 0.41564360490866 0.247364691583537 0.352545113656578 0.289481725161741 0.147641217376465 0.197308681306695 0.551655443931335 0.480870615754242 0.395260402605432 0.298626426613946 0.491110016128493 0.504917376132212 0.536044982192787 0.471225080956534 0.381589893810414 0.373319870480472 0.260152677669878 0.218494441529867 0.427403799900043 0.440018250555234 0.502557774334563 0.623007710931499 0.241806041835875 0.386376394862556 0.659949868274627 0.810135174561846 0.602230563538341 0.742558180306812 0.000681633971191858 0.0928190686864012 0.232139116588276 0.242895827455806 0.0200847411621499 0.184350394581442 0.0809927248359592 0.208992818000017 0.405996523017371 0.466029700396595 0.259609786982335 0.366848232301139 0.314573154233318 0.299951477436212 0.192507296969979 -0.0349634070648385 0.374097150834544 0.552781044564868 0.427560494792994 0.488676664863708 0.598083997093955 0.546668330200605 0.19835232457045 0.555780168125862 0.484167659807219 0.548275890979391 0.443309730370041
0.296282238615536 0.229076471537232 0.496433688414459 0.236983077810179 0 0.409206690477787 0.44056073267882 0.274160818893863 0.775938929609851 0.42750083931873 0.170802537774981 0.132181495864404 0.411303638082428 0.205624086519823 0.44624348611263 0.489176760442934 0.13681413407096 0.225268335161007 0.195528028455521 0.186363206668315 0.275343068876832 -0.0566801970101618 0.427279534069362 0.270860668285349 0.446170561439374 0.279222469836439 0.125401412860373 0.226436284580336 0.171635545580461 0.0262341842643321 0.356992919856294 0.235564562807652 0.303351082474602 0.335327890568428 0.148669315245344 0.0920468740351186 0.14810118508438 0.154751597104868 0.0688085504769511 0.205496122054217 0.344365216274586 0.334157963771161 0.313706719628583 0.268043884905299 0.337734938252823 0.356744442628818 0.372205149926383 0.370532568630904 0.303427632614763 0.347126418575255 0.245640560290548 0.230884588015128 0.187882479554751 0.246692509272182 0.37422435360722 0.2176659393628 0.0794749865848228 0.194114964560447 0.475375275494098 0.354376138988576 0.348424939603287 0.333867187869634 0.100045414723164 0.0993703444623158 0.0701746275951327 0.0862426078262405 -0.0100594338251526 0.157000482765772 -0.159869372582927 0.114220109409854 0.0914939255665138 0.148451302581992 0.26948708893554 0.222303623637843 0.251199748899657 0.330974625832986 0.123237240679982 0.176062587474947 0.524167338334959 0.467778438237728 0.518883065840376 0.429224103482168 0.292823486662649 0.459291368361397 0.142625670811075 0.403336546225664 0.225459851694548 0.251809785796793 0.183600424753316
0.218151929750231 0.187715187323479 0.351456715573861 0.5083478724884 0.409206690477787 0 0.479348932008477 0.65661965133338 0.558300793895771 0.59310047317613 -0.00611286744302067 0.26232793476351 0.179605818904832 0.38248360898062 0.118363208815699 0.524453499788296 0.22355761691037 0.237995224473336 0.374613015128981 0.207067413051637 0.12131018287942 -0.07149633208758 0.246969272173451 0.455650444010684 0.262879221335723 0.289020068044283 0.197280387317538 0.356744132483548 0.260899352292476 0.281936305203233 0.448563209726949 0.433487676102563 0.369665339539306 0.449413448257117 0.224290767493936 0.0797731062715807 0.270981856215233 0.199765234350604 0.0816863569339998 0.0919548187812901 0.454128389140421 0.378181341545087 0.143997573580859 0.179926846107904 0.326855680884846 0.438470358047126 0.364094716997553 0.41018767209846 0.287654210993187 0.334019262796278 0.144219779000334 0.0993024923088092 0.285985861372969 0.289467897448112 0.333176830182002 0.566909068746572 0.193683342847412 0.400752414239152 0.393105024080142 0.556326619851749 0.399799753132766 0.468773198622178 -0.0478138971940004 0.045473016931237 0.180053404808397 0.233171459681138 0.0462157942975456 0.196619593684327 0.00438751537423474 0.15601560368746 0.324531163878961 0.438144732863034 0.184252342518859 0.245279411645248 0.26367329965667 0.325598489274536 0.1959191933267 -0.00253556560789486 0.365800609534216 0.517170047373672 0.407597530404293 0.476225456028491 0.580620777829295 0.525599333835461 0.151343245337922 0.47277399196105 0.331320597240321 0.4299243302154 0.43408723052029
0.477868755965113 0.258523788141435 0.781837398647529 0.695823306802182 0.44056073267882 0.479348932008477 0 0.738412627710211 0.576618147201019 0.326573568820346 0.269964499525957 0.301538147141161 0.447142965054106 0.413028288854117 0.300455470242756 0.404711999581634 0.388608746983149 0.309871998640578 0.446438525072261 0.320199517103821 0.0929560210067536 -0.1297312740517 0.575721436581131 0.565867610132047 0.432670818440267 0.279761132668589 0.372859112191488 0.422441076550664 0.509924355096564 0.343479803018351 0.680660409658882 0.553481954834641 0.518236309412919 0.575328991181179 0.386896489967495 0.166033559762802 0.409079767277882 0.276701585474956 0.166866572225243 0.157262175208118 0.667131789118255 0.55720797683242 0.3539843399343 0.279103281970514 0.512401863749314 0.606451815976867 0.560650447142862 0.543054776348618 0.4146234964008 0.387623300184136 0.246166716181585 0.154814877490328 0.387562353890043 0.423414572824508 0.650490288844272 0.578401699334393 0.400214695082304 0.482017869386181 0.671062970672854 0.654880000550978 0.679090554173909 0.705159628224333 -0.0467494935650558 -0.0154787194861697 0.164136498047686 0.261257586771822 0.0717202358263791 0.175323015400226 -0.0032192387554122 0.160604239587898 0.509700257956608 0.550295017949814 0.357878665494192 0.398105225150776 0.344236239062778 0.326813618906725 0.261138198295162 -0.00895571505254919 0.479367497267827 0.511226827366916 0.583030184621173 0.448064667692951 0.685783636251132 0.706367624030959 0.286118718316849 0.636980433596993 0.510150235274306 0.649160118040101 0.507814852402531
0.339085976006543 0.332132651923197 0.476809714349441 0.712482332838337 0.274160818893863 0.65661965133338 0.738412627710211 0 0.462853734202057 0.538122721264672 0.180525731453739 0.510295218058549 0.276116748549066 0.566315222689381 0.0665675916630256 0.442470445762404 0.406561014801207 0.413729816986499 0.504178453327328 0.399013803717298 0.119541405551217 -0.232356324315215 0.343054726886951 0.588984065756883 0.28012962331567 0.209200396205019 0.419232950543158 0.55793680385863 0.49878188834573 0.408832927413716 0.636921147542055 0.646353735418268 0.387756733787263 0.541826701877822 0.391092710877258 0.172145769810802 0.457630972134218 0.2820978621359 0.177801982553739 0.044619284906584 0.636827376897714 0.513805126367235 0.304859869004187 0.325069053759611 0.490392855412637 0.602123291592585 0.544619758921906 0.583785106089087 0.425332800958581 0.45715235137039 0.226079933184439 0.181036635442478 0.480068015460064 0.498811740623764 0.566485704997081 0.851539141323309 0.45135689934249 0.658233245616412 0.457340161985968 0.667552011035802 0.520469028648551 0.631409716817731 -0.0764231691542666 0.0314853179012925 0.0946340764524514 0.36433663123632 0.170076847643328 0.238244219958085 0.0847621801086424 0.138253364686553 0.501681564771425 0.605724614907064 0.258259820579073 0.440224371535655 0.418847161478646 0.412656616976157 0.364564742047114 0.0379239313246448 0.395628024230373 0.595967834227221 0.542925628208567 0.601958524315581 0.735661759889141 0.642698138878118 0.209390341986214 0.591809607057519 0.594917545681426 0.667254034144904 0.559745633089092
0.281294559309637 0.156378003320753 0.540218355502144 0.360450076619169 0.775938929609851 0.558300793895771 0.576618147201019 0.462853734202057 0 0.558904966677283 0.109787512218764 0.17823705360732 0.390703190961727 0.260077068412076 0.407015091285974 0.548854937293901 0.115270243941063 0.176901204369528 0.249253221498705 0.168313056136333 0.255674161558448 -0.0513865048736483 0.463269554463918 0.360084740332376 0.363936059226112 0.293365657352308 0.134175779112382 0.262455131462513 0.268783997812466 0.149081544471881 0.394361962235547 0.316687030857357 0.350551692059344 0.361352671657582 0.19887925098649 0.130325128437805 0.200753921468798 0.191234702332951 0.0979843982955587 0.205488253544777 0.380430971196703 0.340852776365068 0.202229652141466 0.168709673828805 0.30566150770813 0.39222082737059 0.358532223122767 0.369522561575564 0.276852038958792 0.343762186856698 0.175745682438809 0.136468712855548 0.164793801296993 0.198281441925562 0.443074644668914 0.363660499120463 0.0928459810898445 0.222204817538133 0.494847454228581 0.467100671214573 0.394086699553111 0.384815561538586 0.0217196441263925 0.0671112880198156 0.186099779421746 0.20441423166293 0.0223180724510713 0.246412428657517 -0.04414991323688 0.143400577059114 0.132940092097907 0.308664706054295 0.250908042778713 0.239583176876847 0.204918671927279 0.269854734033002 0.0934523990849013 0.0426685847944066 0.43662421544639 0.449235646816107 0.543946550069509 0.465946748177064 0.46777658366212 0.581594816677083 0.175408135278271 0.432564632461422 0.231694756200541 0.313813283905393 0.289466961068448
0.207997253033103 0.132769624194521 0.198538707819015 0.308968902917429 0.42750083931873 0.59310047317613 0.326573568820346 0.538122721264672 0.558904966677283 0 0.0210773814910813 0.290542824793768 0.248671955248032 0.278758852795539 0.290230763313368 0.559922832000727 0.0928339469956433 0.139678996835666 0.261030542280551 0.182215699860557 0.301724688879979 -0.170413740077004 0.285887021931596 0.480055136381963 0.173600794576238 0.176437175055552 0.202928373202521 0.255010507538938 0.183950045412551 0.19323035057475 0.173597998840319 0.213057171783835 0.1229086243567 0.1428284485236 0.215659766969234 -0.0821415340835694 0.277663636368583 0.202612643576929 0.0993472507438018 -0.0512360450178934 0.188047900319938 0.134221613741411 -0.00990214335607346 0.0906816782923497 0.119428177848339 0.227626107652653 0.125785375064513 0.122163855170145 0.133076157452791 0.275162571504395 0.0679154811330718 0.055282762417757 0.0342449734460379 0.109135993308366 0.338166875537276 0.534680713903832 0.076111709065767 0.189987930356786 0.263955550238165 0.367894603803605 0.0370966256050806 0.184122425580052 -0.0497624550891959 -0.0745869379736136 0.0333985320966673 0.193965034438248 0.158041533136014 0.148123356095738 0.130780312022257 0.0551104161857733 0.0194835143054291 0.281494970382686 0.179406014079472 0.211040716203301 0.191340727701484 0.214992479332608 0.15038996628115 0.178200062606906 0.207606490716644 0.319669139516215 0.318305442665519 0.344313487920175 0.252842608726525 0.205965566767128 -0.045671293109331 0.149571509886467 0.0678079844908975 0.171516866813973 0.13131956976298
0.670240485565771 0.429692228761432 0.0452524765321805 -0.060808507115628 0.170802537774981 -0.00611286744302067 0.269964499525957 0.180525731453739 0.109787512218764 0.0210773814910813 0 0.638749141727323 0.684883177169964 0.673864448915103 0.421874773713177 0.340043566751284 0.580765991519087 0.527570119338504 0.495053382450501 0.489183842974918 0.0797622582459831 -0.0496628643713826 0.0281043332892861 -0.0309150406504231 0.124972041385691 -0.113853200301795 0.596116292846014 0.578377036447755 0.0233873749242781 -0.096795213596186 0.27710933490593 0.238444405183031 -0.211394877504826 -0.0419053001607856 0.277811063306825 0.07486546131676 0.322080998052947 0.345218655091556 0.338747204446725 0.0607442937486842 0.291178299202178 0.319754779555813 0.347499240258562 0.414989796116721 0.344395643894836 0.318768535583291 0.321547205663921 0.280845783848223 0.43402061983882 0.443525331809821 0.363256003263206 0.349079295984952 0.289672813866863 0.353649933404101 0.402180334436123 0.154412710960735 0.721118482263446 0.514163772556014 -0.0849300021017943 -0.145157245866 -0.0236913454726348 0.0410381834726867 0.169971742049944 0.096167866581006 0.0245280963358109 0.128729629080653 0.254511115553065 0.1770068742927 0.0536918497656822 -0.0819194902603126 0.0516186337959019 0.202524867901918 0.394610687660184 0.474361618907327 0.547354521457451 0.51849876822445 0.464064157545869 0.434845954686792 0.439734873985597 0.296343582983882 0.441012961664032 0.252625081643451 0.0127809024603836 0.128972796395692 0.01624755247966 0.0931532856485285 0.239617562696742 0.292410024583141 0.144282133617177
0.688724409831242 0.676338171527483 0.118138783294179 0.178105732174574 0.132181495864404 0.26232793476351 0.301538147141161 0.510295218058549 0.17823705360732 0.290542824793768 0.638749141727323 0 0.501847288235217 0.785826931807069 0.215245253311752 0.420612516459815 0.712361600618555 0.781982150034524 0.639088141532786 0.71717284793 0.157388071149941 -0.0442336956138716 0.0345129894553483 0.168965200745369 0.197554826596898 0.0363770731025798 0.66685891687953 0.822369073098625 0.16790070604713 0.0262533723868759 0.426045243019533 0.502759473199137 -0.138224784109591 0.185629822090313 0.393411709311251 0.182771074207583 0.586350952029435 0.470762361396007 0.371375661989309 -0.0396182614327497 0.519296342532103 0.505839832204708 0.431910254795609 0.606990965768491 0.524687956373663 0.535735625021357 0.545006040031554 0.542788020350765 0.615119653789424 0.644960096498903 0.497023765820471 0.534094208365236 0.532228235987431 0.607449365263837 0.429851586539001 0.438252550887183 0.742625708224926 0.758957741737814 -0.0518973685661231 0.0181026969179586 0.0562377567034097 0.219287170646777 0.201141225091234 0.268610090147519 -0.0932347272665234 0.235298078198395 0.493222535985808 0.361455367558665 0.166133485225332 -0.0486667433825483 0.19217692166578 0.352181950143683 0.495098138350907 0.707005769427539 0.664902029024523 0.678347575347966 0.598648604131379 0.406049985828964 0.443588567215745 0.517821112447396 0.605808979658475 0.576344814591968 0.228481668613212 0.316969340767724 0.0427734022962056 0.308790872874229 0.45541813953517 0.538267749896772 0.390753116268568
0.694350289349958 0.42548410659795 0.343911849866273 0.0618332544122297 0.411303638082428 0.179605818904832 0.447142965054106 0.276116748549066 0.390703190961727 0.248671955248032 0.684883177169964 0.501847288235217 0 0.649294218838311 0.704898098193106 0.607407692732963 0.433458365689101 0.458809985236774 0.646495384044218 0.512878654946602 0.115405612835081 -0.0900061427389317 0.462136601574419 0.264941182152623 0.43775410980179 0.212575416731874 0.549189671644047 0.545396513352 0.0959507025363113 -0.0394454663681724 0.296050430277863 0.179209732903023 0.0652410577246047 0.192920941292902 0.420660880150801 0.132067224198119 0.478520921464455 0.403413313130474 0.378956941690639 0.199226361847303 0.45491363034096 0.463529518521232 0.353057369755158 0.440859398535932 0.446873665379084 0.464035968663065 0.452728175973401 0.429920542261963 0.48193683034601 0.505313916698693 0.326817053517514 0.30368668131823 0.19871090571385 0.340864095882255 0.381946471778586 0.107948765765952 0.411703318871105 0.299191423737886 0.261184804218996 0.0277081506367359 0.0822962402702919 0.160299254382163 0.131003437970256 0.182308357122998 0.202442509128676 0.344992060162211 0.327043148512501 0.244689411296939 0.165990916949414 0.0607492175250679 0.100245695283035 0.251228780911936 0.321782448855969 0.494694614260686 0.495364812445976 0.586777596896465 0.559062953708092 0.443397590479721 0.684526838363297 0.454418522852709 0.632670185816732 0.413582470902586 0.19720408528543 0.373946196053984 0.12606172098985 0.303474952691595 0.235134107735679 0.356341045623946 0.286673733002831
0.60497834519487 0.531341414102797 0.118556066663581 0.107473000850548 0.205624086519823 0.38248360898062 0.413028288854117 0.566315222689381 0.260077068412076 0.278758852795539 0.673864448915103 0.785826931807069 0.649294218838311 0 0.295991559747323 0.497263067376789 0.650395907646239 0.671311956872008 0.712653154962598 0.653234436652739 0.109818755563688 -0.0983044336626844 0.0597878168077113 0.165971879645032 0.167735939465789 -0.00785517766071452 0.750700665373451 0.757179516197432 0.220418627384 0.106098296462299 0.439991842889078 0.507703296183183 -0.0257564155322104 0.227434738167194 0.373043677373677 0.159056283687888 0.524798955760978 0.395402126658915 0.42751935495167 0.0699495974429168 0.523570371820713 0.458213411485537 0.322820291156575 0.493339843085728 0.473224088063777 0.530349595092369 0.47955668375958 0.517015761671384 0.523053973483421 0.540264035827926 0.344619278192132 0.336612971208932 0.42787608484399 0.496086894531052 0.342752052668674 0.399759640572319 0.674462219934448 0.712219784186971 -0.00599283338708023 0.063349948294353 0.120838291823865 0.185011702376457 0.0484593936149777 0.117036981373914 0.0713961787630594 0.336233635687716 0.414495351225679 0.290199615156696 0.147638144122631 0.0209236524788468 0.250401017706463 0.392718837545323 0.357795680642467 0.56261952510233 0.621296067595324 0.65303836328837 0.599575142663446 0.369929361064624 0.483251424987664 0.487158021631849 0.550770539482896 0.515728757319599 0.361565221624849 0.397762016373044 0.111573875695404 0.360839117996846 0.437675380540686 0.540801815282439 0.422711423379838
0.466197628554706 0.202779586735056 0.39876020051407 0.0701184310166292 0.44624348611263 0.118363208815699 0.300455470242756 0.0665675916630256 0.407015091285974 0.290230763313368 0.421874773713177 0.215245253311752 0.704898098193106 0.295991559747323 0 0.6392868557418 0.12134943330893 0.161033603259591 0.345992219846244 0.264994176169327 0.0106763053239003 0.00451612493284468 0.566977271031881 0.349175046067365 0.441654379015758 0.387484017366822 0.334297484659944 0.268654214381296 0.197507419549627 0.060238553862461 0.0672162426445639 0.031005585899235 0.0932905122275027 0.0761909705129823 0.306807106748615 0.0679867175979681 0.357490087859961 0.292338954496739 0.33664422881014 0.0447533511577152 0.208746930402898 0.261091377944337 0.188353660431894 0.227640937664851 0.269948854069016 0.259152670571151 0.242829902926939 0.15913690329997 0.372948897658855 0.351808082294968 0.134153553423154 0.167023939839953 0.00500243288613716 0.140031678658474 0.218337335841264 -0.104251493755123 0.133000275131335 -0.00981437171556254 0.357798392744187 0.0449637027482698 0.0108867347564655 0.063186892479067 0.184974359510761 0.0305956733701403 0.171106655588682 0.145851133796315 0.242599143493675 0.157000079495683 0.16545728262632 0.00079418261273781 -0.116863853530826 0.0394297926161617 0.249762885788869 0.299853650509877 0.197415775223623 0.395838462874002 0.44068612463252 0.574358882876883 0.588204638216063 0.312841157786481 0.487690630545727 0.326171759225315 -0.0231425701721725 0.156579808613494 -0.016280502810313 0.0828790360652953 0.0143649506359009 0.128838142704809 -0.0382929352754098
0.467486001547513 0.315166057100667 0.423399319804095 0.327145031246456 0.489176760442934 0.524453499788296 0.404711999581634 0.442470445762404 0.548854937293901 0.559922832000727 0.340043566751284 0.420612516459815 0.607407692732963 0.497263067376789 0.6392868557418 0 0.268131265910227 0.351577426368022 0.493145360852039 0.388977802313187 0.120654537404923 0.0006675359851429 0.516199540496611 0.560777791229698 0.475818950071058 0.464988029700565 0.41667299578699 0.465640031174134 0.278552871259732 0.221390992491075 0.303251151476722 0.298397630585691 0.220987416957945 0.307314179366281 0.322461640738057 0.121415601747663 0.439822241113155 0.384377560132416 0.30386524128679 -0.0219390770324132 0.44097493888315 0.431691270088207 0.274983486879515 0.328363523492961 0.409596814095697 0.476354938675014 0.414194837184105 0.338400777482709 0.432184376094 0.514118944314863 0.184985821732632 0.216531307453844 0.154447641772991 0.275618286877098 0.397595866475175 0.290786446435398 0.248672595884101 0.311278085903293 0.454664829585593 0.360396592757613 0.168998021537528 0.315720754274767 0.0883192689435154 0.0652350896748709 0.155562982494914 0.286705302421957 0.351703678478217 0.280806952798669 0.100947354486646 0.0930105303520921 0.0891156355051692 0.298940833899844 0.253596370650411 0.458035494574099 0.31087342491443 0.480946758413118 0.469956242621121 0.444599491343593 0.62849682821062 0.565643900788009 0.637000609093076 0.54959380272188 0.216820563316811 0.319640835675668 -0.0425180875216947 0.224327139412804 0.151869407696936 0.341979190058598 0.197138485333461
0.667048754224547 0.703587963080533 0.198249434205522 0.231251682844902 0.13681413407096 0.22355761691037 0.388608746983149 0.406561014801207 0.115270243941063 0.0928339469956433 0.580765991519087 0.712361600618555 0.433458365689101 0.650395907646239 0.12134943330893 0.268131265910227 0 0.830349824065036 0.56314488034971 0.632895153032096 0.162356392447338 0.00275630118061888 0.0210146405137356 0.0995631810696046 0.332047580493963 0.0229708494787305 0.675116712507281 0.772973051685633 0.249106798676879 0.0723713768917875 0.528520085240709 0.584932023821084 0.033398978637742 0.310552188126773 0.480069710222506 0.337142408908976 0.486097773284032 0.494154026258466 0.367319671753775 0.0945653431792467 0.57713989782512 0.532088530774867 0.580990358944942 0.676144416562908 0.609325403706024 0.577389918336195 0.582829754496813 0.597540020059925 0.632362985458017 0.623685765795873 0.66741195641434 0.575371521847155 0.541049609812214 0.562745410250434 0.403813146279202 0.321406128338417 0.774453413384285 0.749621337436131 0.00327746783505231 0.0295904658704062 0.212479725917265 0.324431774495869 0.257514699122356 0.350852402934429 0.00526879721319572 0.21855378661754 0.386267360086997 0.362577095800196 0.117347829136243 0.0940077493091302 0.320140586762975 0.387599928253189 0.639388306958504 0.740244748350514 0.806802592456454 0.678064543378574 0.512156731580028 0.301453629747446 0.457695745731037 0.476983039185315 0.572560027103707 0.443602950227159 0.267163843094094 0.382420658301422 0.142299975081068 0.395266330883399 0.403433760946992 0.541188075908709 0.462363319949812
0.712464498401011 0.833762219097693 0.219609882796691 0.222356108162256 0.225268335161007 0.237995224473336 0.309871998640578 0.413729816986499 0.176901204369528 0.139678996835666 0.527570119338504 0.781982150034524 0.458809985236774 0.671311956872008 0.161033603259591 0.351577426368022 0.830349824065036 0 0.639630953198626 0.770697024364219 0.197346109621938 -0.0974145136879855 0.0484831747518391 0.0939347822158737 0.371158981273555 0.109092011477371 0.65818510254816 0.852684920065893 0.222676627450168 -0.0517868713209396 0.507630531298438 0.591740426925719 -0.0489582173938467 0.280067366091055 0.423767804032372 0.322145273183812 0.540415389095975 0.47879250267177 0.367605998482264 0.1079049490711 0.584427407465016 0.575205144171048 0.645838029644019 0.782856062523746 0.650654935807066 0.617355623072836 0.65331785878456 0.659755661966816 0.712352549064977 0.728504930091296 0.732746307005589 0.722790311548532 0.609736222827721 0.663063512955374 0.373112253139905 0.282739262021332 0.694937948582084 0.736236560636649 0.00341577306571458 0.00634289764119943 0.148939621177109 0.277774219446409 0.308015931052745 0.435022041806841 -0.00572898765893082 0.28071784666239 0.487518655423211 0.471661662033998 0.180074310972417 0.116676042237356 0.232019155820156 0.320618566571994 0.60632532565605 0.805922204328517 0.823148980041427 0.79081629198573 0.599179586229849 0.414737365217976 0.529528786600251 0.558039779282446 0.625680211817287 0.568098899952158 0.212409610298879 0.403734234912021 0.129770711073095 0.432910105327611 0.470620673521989 0.570322686758287 0.492265741208588
0.710601776889639 0.632355902058517 0.344454355865592 0.255635200804633 0.195528028455521 0.374613015128981 0.446438525072261 0.504178453327328 0.249253221498705 0.261030542280551 0.495053382450501 0.639088141532786 0.646495384044218 0.712653154962598 0.345992219846244 0.493145360852039 0.56314488034971 0.639630953198626 0 0.76259146295575 0.136262781472956 -0.0968581776216384 0.290259605493276 0.277841780962919 0.412312292111492 0.186660382015714 0.549161307536013 0.750891177118563 0.227632262201846 0.141189131216104 0.536813253569766 0.472940467743525 0.107689623057831 0.342732561388992 0.407346622910995 0.258343639971104 0.5133968712218 0.347009159197872 0.256951181097848 0.0249462489030694 0.60021630183368 0.610354564982392 0.411027329506071 0.571798603716992 0.552255362077274 0.608020928147739 0.542796272538728 0.554432100117621 0.549214424182091 0.527837061358961 0.521218457267482 0.499640724109078 0.447472280193192 0.537512458786569 0.385493983077871 0.314667891122762 0.525323273814552 0.544514513860418 0.194224091505068 0.102115478682721 0.194598389663314 0.293315613895351 0.215938491003728 0.307734428037864 0.176112091804015 0.380702620450797 0.478076728619619 0.353403881046562 0.18522574310185 0.151193492666397 0.27783651139806 0.357985587778268 0.413458341099097 0.650470110961147 0.571897009604659 0.620732018444869 0.541730236103738 0.283707477563553 0.490953406271112 0.471886792754683 0.532899069836308 0.49813813286331 0.290380099390395 0.415069134902349 0.141119927760521 0.375845615056658 0.453707597216627 0.52179045313877 0.46765990660233
0.729022959242196 0.802602380792108 0.237971874991264 0.203739039582416 0.186363206668315 0.207067413051637 0.320199517103821 0.399013803717298 0.168313056136333 0.182215699860557 0.489183842974918 0.71717284793 0.512878654946602 0.653234436652739 0.264994176169327 0.388977802313187 0.632895153032096 0.770697024364219 0.76259146295575 0 0.201079412599851 -0.00186727059042915 0.141093079535372 0.137996680090555 0.363379988779916 0.146834640650241 0.551147437711089 0.772511368915893 0.180451044937061 0.000785062924840029 0.452418731924103 0.47802733658664 -0.0969523971000786 0.193126552337514 0.336784197657936 0.241237355228849 0.452816923838482 0.404092017389568 0.272221430311642 0.0470692988900053 0.512108076377332 0.591124811286038 0.571688736665345 0.757760069878467 0.584726265794697 0.546678215697982 0.569672995300771 0.559497406576391 0.627348464619345 0.647448110847461 0.681139259342634 0.697901262785577 0.513091570987552 0.591067348793522 0.326640094195314 0.260747734874663 0.576452297521109 0.582535225993481 0.0504805926734397 -0.0109057381711277 0.0591965370334153 0.202510159331251 0.411995855797383 0.517853720217695 0.0600046884321842 0.273240095168785 0.47590261949759 0.367614795260702 0.110107219170502 0.104782280246656 0.0823393771014671 0.22929549942578 0.481533687784746 0.704122421491661 0.658467203858851 0.733649441400349 0.563468037818435 0.404486873127068 0.461790523933168 0.513528660991848 0.509742701945997 0.544584220816141 0.119459808473654 0.287873407222752 0.121178515256982 0.385501103808641 0.403596838306867 0.436340004539745 0.352481241291582
0.207514392955883 0.2283658324569 0.073208987083348 0.0644620433915271 0.275343068876832 0.12131018287942 0.0929560210067536 0.119541405551217 0.255674161558448 0.301724688879979 0.0797622582459831 0.157388071149941 0.115405612835081 0.109818755563688 0.0106763053239003 0.120654537404923 0.162356392447338 0.197346109621938 0.136262781472956 0.201079412599851 0 -0.0584591735483835 0.0798150467218179 0.135732492105549 0.150501962933492 -0.00322300056361003 0.0396585934031499 0.155493455535416 0.0534805702745673 -0.0273442784018911 0.219446404292895 0.20612029235898 0.0308290343740088 0.0942188509876192 0.0780462324787499 0.109974995941157 -0.0284711126107989 0.0329907502464759 0.0176205649397461 0.166557678389608 0.125355437948673 0.162931935991335 0.221694547358958 0.244940620270755 0.11593687308697 0.0895305965498036 0.179680856204901 0.167252170768506 0.158533275753604 0.159984989508243 0.257008339973356 0.173689087353327 0.114002750505183 0.0322551544000633 0.256108572298611 0.186414286661792 0.128218248742344 0.129002765216769 0.106663623636593 0.128174538166223 0.0799663437784868 0.103963760333485 0.147664546893604 0.15010886812432 -0.00900041683476801 0.0653383771112484 0.0359288031610974 -0.00340298818148526 -0.108166132509597 0.0475788103614194 0.0933169040665208 0.0304773712423339 0.151576994834798 0.0638501955389708 0.273106367895133 0.160214592369936 -0.127831218191291 0.0136191719825397 0.163382632867961 0.238823889387534 0.12644488283854 0.179312966407644 0.0721711951121045 0.142239021176796 0.19589313525706 0.0583461471620418 0.136674393668591 0.0793884931363226 0.114368633672977
0.0145147351880742 -0.0458557942012856 0.0224323728844181 -0.0838165657713736 -0.0566801970101618 -0.07149633208758 -0.1297312740517 -0.232356324315215 -0.0513865048736483 -0.170413740077004 -0.0496628643713826 -0.0442336956138716 -0.0900061427389317 -0.0983044336626844 0.00451612493284468 0.0006675359851429 0.00275630118061888 -0.0974145136879855 -0.0968581776216384 -0.00186727059042915 -0.0584591735483835 0 0.0126087731957122 0.0105653448710986 0.0391910647526498 0.310807130317197 -0.0243414616532624 -0.09541731839718 -0.102637811675353 0.0683897676879835 -0.0622278983973278 -0.0036010867404251 0.0157975355347163 0.0082851819439424 -0.0331841685764523 0.103743010859548 -0.147885605890879 0.0676079242778939 -0.0357043259783582 -0.0170900964249714 -0.0201446856283388 0.0388289036829858 0.0808131095446174 -0.0187681218609507 -0.00482218944965582 -0.0110988576319256 0.0343057771818458 -0.0288587765608943 -0.00622356258271247 -0.0700814389791193 0.0635544266206892 -0.00699180729890093 -0.0222511343718941 -0.0530333479396033 -0.0230881916597448 -0.222184384604068 -0.00125855209087391 -0.116390764369312 -0.0185873834108899 -0.0296690057252162 0.0514274295465825 -0.0112190192649303 0.188378579385373 0.129553667793336 0.0465531339417576 -0.0103579081673967 0.0588264110830857 -0.00309425250024316 0.0265318567769194 0.0142254034201216 -0.0944629958083325 -0.120943395856686 -0.0631127040063729 -0.0808629577407137 -0.0809538313425813 -0.0568460678882751 -0.0753281020677905 -0.0366995676361217 -0.02892654217637 0.0410820742542134 -0.0334239235048284 0.0279882302914251 -0.143586955447432 -0.1203672277044 0.0898540114757449 -0.15766500517299 -0.0932878186958428 -0.0958515464776984 -0.129197466865947
0.250489502611702 0.100164972649836 0.782569253947805 0.518088842622191 0.427279534069362 0.246969272173451 0.575721436581131 0.343054726886951 0.463269554463918 0.285887021931596 0.0281043332892861 0.0345129894553483 0.462136601574419 0.0597878168077113 0.566977271031881 0.516199540496611 0.0210146405137356 0.0484831747518391 0.290259605493276 0.141093079535372 0.0798150467218179 0.0126087731957122 0 0.725988786595932 0.678560476471038 0.649465563285698 0.175679255982554 0.175042047344885 0.434336267566201 0.320942723857719 0.316722268065479 0.240951305975965 0.59469956985332 0.480689205194938 0.368810105811319 0.149222093195267 0.324240389240739 0.222654326280674 0.068119875557163 0.101850491952886 0.44808379055827 0.413564867346462 0.255396676002423 0.147211500668012 0.367336052480378 0.417246767927368 0.391232438688821 0.351840331402775 0.268367545020045 0.280021723571899 0.0614748674525144 0.0385281775007521 0.021901606469194 0.159068713431178 0.353449372408141 0.197573454987813 -0.0425576965547202 -0.0131503372171872 0.797054785059246 0.554222583912168 0.458049943712789 0.484891336507758 0.0237848973627095 -0.0120997225044721 0.237575016298487 0.315018629803069 0.12914021782029 0.123137456531771 0.0715171168437167 0.0910676501307381 0.228856729917482 0.233423756126424 0.143078971100691 0.25333166100211 0.102596975165152 0.24266976197776 0.238235705299848 0.167650343255529 0.572838107814258 0.422610396968859 0.477633432636927 0.40108014377412 0.374309882261526 0.49373248108966 0.178866168598365 0.366376279962476 0.214045257137153 0.324677611509097 0.229150692310295
0.203524715439183 0.0997329761104207 0.635511927632035 0.720722210447943 0.270860668285349 0.455650444010684 0.565867610132047 0.588984065756883 0.360084740332376 0.480055136381963 -0.0309150406504231 0.168965200745369 0.264941182152623 0.165971879645032 0.349175046067365 0.560777791229698 0.0995631810696046 0.0939347822158737 0.277841780962919 0.137996680090555 0.135732492105549 0.0105653448710986 0.725988786595932 0 0.490323222055474 0.61075695284283 0.265235809220542 0.243147823596288 0.462505437902842 0.427778554889224 0.362400026973442 0.363179150128582 0.563947801505692 0.511132288741812 0.418928541370932 0.135888133246286 0.355810788365064 0.270080198425458 0.175173919613078 0.0585236929052098 0.4376532047314 0.380227771048246 0.236675529751666 0.156184006534482 0.346904433754153 0.404862714335217 0.38056281866962 0.312676729965165 0.276290353501809 0.299844098193745 0.0705262340189631 0.0478724701630571 0.111811849921008 0.195789937849496 0.461104357714436 0.533744970912347 0.0466803739237744 0.167361690777885 0.732367169022578 0.752813915125808 0.48762566210909 0.621691808091532 0.0101347352671498 -0.036823480825407 0.103003098084895 0.226171246482904 0.132961275067643 0.0849096779037464 0.0737711560157032 0.093124156873512 0.296236983596703 0.347118215311915 0.151652830711656 0.266682616654393 0.167893636793184 0.234594934485038 0.223119599162151 0.15176164906504 0.445494391716616 0.572417157994891 0.43157873120201 0.489456824126909 0.443748336978011 0.413773823832498 0.0548221074059784 0.307249879763572 0.315645984464689 0.392138331447715 0.247994324930852
0.439442155299552 0.437997295374878 0.675560940313395 0.471179476265283 0.446170561439374 0.262879221335723 0.432670818440267 0.28012962331567 0.363936059226112 0.173600794576238 0.124972041385691 0.197554826596898 0.43775410980179 0.167735939465789 0.441654379015758 0.475818950071058 0.332047580493963 0.371158981273555 0.412312292111492 0.363379988779916 0.150501962933492 0.0391910647526498 0.678560476471038 0.490323222055474 0 0.629701201958217 0.272365946409796 0.384283366083084 0.370472393892691 0.186980659673246 0.427798848363268 0.35805434638997 0.432095529541559 0.48733802364658 0.535130053729036 0.501649828220248 0.399236154985207 0.510873347340474 0.240598453474206 0.316662755482927 0.57812873691816 0.611968274839695 0.562621665920756 0.55097162591968 0.595996884293704 0.584516302357616 0.613146991291679 0.575006648715506 0.61763583172412 0.553400521810217 0.451855799519859 0.400119600267684 0.288692452063249 0.341512999907529 0.294356353301208 0.130145412528211 0.146056878533325 0.156403982844499 0.546285301387971 0.339850270593229 0.344788066359477 0.480718784597964 0.297720084139609 0.329813670381396 0.261564696693911 0.284141725500873 0.16558012169579 0.27960695827583 0.088245118461145 0.164855651620619 0.184840625912892 0.205836652135682 0.347773517280359 0.530359009236108 0.441470310293949 0.547084949284528 0.430834480273109 0.330923512606227 0.717373185351154 0.614089881516502 0.646680268068086 0.556878269026548 0.220559340285751 0.449722399876837 0.15609540470839 0.385158788307189 0.248499059116927 0.332791705409123 0.318157482121969
