0 0.0485398147138936 0.113728418821858 0.108802446240042 0.0819967338903507 0.0574520492238692 0.0437663232337188 0.127124413065907 0.108472231876537 0.0874773605872629 0.0373369242242896 0.0390994361132399 0.027038463087074 0.0440424262434316 0.0520369101508778 0.048005431808439 0.0294694710140111 0.0570678151718608
0.0485398147138936 0 0.0366201826342563 0.0455454229849948 0.0249366049057869 0.0476994177599928 0.00965845908727799 0.033252563117702 0.0414066334113268 0.0267649599135737 0.0210926052580337 0.00737055809844369 0.00556013787524764 0.0121707479857005 0.0214635637716414 0.00849045023792815 0.00986339330359101 0.0135871754255304
0.113728418821858 0.0366201826342563 0 0.11424525453992 0.0620893332807578 0.0347241877060356 0.0235229824656061 0.090306868751288 0.114928972804752 0.0779761469112489 0.0289881454720644 0.0293231191482097 0.0148290385416414 0.0272071542343203 0.0389951186217454 0.0334803262068665 0.0205609076902352 0.036146507170444
0.108802446240042 0.0455454229849948 0.11424525453992 0 0.0749588603297987 0.0451791357472221 0.0254008916111987 0.079949720314212 0.148410331092376 0.0982982403582435 0.0322058081790133 0.0260140760010624 0.0120643017353838 0.0253379867727146 0.0364066056036565 0.0286577849816383 0.0238621348809198 0.0293102921733026
0.0819967338903507 0.0249366049057869 0.0620893332807578 0.0749588603297987 0 0.0242211917308088 0.0276919970495088 0.0502038490242217 0.0686934099619851 0.0613388662536337 0.0185369275452999 0.0194213848500634 0.00949532898683963 0.0184836525605008 0.0218349654683782 0.0200186772749358 0.0121957899565781 0.02603315216245
0.0574520492238692 0.0476994177599928 0.0347241877060356 0.0451791357472221 0.0242211917308088 0 0.0138723178440616 0.0372899695998793 0.0401400456095151 0.0261151965547294 0.0333705112883113 0.0107201310646025 0.0128095735094746 0.0146136027161427 0.0351959696825739 0.0163561985045777 0.0133553436883218 0.0218193357111134
0.0437663232337188 0.00965845908727799 0.0235229824656061 0.0254008916111987 0.0276919970495088 0.0138723178440616 0 0.0264574814524391 0.0266185052551234 0.0300351642594811 0.00935072791454071 0.010770259689359 0.00969775977658338 0.0140165301019623 0.0134662061928782 0.0128721875819211 0.00994785901131981 0.0186691140369736
0.127124413065907 0.033252563117702 0.090306868751288 0.079949720314212 0.0502038490242217 0.0372899695998793 0.0264574814524391 0 0.0913234454607957 0.0617552705086847 0.0223232686340468 0.0248961712410798 0.0177661450599047 0.0275022920460206 0.0449489488932653 0.0288670770071371 0.0213473148981517 0.0363377306023229
0.108472231876537 0.0414066334113268 0.114928972804752 0.148410331092376 0.0686934099619851 0.0401400456095151 0.0266185052551234 0.0913234454607957 0 0.104930017647865 0.0290912140757527 0.0290159586729569 0.0149194682119945 0.0297122874338919 0.0395793745250582 0.0297377062534155 0.0213151055006746 0.0373134930803328
0.0874773605872629 0.0267649599135737 0.0779761469112489 0.0982982403582435 0.0613388662536337 0.0261151965547294 0.0300351642594811 0.0617552705086847 0.104930017647865 0 0.0261938005523857 0.0267240598246121 0.0159546303566242 0.0279319491319434 0.0344939120249822 0.0295907772151906 0.0193136016252246 0.0359214656745736
0.0373369242242896 0.0210926052580337 0.0289881454720644 0.0322058081790133 0.0185369275452999 0.0333705112883113 0.00935072791454071 0.0223232686340468 0.0290912140757527 0.0261938005523857 0 0.0113926526133693 0.0104724005416985 0.0170116274474601 0.0275751381184174 0.0181364175964482 0.0127964748071625 0.0197097032583114
0.0390994361132399 0.00737055809844369 0.0293231191482097 0.0260140760010624 0.0194213848500634 0.0107201310646025 0.010770259689359 0.0248961712410798 0.0290159586729569 0.0267240598246121 0.0113926526133693 0 0.00944624053357791 0.0158765988445352 0.0179623258899766 0.0207304022845421 0.0106699362586112 0.0214957439796852
0.027038463087074 0.00556013787524764 0.0148290385416414 0.0120643017353838 0.00949532898683963 0.0128095735094746 0.00969775977658338 0.0177661450599047 0.0149194682119945 0.0159546303566242 0.0104724005416985 0.00944624053357791 0 0.011238533388025 0.013208018547665 0.0130458322420839 0.0101937690982874 0.012026281485021
0.0440424262434316 0.0121707479857005 0.0272071542343203 0.0253379867727146 0.0184836525605008 0.0146136027161427 0.0140165301019623 0.0275022920460206 0.0297122874338919 0.0279319491319434 0.0170116274474601 0.0158765988445352 0.011238533388025 0 0.0258670830870287 0.0283754170871202 0.0122890301104776 0.0375844533862282
0.0520369101508778 0.0214635637716414 0.0389951186217454 0.0364066056036565 0.0218349654683782 0.0351959696825739 0.0134662061928782 0.0449489488932653 0.0395793745250582 0.0344939120249822 0.0275751381184174 0.0179623258899766 0.013208018547665 0.0258670830870287 0 0.0257724601015856 0.0179230022691057 0.0320499573275202
0.048005431808439 0.00849045023792815 0.0334803262068665 0.0286577849816383 0.0200186772749358 0.0163561985045777 0.0128721875819211 0.0288670770071371 0.0297377062534155 0.0295907772151906 0.0181364175964482 0.0207304022845421 0.0130458322420839 0.0283754170871202 0.0257724601015856 0 0.0143560501904454 0.0354185478103433
0.0294694710140111 0.00986339330359101 0.0205609076902352 0.0238621348809198 0.0121957899565781 0.0133553436883218 0.00994785901131981 0.0213473148981517 0.0213151055006746 0.0193136016252246 0.0127964748071625 0.0106699362586112 0.0101937690982874 0.0122890301104776 0.0179230022691057 0.0143560501904454 0 0.0127198438360617
0.0570678151718608 0.0135871754255304 0.036146507170444 0.0293102921733026 0.02603315216245 0.0218193357111134 0.0186691140369736 0.0363377306023229 0.0373134930803328 0.0359214656745736 0.0197097032583114 0.0214957439796852 0.012026281485021 0.0375844533862282 0.0320499573275202 0.0354185478103433 0.0127198438360617 0
