0 0.935339076489857 0.751859647972607 0.746024537513757 0.590195883074492 0.529290959166639 0.777681688631249 0.648540874432288 0.608957522500285 0.373592354698043 0.783219229645368 0.714435435372807 0.803846333081929 0.717989556669616 0.65136506531678 0.544044405985403 0.874020450280232 0.854946080264765 0.912418459065717 0.867878815202217 0.27578787069207 0.135865564895518 0.686957897317915 0.652130559768956 0.600390659271659 0.612966620858971 0.784961228050117 0.80074912631451 0.660607507585525 0.563341159223883 0.788909965190971 0.699928406252111 0.451207709024437 0.283111634212844 0.708614593542102 0.560976985032426 0.710993202822705 0.514688640416037 0.666153073786553 0.535863897076876 0.718498375036709 0.737259071605368 0.734822465300006 0.731152779451003 0.700490637676833 0.727846618073561 0.725747981021971 0.714237515761597 0.789233811481585 0.795071878605175 0.924424748255021 0.904633155920405 0.873276995575903 0.769713022743708 0.859433100803875 0.615929779277244 0.885976281198983 0.672224276663934 0.674719325249598 0.531864292273912 0.742404723762997 0.702368504377378 0.851661767014042 0.849165690230308 0.721184140525378 0.685486578969641 0.688320759626636 0.718729569153846 0.26692867095009 0.440883632052193 0.478548518906342 0.495579464146717 0.804755616603153 0.774582754055942 0.927850745687659 0.866413101845704 0.817395169743683 0.784178030221593 0.813831724646702 0.756468720006048 0.815184012890747 0.718737306941563 0.439800211431204 0.501899591932287 0.57159053757652 0.702928312485716 0.598728166309993 0.719381748854876 0.689065648755033
0.935339076489857 0 0.682508363111432 0.767062733308765 0.543157766836614 0.532668777957529 0.701106507480997 0.666666363486848 0.565744553975972 0.376516651050011 0.693652569350594 0.71951430434067 0.705832363747328 0.728816715092918 0.584765598927859 0.526530281057045 0.88860260094695 0.898055239169398 0.895943370294747 0.876587521495984 0.277300023475037 0.211216781684851 0.644313122816108 0.666854788802538 0.597536078875871 0.604823089073488 0.746819672840239 0.825873814953401 0.660772980321232 0.608250287843368 0.812939853287861 0.736111723075656 0.510265150898499 0.356846049447641 0.75136762382786 0.604313486399247 0.705603256352756 0.518625440937311 0.712121932633294 0.543004540014614 0.772019739041128 0.793098487111626 0.798475438319291 0.810810237084417 0.772317866701995 0.801993166538818 0.792246474504453 0.793965982619488 0.820981787615808 0.849187715191246 0.951123709590646 0.952437978522641 0.85030682348195 0.822933197489179 0.797990540626644 0.633258975632473 0.868326662852513 0.738888504294757 0.61529071036523 0.531138814344999 0.755074492433142 0.742663943669209 0.882350578546196 0.873000942008128 0.719370176763973 0.716354610884475 0.70146471769192 0.758025969060102 0.236642224841486 0.382622046309107 0.479622088782302 0.556950111826308 0.845439714565507 0.835651225952232 0.932133491461084 0.899050254519349 0.804257957770864 0.767072196346681 0.751890844661696 0.771860541639816 0.785330030980113 0.758643284345191 0.496859904802949 0.55048939898467 0.641850452393543 0.752329878920505 0.667009664746024 0.778190483616734 0.719722987221852
0.751859647972607 0.682508363111432 0 0.852237202516004 0.767448787765099 0.453570638721981 0.916009206294623 0.704958150592156 0.711586373893015 0.393346965842252 0.692634891168827 0.562287120443224 0.806801961505219 0.634548010883342 0.81880001150364 0.700783254467886 0.622823985030987 0.589017752644827 0.686576864609029 0.624744724683902 0.407519736457029 0.104101477615866 0.942385281883478 0.836464863871837 0.719589705817202 0.629204291689957 0.612886746464217 0.602569612805872 0.718965664617678 0.624016317492353 0.712394741459321 0.627656431351771 0.56980573873086 0.351293776623704 0.688878777931617 0.518973484803007 0.717226334690614 0.456724842910277 0.526851407405181 0.421375118254808 0.640673798954551 0.600870115189152 0.64932278252109 0.606265744273951 0.621210143329792 0.615789233067673 0.635348164455463 0.645117115660419 0.650884576520769 0.670992120684952 0.647838063556694 0.618349511828279 0.751195921278005 0.588415179579808 0.818563893917281 0.666005732886165 0.707034466983847 0.48859543316971 0.907065221978418 0.792863126888479 0.8013713008001 0.705739882590247 0.644245608832121 0.623460800249532 0.659766261337672 0.645733031331145 0.584932702688538 0.59462556993939 0.273183837521001 0.289287524869957 0.452346704183512 0.427582863246683 0.639969617637948 0.596790658809538 0.704287561457973 0.722016091633379 0.755337003461417 0.755108627334899 0.868848912426514 0.821312865038674 0.819449237232805 0.738941489519891 0.517780526892126 0.618775240488197 0.47775208914822 0.614607738539512 0.557572419772296 0.660232522222348 0.623068636823762
0.746024537513757 0.767062733308765 0.852237202516004 0 0.672118838498297 0.588531979365755 0.862152340707536 0.901878053945076 0.709048272850908 0.562489912921211 0.634891274884133 0.770881242625194 0.690280098464512 0.784811887194519 0.665627185342314 0.773789620164343 0.698261265129529 0.688229992016525 0.790939395719164 0.757967666529686 0.389052179769823 0.22792259778489 0.861319042772708 0.922112945075837 0.633379494411689 0.605425289736042 0.663557690043037 0.781204794879799 0.799467671235934 0.796137872743756 0.830374142723201 0.797904245340624 0.613137550243263 0.442778347928422 0.739681419142332 0.607451135291306 0.71366131833611 0.54639565212392 0.535823998339244 0.447059927585198 0.753156788374603 0.733796375091627 0.711747138282464 0.715284639934563 0.732003288767029 0.736594745640842 0.703755672618752 0.737546932883106 0.711317006390561 0.736914902144966 0.724193224115437 0.705383862682114 0.779734516141552 0.734942342943676 0.801602602662264 0.8443100012668 0.778994548812466 0.706179389514534 0.759895128631794 0.863106976155091 0.840543027165328 0.848332845085149 0.73939311781325 0.720344497868398 0.737673692616794 0.765476619968249 0.63290994652044 0.717350991367697 0.347031085571213 0.281304305291629 0.496644944040143 0.626256921601746 0.732904557877225 0.69858767692685 0.758282869576341 0.814179820421132 0.706129437821006 0.738386629059507 0.754224153709842 0.894903644966911 0.771234883244061 0.860831165541745 0.627240902812606 0.665553203430264 0.605730983922882 0.743627895879348 0.707836136636445 0.772671787656263 0.712726842976419
0.590195883074492 0.543157766836614 0.767448787765099 0.672118838498297 0 0.529444835756899 0.786591438145692 0.596411551147298 0.834748546097441 0.566868047760375 0.678714477583004 0.512585650604939 0.733123143053322 0.54739255022189 0.794985428127958 0.686090170936721 0.496452419935738 0.478233435641068 0.548787705221781 0.484569149121334 0.395849100566474 0.0914186458263098 0.761780841030916 0.671902528328085 0.697631368623652 0.604561307117834 0.498153268485562 0.490811030739042 0.547344178129895 0.477202638202633 0.560343528602646 0.496804291925366 0.423848653650204 0.261734877272936 0.540267322903317 0.348103638829031 0.570399471932299 0.385791475714441 0.355457879007776 0.36782648310167 0.469736293865503 0.440703222362186 0.46456064332293 0.429516450954105 0.448621723956491 0.459259528212717 0.463626421586016 0.495692573895553 0.480189235924262 0.518587549574433 0.509591691432995 0.511896819834825 0.601626112404495 0.47045508736199 0.720828024979884 0.624116139068538 0.593719175577718 0.401528052685011 0.751801967387543 0.650027784627067 0.616335493254242 0.520951282434308 0.485017659437293 0.501570699063254 0.494180040866823 0.474490734348394 0.406107688942506 0.392262916516188 0.20405640267599 0.13369122141986 0.339613520450299 0.291111483458811 0.463476204431671 0.467770367171852 0.571217515700276 0.588572624646643 0.641505631348833 0.640696398772317 0.763015382190352 0.685050482202723 0.7139515438277 0.611998238810798 0.393339754000887 0.517618708355345 0.336211435623477 0.468401800412898 0.395231137441555 0.485601830519955 0.440433788361504
0.529290959166639 0.532668777957529 0.453570638721981 0.588531979365755 0.529444835756899 0 0.537975090276344 0.519818623147529 0.594244046207572 0.59478419455414 0.507954770012445 0.495082905629291 0.47104458899412 0.467061388247969 0.407858149897643 0.530608306136662 0.547056242265737 0.50004045614014 0.588969531282437 0.533213834539869 0.143523917690348 0.395270110565134 0.44122797344151 0.478786070992118 0.564066896399995 0.603616464403456 0.516848986623087 0.479706266245787 0.418884599170683 0.490247778842593 0.557823960405157 0.531917497707853 0.405063658792257 0.239203766639269 0.521251289686717 0.374100991826694 0.424918873492558 0.504743033858636 0.353979078918489 0.321134752424286 0.385541255538436 0.395225405594306 0.335549407067914 0.337467310696502 0.343094202837046 0.434546581357646 0.360144629202509 0.380561883537867 0.365432747107493 0.419244473751786 0.539341748581126 0.565243088545279 0.453794755965705 0.482333753904301 0.497255030117956 0.489103856556704 0.560146855703752 0.469775999433644 0.389796760360448 0.402574387372845 0.48945311825326 0.472921046155336 0.512696010349332 0.567913305481111 0.484036527240835 0.441014996297226 0.296616752890686 0.459014016379907 0.0997742527008777 0.165684855148963 0.211523251627051 0.381812784512201 0.420101463627914 0.37368405442497 0.54581957006661 0.532886758514989 0.413900985653943 0.570311325030855 0.489570731748766 0.542043942894827 0.43058784135027 0.456245620347056 0.378693431397931 0.437041598745471 0.484386637242608 0.528423096901127 0.486318883882783 0.490252039561799 0.408686057726043
0.777681688631249 0.701106507480997 0.916009206294623 0.862152340707536 0.786591438145692 0.537975090276344 0 0.833343600123934 0.813712536389158 0.505721892343204 0.793773338908188 0.717807048148889 0.884524823094229 0.749824233460649 0.801865994252268 0.734650163669305 0.687406457721732 0.633013483679528 0.765563496598018 0.707493287458266 0.34888162872724 0.125627477152285 0.904928628923862 0.827752919760093 0.649258407678442 0.573604572589732 0.693332977058112 0.702681949672494 0.762090890139237 0.674919732199854 0.764214625179312 0.698367500295208 0.523629968382768 0.30734384211142 0.698914254222478 0.51927468051255 0.706212695814174 0.499535372484102 0.501417063339522 0.383324969689373 0.686459810146881 0.664020379793547 0.650059895276198 0.625053946964799 0.661939937949954 0.66685943929216 0.651048693489489 0.684889762170404 0.675288477488394 0.691257260905421 0.668589364461606 0.644669271938344 0.773822151543936 0.664920341403536 0.878655273959418 0.793734583578094 0.792843601602962 0.6160047912865 0.816928504664693 0.788516852438441 0.785416299631838 0.714546581460464 0.668106476849048 0.666376879080902 0.719249050883804 0.697980880576374 0.620796154596425 0.641942210864191 0.309304514050099 0.306372100783814 0.488724056124332 0.484360825231459 0.669988200364024 0.619976980013914 0.725809655253263 0.744306295475442 0.710332939042009 0.712721365021657 0.816428559319842 0.823345606208005 0.829461486301038 0.796716033396261 0.555728377478222 0.629699760878062 0.554827958136963 0.691371450025159 0.621680617233454 0.710582526894922 0.66544480949362
0.648540874432288 0.666666363486848 0.704958150592156 0.901878053945076 0.596411551147298 0.519818623147529 0.833343600123934 0 0.680089509299318 0.602353917474274 0.643284300302554 0.863937386562213 0.653311013204209 0.838001301648303 0.564876899408845 0.749961984211861 0.644421403175168 0.651835799045815 0.748366114102397 0.739716910982311 0.324193341690433 0.213894517300039 0.755926858136147 0.857747866166491 0.464346961102559 0.423863081414565 0.686470214130822 0.80566519254807 0.816863217557097 0.807571158824037 0.807761978544153 0.83310322001278 0.530555424554257 0.370332392207553 0.678435733071655 0.596227769854204 0.645897200552361 0.539500866715818 0.462266541869416 0.347902119447399 0.741154561995385 0.728291871073858 0.653674758389966 0.679854622398343 0.728548337898028 0.718556757625393 0.648355879964824 0.70076103863464 0.683638899136489 0.696718148135665 0.623101432115845 0.594968390683476 0.739387488116951 0.747905498798696 0.780517637130797 0.934080063848699 0.745240450138399 0.761887427300575 0.606467209251213 0.809996437753303 0.76129385418082 0.795436641190087 0.655281226020671 0.659792070092727 0.745942044058028 0.771843471092425 0.649116396547105 0.661486061030945 0.401201609886568 0.24313894331526 0.561516881900724 0.62950606898138 0.679696057046408 0.670149192897413 0.682177555316217 0.750528199227341 0.576328463704073 0.622854359952282 0.594900786823758 0.817212565413154 0.70701353732172 0.890459149505084 0.637573312793652 0.617367674559402 0.611939990144174 0.736378667947573 0.710889171752781 0.746003779636958 0.708527272713184
0.608957522500285 0.565744553975972 0.711586373893015 0.709048272850908 0.834748546097441 0.594244046207572 0.813712536389158 0.680089509299318 0 0.705360723160724 0.714086229748239 0.623491336138592 0.752523167001788 0.638689643990142 0.767495432796714 0.732843822436877 0.564042043589243 0.50457492518979 0.625389603139255 0.532418784101306 0.274152326464289 0.216554523293989 0.736164543219802 0.64535159236006 0.614916863034713 0.554387324642919 0.53328506169686 0.586284831701543 0.605457566437187 0.548611464593163 0.633291405656857 0.56607444720455 0.389306726808577 0.240669542998032 0.548281097286063 0.394289947295297 0.57059758689185 0.42373077957588 0.377426063513498 0.28676189978517 0.54335229610292 0.510785290191318 0.461653044743983 0.447707109730041 0.509384348514229 0.536673338983994 0.503229436143057 0.513334402348714 0.480893449866847 0.49823620589989 0.559852676783418 0.559411790867271 0.646273385119137 0.580316913758965 0.759901151453068 0.698786081056021 0.670915070469292 0.555581921060701 0.663819605528292 0.604423906705665 0.579816145021105 0.546889715086276 0.514713459694462 0.559482876178056 0.549278974053887 0.522378419610769 0.409937364136555 0.45141144513696 0.184059144156315 0.122708536467022 0.358058806223481 0.431065556568912 0.51513863088179 0.457329457594787 0.57270195633555 0.598927747821638 0.539419647888609 0.592707211764156 0.652453783219638 0.658482227664007 0.707350847049496 0.678258548012999 0.524833688069663 0.615451041294534 0.475656627157042 0.608040161241125 0.540959843783461 0.596492699032804 0.53008055529528
0.373592354698043 0.376516651050011 0.393346965842252 0.562489912921211 0.566868047760375 0.59478419455414 0.505721892343204 0.602353917474274 0.705360723160724 0 0.481290588126597 0.543267907908549 0.467879623517815 0.547055630784096 0.475873411493956 0.707246782588595 0.327222237387756 0.336303426850373 0.466254991794596 0.389248628555457 0.164750539308322 0.252474815012473 0.473821349395112 0.508531051187801 0.461507768546904 0.44859392345103 0.340737533012079 0.460523311651893 0.41778772489767 0.455452768255798 0.440595929489005 0.417962054755198 0.186172412156764 0.125904401613629 0.325699894690872 0.234016230438071 0.368109807578222 0.410563517830019 0.169073777585857 0.231297995558208 0.308066989707487 0.316664544733521 0.196038431907718 0.208687709908406 0.261980689781815 0.286977049672419 0.197993685985291 0.228436850236243 0.202017662511334 0.231112705029086 0.386412336242076 0.372182687856233 0.392817179658782 0.365507419745509 0.501285701927874 0.608970012319418 0.433907414165238 0.403936909686838 0.373757274702001 0.484497365888578 0.306695270772727 0.364902427139931 0.372380210457804 0.405253004481759 0.37633868169939 0.370327763181432 0.276805485201437 0.294131925323244 0.136542847476057 0.0700217814450517 0.207389417634569 0.351900743520053 0.31216916076534 0.293337505302208 0.358598817055399 0.40122092638633 0.256871228365139 0.34858915601845 0.381505336328546 0.452920718496897 0.449372997306821 0.508200915092699 0.370133145800897 0.382983478559691 0.251893893535246 0.366138946746822 0.359603732710494 0.367626745307481 0.284342777958376
0.783219229645368 0.693652569350594 0.692634891168827 0.634891274884133 0.678714477583004 0.507954770012445 0.793773338908188 0.643284300302554 0.714086229748239 0.481290588126597 0 0.707605933383749 0.908788748720701 0.732551410525607 0.75036212198892 0.594388182128276 0.68953554438627 0.659012078057358 0.720542333496687 0.678691095987939 0.299417764559997 0.199897793157351 0.696088967632758 0.615667910177299 0.624804377136665 0.53945516758218 0.739443116331849 0.670312583246024 0.619510720288827 0.559060642408998 0.649348328527044 0.59330955372999 0.349803893718965 0.0997310342541908 0.607864631092102 0.393607570174658 0.606852778497705 0.429160384905354 0.518013999778637 0.408635461508324 0.584943559219617 0.570913417913788 0.514471047808258 0.497276027381435 0.54389583307954 0.55848620839514 0.510096910517066 0.526085914646342 0.561744864580475 0.576307319573228 0.660983278564575 0.658204517363569 0.689449610127387 0.615395353967476 0.831859408942529 0.627721696069466 0.790733371224373 0.580154297435434 0.59697008216285 0.476088794101016 0.587483990379514 0.528993358070135 0.604921261618077 0.655469409769445 0.633384108961614 0.593016192353924 0.600262195539442 0.577840630027193 0.273527661850465 0.292770928013037 0.442528799064794 0.421019949929003 0.595000640752487 0.593937780410241 0.714188617122321 0.677555623191879 0.642633650396152 0.643924385319909 0.678504324469124 0.616744366481061 0.734314858873398 0.641433310439132 0.403513976075075 0.461151550396102 0.469049788441775 0.581467798285395 0.509926710930056 0.596718784529472 0.572563906680242
0.714435435372807 0.71951430434067 0.562287120443224 0.770881242625194 0.512585650604939 0.495082905629291 0.717807048148889 0.863937386562213 0.623491336138592 0.543267907908549 0.707605933383749 0 0.685786545082009 0.904739781379742 0.514981884988729 0.716202386754169 0.737582991189208 0.756578361006781 0.793750399788512 0.806639614358523 0.268743372467342 0.213558583361756 0.623118035336273 0.717001816196446 0.400118305045909 0.399494548337145 0.766101307469039 0.894392031929692 0.759537223069398 0.730721163917709 0.769721043118 0.80000038374837 0.358847907019314 0.224470555669969 0.555100481749171 0.514650302608756 0.553704143814313 0.490119597147568 0.474163859494928 0.380641107745337 0.698305523524048 0.729399075204414 0.594246667774769 0.641323539339836 0.684192814290875 0.684168530773327 0.612524199178854 0.657382443380778 0.653610603106529 0.666265553374168 0.693135359207811 0.660064400548264 0.737245424665242 0.740868976610034 0.757430945137775 0.80487439300018 0.818902920891607 0.819681229699952 0.479252302586965 0.587370893068309 0.640068985264376 0.675958855149239 0.683019819884565 0.694893377428635 0.673957727248758 0.692662963566068 0.65681202032478 0.641919021018422 0.397537682607429 0.281297552188163 0.532321225147008 0.635199262315882 0.747771345161448 0.751889319330364 0.745964582348078 0.793217178165576 0.58942219141861 0.621821457103667 0.551392392510232 0.758119077683313 0.650119192756153 0.791095961925517 0.496342479418317 0.467851842610133 0.524483678578088 0.673551823675422 0.630437008896423 0.671592908915923 0.630073787450312
0.803846333081929 0.705832363747328 0.806801961505219 0.690280098464512 0.733123143053322 0.47104458899412 0.884524823094229 0.653311013204209 0.752523167001788 0.467879623517815 0.908788748720701 0.685786545082009 0 0.75319892717307 0.847646789852692 0.692932224328262 0.673428242589698 0.625045897409982 0.739928117631778 0.670929670400976 0.332442037245843 0.112272684584798 0.803268978787727 0.690963776421797 0.634964474896409 0.571820856136768 0.703749515611747 0.651310197756927 0.653753779049609 0.542166369857908 0.664065365638355 0.572942858358077 0.381820097783488 0.159162592572314 0.579320064543117 0.385489937899912 0.640481645093094 0.429434299476673 0.521190954295514 0.374402195722 0.587418022750521 0.591521439753692 0.562987598142082 0.529468434466087 0.550773966816416 0.571276584197852 0.569348999457108 0.588582563092335 0.61322893744626 0.626096476245168 0.667432634140015 0.645185443405535 0.72183252870732 0.586059556285414 0.856865624854586 0.609228180277547 0.786465031775278 0.522807681449805 0.703459652867635 0.572982059285227 0.624268546694857 0.55043522095918 0.632428114331761 0.642550974617088 0.615727768263953 0.580359579080134 0.581147667011671 0.543247607023687 0.268537670014947 0.305805335563801 0.401259924278534 0.369451444241754 0.630320722271828 0.612016015232824 0.725637821933464 0.700329593829959 0.697793778975129 0.688441640873606 0.776247776605467 0.696408614778547 0.786422949344699 0.669510903027354 0.380328034569379 0.46872444020474 0.418334219838403 0.561241201511829 0.470861321422577 0.59059253626412 0.548874453084929
0.717989556669616 0.728816715092918 0.634548010883342 0.784811887194519 0.54739255022189 0.467061388247969 0.749824233460649 0.838001301648303 0.638689643990142 0.547055630784096 0.732551410525607 0.904739781379742 0.75319892717307 0 0.632694058575196 0.770423322350868 0.709673251007428 0.717897420184602 0.774657679211769 0.794311617711588 0.287857828635935 0.25679324720658 0.703109346864475 0.790248466758622 0.51682446632059 0.487280775660911 0.726638798511283 0.852895233350224 0.755209828579507 0.735124576146665 0.786238243370071 0.764426522076279 0.443801976185366 0.283636751469857 0.613531987366413 0.564593759145133 0.619084453287409 0.442199853959136 0.516224041174997 0.384984741665136 0.713550000573057 0.73911715560875 0.62429711508933 0.65274070441609 0.69717061745832 0.704455634589303 0.658229057094725 0.687085534968928 0.68732076341035 0.696646359201968 0.690990278199671 0.657792018701247 0.74896766258162 0.728707473263166 0.765916008931422 0.727569830700984 0.812344414398815 0.807297636580346 0.543295958501795 0.600255791640423 0.680057295766397 0.695988804382359 0.696844216486539 0.714561979578496 0.688392999842101 0.711104182630233 0.670608117636448 0.630415214991552 0.376830194785564 0.288531031791177 0.519805463000335 0.613709754781275 0.737652775845251 0.748111002727782 0.754044968630284 0.817783841821645 0.642289113594275 0.660472353012805 0.595952801772806 0.78493004220091 0.703387565351964 0.819608894716066 0.517523492806888 0.519683400246837 0.541619870141296 0.682423502267173 0.645489428153089 0.693597185462967 0.650555690276558
0.65136506531678 0.584765598927859 0.81880001150364 0.665627185342314 0.794985428127958 0.407858149897643 0.801865994252268 0.564876899408845 0.767495432796714 0.475873411493956 0.75036212198892 0.514981884988729 0.847646789852692 0.632694058575196 0 0.727280163101762 0.541871334661948 0.493673779726062 0.598949771640362 0.510784354313503 0.358035728445601 0.152340641038161 0.841674018386295 0.733941661440259 0.7490771630011 0.609159838496299 0.548478509871725 0.523672756416871 0.59223058624317 0.548674025173274 0.59272795445176 0.473771532728559 0.412795490243933 0.266632419087295 0.562034055017482 0.368621852368074 0.623315528207297 0.314296308008306 0.483169058578102 0.329369191637402 0.514744859285439 0.492380494650015 0.496113537989503 0.464094328866687 0.477581589465855 0.485399477318914 0.501798275421633 0.499484824300494 0.517403757289176 0.528002137345186 0.557039033579279 0.542661179294345 0.608976132378067 0.442064618541467 0.754044191866313 0.540697517021042 0.655104142710773 0.386248215736885 0.763263089427755 0.620273922226969 0.606216779638769 0.519040934113536 0.529330185580296 0.53352734867407 0.520650347987514 0.503416466690904 0.4605395437633 0.424161045525581 0.207848682353456 0.149867697412075 0.308316635930179 0.278523374533063 0.529775323271694 0.526184901852751 0.621465032198102 0.637950339811153 0.693227481317862 0.686016901618911 0.780949671124754 0.687338675947237 0.749032652351789 0.621094062139285 0.365177170658353 0.506325915562997 0.33202386778361 0.486187882647067 0.403083751164906 0.518319737847982 0.494980916885561
0.544044405985403 0.526530281057045 0.700783254467886 0.773789620164343 0.686090170936721 0.530608306136662 0.734650163669305 0.749961984211861 0.732843822436877 0.707246782588595 0.594388182128276 0.716202386754169 0.692932224328262 0.770423322350868 0.727280163101762 0 0.49729796141847 0.518618222117161 0.608282297766155 0.565396733770677 0.338053523193251 0.257191030908025 0.768700167205889 0.808109735706556 0.595794804092652 0.536285366315166 0.528919652044289 0.617230169200452 0.641936796906665 0.66572231098857 0.647168331950568 0.629488151286561 0.41317280051319 0.281898274491107 0.497013091058731 0.452645981932533 0.558488258909285 0.422415512775942 0.353186138829876 0.292772798237558 0.511476567225049 0.534306375127911 0.436247726564166 0.44106791125274 0.496741393764812 0.501131228508984 0.45774325669937 0.496473949974019 0.459384913920731 0.494506935075191 0.503437842436585 0.463053640940988 0.583499246044154 0.489137749059231 0.666141215674817 0.666844161542249 0.628782559434785 0.543538296123998 0.631167145705819 0.705187786807996 0.574382760845651 0.567340902691117 0.537627483901418 0.531416911308916 0.534223323455727 0.544011818601808 0.463239574485892 0.431664772564221 0.305839724142003 0.161808287613577 0.417126112796243 0.486298799872874 0.533498502778416 0.537225602851517 0.565914567191123 0.65579935986435 0.547008982477741 0.666149035986134 0.632546645622136 0.778886329344418 0.616141140027582 0.721055250501961 0.467438503501283 0.5158776139121 0.364967675521025 0.511568734532808 0.500028151836002 0.543924327277429 0.492878394571212
0.874020450280232 0.88860260094695 0.622823985030987 0.698261265129529 0.496452419935738 0.547056242265737 0.687406457721732 0.644421403175168 0.564042043589243 0.327222237387756 0.68953554438627 0.737582991189208 0.673428242589698 0.709673251007428 0.541871334661948 0.49729796141847 0 0.92446765494527 0.908235437892484 0.884115122695253 0.273930853410097 0.31916868688548 0.592975245355812 0.597472096641874 0.510637038654222 0.542495640249862 0.860067714913865 0.875081832869575 0.68959834523915 0.652320074663746 0.851116867695758 0.805104687448061 0.474120271376154 0.309540535243928 0.768852574173411 0.614212623799964 0.672777926180897 0.468200234323427 0.643214528844909 0.508163363455036 0.80057644052986 0.788997788884333 0.72995629943971 0.743103002878341 0.780132823840137 0.799903838151094 0.750122487002733 0.746776571425711 0.793632679768851 0.791571509624995 0.931074931566365 0.907675767827392 0.792077065147176 0.811081794008142 0.734675021516637 0.601138022249843 0.928061937895577 0.829675090858138 0.537048568334395 0.450402912779512 0.749630485518468 0.715093318001416 0.884991145915235 0.896664903446811 0.753745214775843 0.718762869625191 0.645168587111794 0.736540903246796 0.236870985162826 0.377745658769701 0.57578414021772 0.640872029614493 0.893158295400839 0.830149112894562 0.923635553967886 0.863755661418063 0.754571776811711 0.72158287680674 0.659058208417459 0.727826110223926 0.743713043343228 0.718555754280768 0.534004734084515 0.589956023488479 0.724492346483811 0.815375938617907 0.715865202917068 0.806906145096576 0.78247152935396
0.854946080264765 0.898055239169398 0.589017752644827 0.688229992016525 0.478233435641068 0.50004045614014 0.633013483679528 0.651835799045815 0.50457492518979 0.336303426850373 0.659012078057358 0.756578361006781 0.625045897409982 0.717897420184602 0.493673779726062 0.518618222117161 0.92446765494527 0 0.88370555563583 0.908631076077581 0.232713672206911 0.213555872820398 0.565772139363266 0.590998316835938 0.473205850585907 0.512361957897856 0.797538329324836 0.890743191911142 0.648108221274426 0.642981694976559 0.814546792937729 0.80185386241116 0.399644491615631 0.237975531223264 0.684743928993038 0.604367721320896 0.691530437204574 0.444031978530238 0.649720926051391 0.514849894669312 0.755741726198447 0.776504268427323 0.717672706156624 0.738515066244356 0.756766912324578 0.784064963312555 0.723347776629375 0.743904311163034 0.759239901237741 0.787650919383806 0.911422064677367 0.897557070428739 0.785147404297547 0.776254447217982 0.707296948877678 0.579666779103344 0.881864069478655 0.81939317288294 0.515417738161185 0.423414811782543 0.677061474417482 0.66151708880149 0.868513201508331 0.867318428350326 0.685060288560756 0.67391658062526 0.689786957311886 0.710543296196138 0.275348581980738 0.359732547331412 0.568205014050849 0.632526323451697 0.869148789159861 0.881889449722915 0.90927400024901 0.900967655443679 0.762572825100926 0.747554881147292 0.66623603816966 0.743073143387495 0.695374361588528 0.712220468161013 0.478556759548841 0.517607063503277 0.620604488898793 0.748657103105759 0.661908369706643 0.775792641347343 0.72355297274269
0.912418459065717 0.895943370294747 0.686576864609029 0.790939395719164 0.548787705221781 0.588969531282437 0.765563496598018 0.748366114102397 0.625389603139255 0.466254991794596 0.720542333496687 0.793750399788512 0.739928117631778 0.774657679211769 0.598949771640362 0.608282297766155 0.908235437892484 0.88370555563583 0 0.919504803540374 0.23768983652594 0.233894860869816 0.671766482479462 0.689902366511541 0.530326986723317 0.574899066560408 0.802353014608673 0.895106679358834 0.733736776118444 0.691323470339116 0.907007088585656 0.839554752761223 0.52361606361435 0.343877384010484 0.753906274867117 0.665170951892475 0.727237074937009 0.550573604690761 0.630051636383212 0.453168855802842 0.814765496384593 0.825144787998402 0.74336385850604 0.747964760945935 0.773615965864368 0.81905715114472 0.757686066946817 0.770449651520195 0.794169346326948 0.810216483685718 0.922305414439326 0.880560084559561 0.843543274684461 0.810817382972302 0.807035122792863 0.679050471149547 0.919880749345673 0.801255336795281 0.611273157616596 0.573179025349045 0.774841881052917 0.772675886426364 0.91760881705994 0.91321097562397 0.767597682572137 0.74784769702875 0.673242058467493 0.7271893519362 0.233624483438032 0.356350546323917 0.540203569725173 0.651623429760305 0.838034736679828 0.824046690223349 0.917339738676467 0.875564368397096 0.734636012934714 0.741979193665954 0.710975030878225 0.792036124123436 0.782557673504169 0.792634831126909 0.590531527351162 0.636184959809353 0.693144218297808 0.824833237175621 0.742405561940799 0.835602850441399 0.777242618298044
0.867878815202217 0.876587521495984 0.624744724683902 0.757967666529686 0.484569149121334 0.533213834539869 0.707493287458266 0.739716910982311 0.532418784101306 0.389248628555457 0.678691095987939 0.806639614358523 0.670929670400976 0.794311617711588 0.510784354313503 0.565396733770677 0.884115122695253 0.908631076077581 0.919504803540374 0 0.221349931007117 0.234455887763028 0.622108573732165 0.6648937409032 0.488558155179173 0.558508166051212 0.810415108856513 0.909394664023431 0.726962482943594 0.709982282717962 0.857229388914047 0.836005925153804 0.430797144329659 0.287749575108682 0.716338048717351 0.596487484599028 0.705597541304096 0.499670804704967 0.601246060935157 0.485365652973533 0.794970868784173 0.832164552624971 0.743188545432629 0.758856726253506 0.770725321716399 0.800659121419512 0.738486201635891 0.768871441078576 0.789486776737003 0.796847764545032 0.881696725289654 0.837219455404347 0.820462963247039 0.786075274634824 0.76237585883286 0.652700885666068 0.880124117047143 0.806709817595879 0.555757867769419 0.5308955799304 0.739028553113507 0.733261279540832 0.877400961679485 0.883252331817072 0.708118466078742 0.694433100197967 0.665174133947199 0.716890950639012 0.303328516079228 0.402159462491047 0.584887527113027 0.646333963105208 0.85479366044249 0.850999681511281 0.898826788902237 0.902068636885147 0.735288806566665 0.762906960182996 0.676584062441769 0.79498397211582 0.720033102290195 0.757039172411374 0.47979521542719 0.511207983729187 0.605431546196125 0.753022802547577 0.663172557126718 0.760789736776685 0.725422946047132
0.27578787069207 0.277300023475037 0.407519736457029 0.389052179769823 0.395849100566474 0.143523917690348 0.34888162872724 0.324193341690433 0.274152326464289 0.164750539308322 0.299417764559997 0.268743372467342 0.332442037245843 0.287857828635935 0.358035728445601 0.338053523193251 0.273930853410097 0.232713672206911 0.23768983652594 0.221349931007117 0 0.126849404454605 0.399393787032073 0.418612752128315 0.355177882414113 0.257124574813463 0.334904588023519 0.285246568764018 0.406934127625381 0.316951873510933 0.280427164543118 0.295501782365444 0.205652281559705 0.204004787855027 0.383704015517626 0.243059652070584 0.299608607867329 0.134782742510005 0.193052481784603 0.238265671776706 0.282684409537295 0.241204042051978 0.288422534393072 0.297345968225155 0.289846260306828 0.256723381465093 0.254336504248446 0.262257615550703 0.292277765909991 0.30583615988435 0.243607951464261 0.205619696926821 0.324704844339561 0.281172513964348 0.38088176927223 0.317769468518197 0.343866411196765 0.249321898295783 0.433561585426705 0.374238708165458 0.389873683894275 0.364039642198479 0.223286116804665 0.262265379955236 0.337627493996226 0.328499036898835 0.308481537304651 0.256539498821297 0.291647974218765 -0.101381831861851 0.28479328106897 0.22434944796591 0.318272418336845 0.267086528398326 0.287499547431493 0.281697021378826 0.34785114197807 0.254086253848658 0.355786322891574 0.326533655167493 0.3930261159907 0.329264788914347 0.205696812216861 0.219657858410598 0.185452530774972 0.230654410156867 0.197952259433545 0.266646473293089 0.334048776828572
0.135865564895518 0.211216781684851 0.104101477615866 0.22792259778489 0.0914186458263098 0.395270110565134 0.125627477152285 0.213894517300039 0.216554523293989 0.252474815012473 0.199897793157351 0.213558583361756 0.112272684584798 0.25679324720658 0.152340641038161 0.257191030908025 0.31916868688548 0.213555872820398 0.233894860869816 0.234455887763028 0.126849404454605 0 0.124086563084735 0.20015654933162 0.289658577125528 0.25488518159715 0.2687997154343 0.243441019495266 0.231512682363619 0.355198384369774 0.282992342889405 0.344138680347654 0.298272702019781 0.313253093678752 0.354572369921468 0.300697175388877 0.140570281945368 0.213531328494146 0.245152071859438 0.209682728682173 0.293578705282815 0.289279783432248 0.212520802940991 0.228946976962115 0.232531148240433 0.311502753814644 0.199280039206677 0.197888999202501 0.153919534575899 0.207682188763811 0.25073064000241 0.240869138489288 0.147300671024295 0.285234305439623 0.158129373332589 0.177920479746641 0.26464391125916 0.325437985952395 0.0738539147695361 0.118018630898172 0.238546499144377 0.280708100748564 0.253163646887204 0.311169640289274 0.290363038952811 0.279870732120146 0.151749002174233 0.261394779964614 0.106467601559328 -0.0179397990125607 0.212353754596985 0.323406547386462 0.251312911933214 0.216280804033466 0.254615996124854 0.247918725026632 0.127809132218429 0.288053697964807 0.0929883216629332 0.2215553498205 0.112154807061432 0.247698074124273 0.281035389005417 0.327990165809422 0.32840723087663 0.330755732125352 0.359108945912297 0.327802203663364 0.261361907854554
0.686957897317915 0.644313122816108 0.942385281883478 0.861319042772708 0.761780841030916 0.44122797344151 0.904928628923862 0.755926858136147 0.736164543219802 0.473821349395112 0.696088967632758 0.623118035336273 0.803268978787727 0.703109346864475 0.841674018386295 0.768700167205889 0.592975245355812 0.565772139363266 0.671766482479462 0.622108573732165 0.399393787032073 0.124086563084735 0 0.879151647546406 0.730001680997162 0.621080086863133 0.618526439192092 0.635396236423295 0.775189454842765 0.682334838336807 0.731838626247424 0.649533996872321 0.573421001890375 0.356962057086552 0.665947773409864 0.469222886158018 0.687104618211215 0.435499693337084 0.459065587621033 0.354442366109005 0.641483562493055 0.602940386690131 0.618326778798495 0.580772288590672 0.615810194450903 0.609452541490326 0.610405224300231 0.640615905287768 0.625145927488016 0.637296410958407 0.600128798542061 0.561949421485348 0.701951654054345 0.566954308453139 0.793661495739289 0.703838467762811 0.711736252133571 0.536816826767559 0.859249839940573 0.797320330170085 0.772701422249735 0.691274175963301 0.604958319428131 0.595432383112199 0.641534677720885 0.643133822708857 0.577803018099761 0.585916958211345 0.242642258576122 0.265886810806803 0.45524486424126 0.474917341972344 0.623669057865432 0.573683944680087 0.666307995284975 0.715408942841808 0.717460121065098 0.719418106412155 0.825358466289392 0.825826087538561 0.814980712233877 0.766492487519662 0.532383230483858 0.616699385573645 0.463902264724719 0.611100043797697 0.565560183915152 0.65398962328991 0.603673108043007
0.652130559768956 0.666854788802538 0.836464863871837 0.922112945075837 0.671902528328085 0.478786070992118 0.827752919760093 0.857747866166491 0.64535159236006 0.508531051187801 0.615667910177299 0.717001816196446 0.690963776421797 0.790248466758622 0.733941661440259 0.808109735706556 0.597472096641874 0.590998316835938 0.689902366511541 0.6648937409032 0.418612752128315 0.20015654933162 0.879151647546406 0 0.676420799429421 0.60189033803214 0.605152652092681 0.696843708629841 0.766430067738149 0.785695476195389 0.765863365952595 0.711537188537882 0.604404098134379 0.417880945452368 0.695068241580523 0.589053820219302 0.693225719082117 0.473955132010142 0.479852596370354 0.375622028609512 0.671635835920836 0.664784493669461 0.62946274163023 0.633821397943329 0.654008758476015 0.649761549814451 0.636195538984204 0.676778357082753 0.651171418980571 0.681905470811875 0.613596603690665 0.583696378900144 0.698678916199483 0.610552102861141 0.760717657370043 0.768496963330458 0.70397215356771 0.609625894921643 0.761429829722793 0.862144328644913 0.78606617150952 0.757656731127289 0.64329837331012 0.617568499410433 0.673064284863325 0.705978460521779 0.608046027620641 0.59688230199543 0.317428358874309 0.232472491806336 0.437237843095636 0.544918558874635 0.637769150991681 0.644073987968372 0.687766608878209 0.753629777636244 0.708745364969221 0.729742856295081 0.734898479778471 0.868194536389649 0.735956292403749 0.838993866804899 0.552629565678434 0.60385341415787 0.497334152852816 0.625092475547097 0.618965946913701 0.678238739698159 0.633908093200459
0.600390659271659 0.597536078875871 0.719589705817202 0.633379494411689 0.697631368623652 0.564066896399995 0.649258407678442 0.464346961102559 0.614916863034713 0.461507768546904 0.624804377136665 0.400118305045909 0.634964474896409 0.51682446632059 0.7490771630011 0.595794804092652 0.510637038654222 0.473205850585907 0.530326986723317 0.488558155179173 0.355177882414113 0.289658577125528 0.730001680997162 0.676420799429421 0 0.825362671132885 0.457550167121626 0.425253007579982 0.468692968107747 0.476698212366875 0.572238630587771 0.429038797919106 0.512695743975792 0.341160003074407 0.607633323714756 0.344383920613271 0.59491034390823 0.436078068502285 0.412598671438247 0.361788237109436 0.436761663324921 0.42433530243413 0.477487872827155 0.434380005551578 0.409291036530953 0.439768874250145 0.45863384784508 0.460616609945623 0.467493217856118 0.489045048677918 0.562890321743454 0.563166090210738 0.568879839193564 0.434081226122393 0.666127074504683 0.456380525364898 0.572967545418036 0.35403762174629 0.741002938528571 0.578865260865861 0.614564548261559 0.520391900786592 0.530874089551711 0.5493394637632 0.471701139938279 0.45206641482749 0.388250881942906 0.468371519802361 0.100671740413223 0.228444801895437 0.245288773780815 0.297873104689657 0.455334902207634 0.458322903556458 0.592454144528161 0.602869471030876 0.645775272961495 0.691768229287162 0.751410768664644 0.658106050571754 0.666456522662171 0.521557780522587 0.308690978468359 0.440116107579047 0.321757292584088 0.430485427332501 0.402163932236792 0.471411781201427 0.393318493325279
