0 0.435520558018222 0.288555241865521 0.332055441234947 0.114204359411492 0.135881717486134 0.359772730840731 0.321442229022537 0.20334231783667 0.11724052049356 0.239103241082775 0.232271231611268 0.353485498212624 0.319571726479482 0.191586375284519 0.200969714312345 0.353370755066172 0.410979335828088 0.407896777964742 0.39974644000872 0.0944762912267387 0.0204974662854819 0.289872928914638 0.286037988267886 0.128560859375378 0.0496585567998545 0.326332809081837 0.309632290403172 0.307625675923355 0.301061589422001 0.431529058249325 0.384868670764833 0.301311921619694 0.261116161873462 0.190101132095964 0.165773159232792 0.168300922911674 0.141598028674502 0.165590445688189 0.190074204275019 0.472491873011193 0.457477448693862 0.467810759105644 0.489455230416276 0.396902665732805 0.454892588199986 0.426629856712677 0.399444391485412 0.291913301102418 0.294248724103678 0.475690595427722 0.410587822079522 0.390003953212037 0.363239196922989 0.342117147379136 0.279780516558646 0.384138242747666 0.362105975867936 0.254345396083494 0.330400133381388 0.39360690100249 0.411692795119324 0.508400069361043 0.549507648153718 0.279599532757813 0.271201816364066 0.26724274027022 0.242196849201528 0.23681622073296 0.121446310626132 0.277093784851517 0.200156348403163 0.358741230219983 0.397874611646098 0.416711939221157 0.312146668661574 0.234972066556074 0.250288286454496 0.29921484691756 0.331834764595711 0.139045424601786 0.199691454428637 0.342207609905536 0.281763760161108 0.213718551720109 0.217181863984361 0.268009443396271 0.310065931739052 0.230073426516362
0.435520558018222 0 0.248871923738809 0.328553112803698 0.105658008584071 0.123225195374659 0.281930494265206 0.281073046048357 0.116049144920316 0.100515632958024 0.242195963318749 0.28249228311296 0.30437791761637 0.332719230307397 0.149316177767623 0.180187057251849 0.440382133988512 0.521938247065953 0.403776873655521 0.482735133688187 0.113877445526562 0.00258661336454071 0.299147613988069 0.279000461259189 0.109669648644949 0.0531355093503235 0.381995037354429 0.392782288860382 0.337289105851062 0.362031310726163 0.478878789042916 0.445922385020602 0.245347619215564 0.245097299741878 0.200231299281988 0.154199369405164 0.174929194935532 0.10406315216718 0.16825713838827 0.207858579156144 0.435522478183952 0.415476095728597 0.402606956354453 0.452255636662333 0.378125835847743 0.433682027211823 0.339689020533366 0.292071827415958 0.243332272439038 0.235373730683549 0.472339308659521 0.490885174994471 0.270482143911682 0.251915905326719 0.242101911050638 0.212833624052954 0.452391894543581 0.433900894789713 0.163857151363697 0.239849117652195 0.340028801833006 0.382556639133753 0.529480235160037 0.557659929402398 0.230317985201182 0.297087589431444 0.303216702728736 0.325761103288309 0.275095147490418 0.196201876683815 0.267153728579753 0.173707746854185 0.43256189099336 0.506920958654842 0.455718409619593 0.376810371384845 0.239928206978609 0.227776630832273 0.270574881852248 0.297035328138044 0.0653001672123904 0.142840214000707 0.221426406319643 0.179747585983267 0.142427194442005 0.167352685672133 0.206276399017756 0.207057150594797 0.170490388535812
0.288555241865521 0.248871923738809 0 0.254902000737963 0.0904886864815484 0.0780657597872138 0.279057666380943 0.202830895769623 0.144490827564093 0.0499938828033908 0.100466969172052 0.0858687949826886 0.238614379442714 0.182731869439859 0.158944665836093 0.123723282410727 0.170176364001835 0.216564106469349 0.241994172343417 0.218711757583274 0.0570102141725489 0.0263920343859289 0.251115705233207 0.205768470645266 0.104771201124586 0.0772922868996748 0.167611074654397 0.163660858436397 0.216834867823804 0.204316671439038 0.274330775923611 0.217086667970708 0.293265472177802 0.232928684388186 0.124678887537728 0.104371384989384 0.115241596114696 0.090152320704767 0.101992613608496 0.135045788915212 0.301258261226321 0.273641011513894 0.308859856868694 0.282322295820349 0.243330192850281 0.285863732854034 0.291332318582166 0.268181158484516 0.183915367922087 0.196471915088178 0.292622914821416 0.234114233095091 0.234552463236406 0.222979274601609 0.223793578310005 0.174414444857925 0.19436782910841 0.210711984192668 0.300107155179201 0.246336064637866 0.289224842671151 0.281491472471566 0.279179600214056 0.31830096803134 0.17924224890105 0.190468327029662 0.152685324116995 0.106985724086091 0.142677182364787 0.0816172025040505 0.180161535374554 0.123700946727396 0.169246114685032 0.224056576326583 0.226380225546553 0.16087105380078 0.138362593722264 0.187161609068121 0.250866330564935 0.234588028129038 0.117398890368944 0.148312311563225 0.214505585473442 0.211945949454571 0.131072014114846 0.127409852555898 0.170681597834214 0.194478052875427 0.145487220840819
0.332055441234947 0.328553112803698 0.254902000737963 0 0.0964648641688103 0.128639436439902 0.309122079509727 0.322171856474726 0.16292679486689 0.109946164536473 0.138750317088389 0.134955423163109 0.246618624340984 0.252475209356184 0.122785039388571 0.18817156076202 0.235391202808041 0.303932925097297 0.276270108881686 0.316828953119878 0.0889606535129711 -0.00644623107504514 0.282256050116552 0.294392284061641 0.0870952942256449 0.0979923675049544 0.231939931663574 0.249119853406453 0.265859045445171 0.298923777668467 0.352678427174463 0.352618020126087 0.30083036046064 0.252232993049056 0.181335070039118 0.143566620885597 0.139708801040779 0.0948096758519164 0.142871648894603 0.195492750199577 0.361450011639217 0.361668259266336 0.366864565952773 0.37288505689548 0.310173899664147 0.354111513378761 0.343578125034283 0.31775839353276 0.234649323473471 0.212240041041797 0.34432911252838 0.341049025120846 0.29735257901869 0.292634702183661 0.277452399664033 0.264257230993231 0.293688964311423 0.305970550946806 0.293022770115348 0.340093848124596 0.361953328102601 0.369882304880243 0.375239455177611 0.408667331741346 0.201311800923308 0.250637545904812 0.210902919178764 0.185516557732489 0.165911958570414 0.106356434524903 0.262581713266086 0.196590923129745 0.224767473327269 0.304375585344028 0.291682965347935 0.224887757434105 0.198914744210356 0.222718849211013 0.268869825997347 0.290412047621237 0.12124376339171 0.190374968396474 0.331031538765023 0.264665782898428 0.207658283316442 0.195157020509247 0.255161047353206 0.282372556999124 0.212721438062212
0.114204359411492 0.105658008584071 0.0904886864815484 0.0964648641688103 0 0.0658235143549873 0.13996681394169 0.119887544863681 0.119892330008282 0.0531425095634685 0.0741853510686413 0.0457126676636046 0.153874150932156 0.11215153818668 0.102422356480277 0.065912667376068 0.0690917177829454 0.079926906977041 0.0791275772189871 0.0956172566869717 0.0671293803555297 0.00982510773779532 0.149788365535214 0.140802997391022 0.0494698617566838 0.0582298887892588 0.0951789103867103 0.0754597073613885 0.0988102805411644 0.124286350942518 0.118186736025093 0.111253795347067 0.130805922647684 0.0734216137088761 0.0634383626972653 0.0255006709417267 0.0639395409119123 0.0213441864657158 0.0435099269571763 0.080643452720994 0.113670379676773 0.102420842070987 0.116686553128547 0.0904022522196762 0.0813544526733963 0.0875649524845423 0.0889396585822012 0.0999775458823487 0.0614521615568645 0.0735359234935696 0.111179142708318 0.0860585096791766 0.0644937247994513 0.0733419925262701 0.0940084108505614 0.0762120812864877 0.0914462326730913 0.0644031759346785 0.162772702979569 0.107945764033987 0.113352492215767 0.0789934300463051 0.118934032247885 0.138001086793767 0.0974567405454443 0.131983272670145 0.088136622796359 0.0598135232889331 0.0473876956517351 0.0400232530308213 0.10911862960807 0.0795918626372547 0.0660437233807343 0.0973709966700868 0.0924106288129958 0.0780857553722947 0.116075953391617 0.0780164812887141 0.14566212716444 0.104184487081333 0.0599329605521085 0.0779774618930189 0.126061180492068 0.139146965594011 0.0777753153458571 0.0568482180527436 0.106193653234938 0.0995700016487228 0.0683364279170041
0.135881717486134 0.123225195374659 0.0780657597872138 0.128639436439902 0.0658235143549873 0 0.154793683295592 0.130711822395901 0.0767467162632622 0.0988954975709806 0.0826467785598951 0.0903557294416304 0.146095203784197 0.153802355986868 0.0757269221133019 0.110299275049643 0.107174227670558 0.12706609101409 0.125766733113501 0.107977925603055 0.0462073812898744 0.040794498290482 0.121935759034636 0.128148362075766 0.0605884789889048 0.0292515899121587 0.107030383332842 0.0979186383265092 0.116308522669396 0.12521113241937 0.136996289850841 0.111157150393162 0.149238259523326 0.104597980332499 0.0696425166167973 0.0530809475792728 0.0467919436325832 0.0589202384131684 0.114207773638848 0.0827144325047802 0.160280337965287 0.156144900102787 0.174671263846683 0.148281899883973 0.142662984140927 0.14913488231341 0.15865425020285 0.161817806282235 0.110500933233872 0.11015774444971 0.14667995631102 0.113861138807884 0.127961465897202 0.134844134620602 0.118128443219925 0.12778606820791 0.123098012195154 0.0910035286985594 0.156048979687583 0.168525306540008 0.144151067654118 0.159804514697942 0.150843962607661 0.174310366529891 0.10887163312912 0.0908076813568304 0.107353476712067 0.0943401703454155 0.109124548755395 0.0335905471021044 0.119325153071963 0.0711974480390935 0.0712595980056309 0.100765123590124 0.137855975737413 0.103287986109089 0.0984158159830457 0.101093273079797 0.145931165583718 0.167003263238156 0.0569008590699293 0.100623426342404 0.157357275747545 0.118252251852352 0.107906327218778 0.0868543488904631 0.116466164245489 0.110855314756905 0.109702192739175
0.359772730840731 0.281930494265206 0.279057666380943 0.309122079509727 0.13996681394169 0.154793683295592 0 0.324050677321304 0.273269129549656 0.144804815293762 0.160497592304172 0.0873255307826233 0.310178533296587 0.208577565527317 0.186525770229341 0.179209204633592 0.202343931777342 0.24577877836285 0.264795741144117 0.216911577195258 0.0853306991599735 0.0255379918865786 0.311284035881122 0.253391562504435 0.11929690819754 0.0755417707678111 0.207929571119936 0.176671207068426 0.28919786238162 0.270365843758145 0.357721733518544 0.31191034473904 0.365811555894437 0.251951832479822 0.157059691004838 0.107432368209194 0.170282120516148 0.0980915691049401 0.142885198066266 0.166045969971022 0.392925765749993 0.379513891887117 0.414082730520822 0.384987999900499 0.30537093524212 0.355345192205686 0.388879073775264 0.37974506109214 0.254651172966076 0.236112898859371 0.35267845714012 0.27398637652663 0.389549233976676 0.339051946197021 0.370028856032446 0.306532343975225 0.264945975856103 0.267099000847226 0.419516722496828 0.367481368879592 0.413816567670491 0.366629947556068 0.368763096531999 0.425360927192449 0.25398810178913 0.274055568671634 0.210754927185585 0.130371335966712 0.144837671879079 0.0493463502477314 0.284474322977031 0.217123117577378 0.188614579498601 0.256097151142154 0.263369559876716 0.200960651301919 0.224466027005286 0.230371868412135 0.302762133691793 0.304446631997549 0.179851282782059 0.238441114180056 0.392654827066924 0.366440478847841 0.251052734291394 0.233796807690521 0.299563758753377 0.322137853203328 0.293165042556066
0.321442229022537 0.281073046048357 0.202830895769623 0.322171856474726 0.119887544863681 0.130711822395901 0.324050677321304 0 0.190127665467245 0.147787250480149 0.147130849420822 0.169911693296725 0.247212705633058 0.22912545788393 0.146887944784523 0.204516105651587 0.212228287646703 0.249100512629026 0.248307853524837 0.274794488753994 0.0560781165991784 0.00658600274575101 0.213296688586984 0.238656849363787 0.10400286662862 0.0935226582503948 0.19894372988029 0.221510338130316 0.243546415300804 0.281392483858833 0.303359766915447 0.319599159182907 0.277077040502716 0.202809300728129 0.172019139153965 0.118810832146827 0.133640667689225 0.109611173893948 0.133614706708447 0.179402302116105 0.357949225085151 0.356385967071578 0.342343821097268 0.355927779692072 0.278116256157913 0.338481984603699 0.359548921056326 0.351295683452869 0.237933602867774 0.222835140314685 0.322354678844616 0.270053779869213 0.325387942154236 0.278782428342301 0.307790846977483 0.335414637990702 0.275608317007155 0.303436894502385 0.253863271437058 0.342896334985915 0.335984012840208 0.362002579642098 0.339932705309972 0.376901879047854 0.192205345944824 0.229888667939255 0.224585012355284 0.175687251077669 0.14877840558464 0.0997820101992603 0.275577285369617 0.19007775839947 0.204769432467399 0.270823505194017 0.282428087053061 0.216923801484781 0.180873683031387 0.193460213854528 0.225325706933122 0.265787137410273 0.13875212707921 0.209821638726677 0.332630826667517 0.26313510901576 0.217746445447109 0.224521337547048 0.271632336431681 0.265478381582567 0.205650351868868
0.20334231783667 0.116049144920316 0.144490827564093 0.16292679486689 0.119892330008282 0.0767467162632622 0.273269129549656 0.190127665467245 0 0.152053490956052 0.116679970280695 0.0468956687448267 0.217227829588543 0.141454813743447 0.171841030061658 0.119112182500053 0.0616750918096635 0.0634301668997436 0.113303071261444 0.114022177289709 0.064969138839401 -0.00157183367307856 0.198973020400775 0.153343194978104 0.106560158716862 0.0783633427659879 0.108905792810757 0.0775875664634932 0.149204914726106 0.13606588223903 0.16185996689231 0.157970631458442 0.202246878706402 0.115861910481732 0.111120498447889 0.0545344965252101 0.103560842070851 0.043778966384225 0.0993977018971098 0.0942951372253033 0.186816195178603 0.17111352777749 0.193033007594539 0.179603829196701 0.130365452533355 0.162950347167101 0.204310857453259 0.212980471830421 0.145510955086862 0.105910444626768 0.17799640851822 0.119648633820575 0.215114095490277 0.196610641297373 0.209173343528802 0.179075350120622 0.105583458453432 0.0938691593036705 0.28484703901285 0.205357484387947 0.214314910732521 0.171924254667782 0.192055917504986 0.235409502063663 0.167438880657376 0.175171629011052 0.121372155317166 0.0595511658827394 0.0375110395579755 0.0270964146404887 0.162051287140958 0.131386336118566 0.0709358343090475 0.112017062792181 0.11271957198377 0.0781730930604987 0.15722069456954 0.146427378695034 0.195557543176165 0.155494602485039 0.13498412054229 0.167541601673261 0.260860534409863 0.255238100061879 0.159357523958813 0.137495547783881 0.175751482728338 0.193942225624934 0.156365358917388
0.11724052049356 0.100515632958024 0.0499938828033908 0.109946164536473 0.0531425095634685 0.0988954975709806 0.144804815293762 0.147787250480149 0.152053490956052 0 0.0492694677386001 0.0860512929007945 0.133987877673218 0.115441241574829 0.0992656689110834 0.142635326813723 0.0660113514153272 0.103003042906311 0.094983004320798 0.0854578207520011 0.0464170394055678 0.0176695669139665 0.0982444090453814 0.0913708252728002 0.048685345727465 0.0186063324142634 0.112819950590114 0.0933439190436266 0.0994450429000566 0.148584672468635 0.149134866517965 0.109377386191177 0.109441563088559 0.0765867835148652 0.0755440191856213 0.0623921245196808 0.0658846685163854 0.041938160611918 0.0629462641726143 0.0578653462312079 0.129082028186248 0.157755252003963 0.148427969537286 0.141913956187066 0.108559025969087 0.129862744784632 0.151171182518505 0.154595384887933 0.121157630156922 0.116181347137538 0.113129493799665 0.0963810723293329 0.132438863288336 0.109764565014344 0.127460583302104 0.177530646231678 0.0895212540404413 0.0936657030260566 0.145738701497235 0.192769787317532 0.142794098523298 0.112733745156115 0.136267494337463 0.159773233987512 0.114754935133533 0.0962341987866072 0.0989324432898851 0.0872415149455999 0.0432566379574246 0.0425307976327884 0.103936494394454 0.0610432057330674 0.0829688965472233 0.112573152278547 0.0839303876614991 0.0786545468923604 0.126111390026238 0.1049138922741 0.102552370340845 0.131696184835005 0.073282820853247 0.125701686293997 0.165682713457045 0.109633489251522 0.0884395405451432 0.10528719129347 0.116168320997019 0.104548616287004 0.106829972202551
0.239103241082775 0.242195963318749 0.100466969172052 0.138750317088389 0.0741853510686413 0.0826467785598951 0.160497592304172 0.147130849420822 0.116679970280695 0.0492694677386001 0 0.286891685081596 0.291897414320761 0.26930921952381 0.169462856270343 0.133961527355334 0.262369804937688 0.268888087509051 0.253885996811342 0.283626277049542 0.0531024090562507 0.0396084365803958 0.172440368307879 0.163423034239322 0.0603309481386656 0.0352955223960679 0.286848531099935 0.275027106055735 0.194930120475183 0.196168538026396 0.233253184755618 0.235951697788168 0.0462825489175614 0.0105232548086367 0.082809656435162 0.0396586402070079 0.0578969984845576 0.0459073721270786 0.0727876184770424 0.108993058132406 0.121396123602051 0.106190129545742 0.102306666950126 0.122905178677677 0.126038437685197 0.133955046415834 0.0668743036623111 0.066424167204324 0.083375820010575 0.0989010727713734 0.214300979913152 0.186290349200073 0.0725742644891258 0.0492223916323694 0.195942461123609 0.181808954891896 0.313772561014497 0.257685481567877 0.0785702339410516 0.0640509648701598 0.0756035126380714 0.110968688526677 0.2176607318699 0.240981431071563 0.174030755596877 0.176219716576471 0.200396813919552 0.185683127918114 0.0930868475290397 0.0796398634069567 0.170035602968755 0.0804444383559729 0.244550036539304 0.239952128374454 0.255654832585907 0.190698066225838 0.129093799482672 0.0839382606705468 0.161420715715108 0.126062866328762 0.0523521941203064 0.0502529190635661 0.113119506885275 0.0938560462703308 0.0708542537139028 0.0873883446298974 0.0770710625559164 0.0926224192850321 0.0649507839477893
0.232271231611268 0.28249228311296 0.0858687949826886 0.134955423163109 0.0457126676636046 0.0903557294416304 0.0873255307826233 0.169911693296725 0.0468956687448267 0.0860512929007945 0.286891685081596 0 0.190910286986102 0.300520694616763 0.107886204210651 0.21420514553173 0.239234019263057 0.306843915311783 0.234869671663018 0.285411172926929 0.0120031809110308 0.0152001863888205 0.113598515336529 0.132051656910991 0.0910485784745946 0.0303706502155655 0.242461198022181 0.31774101560261 0.133220203134912 0.199474876670196 0.173871711661448 0.236653172737783 -0.00461845157034468 0.0144594360297555 0.0998138259902943 0.0685950202170586 0.0351749024247073 0.0528424204869366 0.0802115908298565 0.144003517007916 0.139500973530069 0.122656567889156 0.108861087490097 0.161217941348294 0.175834852411163 0.153779364910456 0.116653589890946 0.10701366507591 0.109192327850026 0.123682429729234 0.207802263489715 0.247454546041392 0.0748120051735903 0.0811783892757765 0.15609295787601 0.189801301717344 0.235723802811358 0.262817422720714 -0.0196734568178222 0.0979612408552724 0.0571146086161743 0.124045351732637 0.220545894956512 0.223577005746493 0.11357620038624 0.115399077702823 0.191723482030922 0.237542074268759 0.158425301287253 0.121583763066348 0.111000732752052 -0.0183940994682301 0.198409575897477 0.222536028668056 0.255360925224455 0.187097372645472 0.0663047304165927 0.0802526243975375 0.0743828368952517 0.140626626364076 0.00881284287324518 0.0625421259706558 0.040986996181178 -0.0168468996018886 0.0281517109072539 0.0497600500894827 0.0419285995274162 0.00667539746165059 0.00752214624970372
0.353485498212624 0.30437791761637 0.238614379442714 0.246618624340984 0.153874150932156 0.146095203784197 0.310178533296587 0.247212705633058 0.217227829588543 0.133987877673218 0.291897414320761 0.190910286986102 0 0.328248921126481 0.24536518442622 0.216941605535979 0.266688642070635 0.321913360946496 0.346497140508822 0.318405754028508 0.100008561469396 0.0375232304738732 0.331937982276707 0.292993991219788 0.115480590976698 0.082791974201609 0.302241590661522 0.275151372420074 0.293125941079844 0.295808172720477 0.369892506521735 0.308347751439666 0.282335006001805 0.197064402428705 0.158883269533579 0.106548681730145 0.156134421206769 0.0939070250469916 0.132630449605492 0.169766221864818 0.31216201418811 0.296585540465329 0.31123542357001 0.306030469249485 0.284467118148324 0.293921976590751 0.250680370556729 0.246371514098699 0.230000273397007 0.216810816187388 0.333798120655608 0.277382118302436 0.2167587075882 0.194598635162486 0.269937381314652 0.211487605573034 0.300023549673803 0.272040685652658 0.31926476911423 0.2452930584519 0.275056780019266 0.279871004389354 0.345218008007872 0.405071564331164 0.246679591114689 0.274391499614462 0.225069104799149 0.174957119501945 0.187902507193023 0.100470608767938 0.239562291998422 0.168337170233053 0.281771087745411 0.335131865533455 0.33658473053418 0.274398888522136 0.254516913004004 0.220336021066999 0.316936412323317 0.286904821137862 0.134736369584215 0.173889858575125 0.280249617085102 0.245647183881801 0.164788339275078 0.167630047847517 0.211379819208567 0.234604660482038 0.177922458047184
0.319571726479482 0.332719230307397 0.182731869439859 0.252475209356184 0.11215153818668 0.153802355986868 0.208577565527317 0.22912545788393 0.141454813743447 0.115441241574829 0.26930921952381 0.300520694616763 0.328248921126481 0 0.184688069616729 0.265867163678397 0.26179337534167 0.338674753338849 0.291945991215054 0.331932773093621 0.0728528348145008 -0.000977608499394797 0.262894037902848 0.29364486697754 0.10981938918648 0.0919076879324258 0.28205035782509 0.324208562914944 0.23838075923227 0.330740980152945 0.312146255870828 0.307652810085122 0.206968975381569 0.184862707537969 0.170617766144462 0.105051848021568 0.119975722036429 0.0811779632879648 0.150439796550968 0.183264298301406 0.248604211473497 0.250554871473116 0.230135561707553 0.251170398615271 0.259488007014905 0.279112637180259 0.19368294321749 0.182290889109695 0.191396473762137 0.20988258424967 0.298021677384043 0.298621397982767 0.131311292473415 0.131630470405355 0.170746966217342 0.200077595199521 0.28635766889743 0.288198473755348 0.238776729371087 0.289210273998602 0.211349242237129 0.24709412805826 0.362917461529477 0.379553172631359 0.190597929862482 0.219405469758077 0.244578556221477 0.235800729580705 0.196962220385274 0.147215542607187 0.188540295531196 0.128989169646458 0.259442892591034 0.342826827322202 0.323099378486971 0.300506116336918 0.196072708035429 0.206057879146938 0.282975155145902 0.314268096456252 0.0689765649190208 0.14357903411119 0.207429727519787 0.140154753261533 0.0984058276630814 0.117578102565447 0.136502636107995 0.143455729438857 0.120888474115764
0.191586375284519 0.149316177767623 0.158944665836093 0.122785039388571 0.102422356480277 0.0757269221133019 0.186525770229341 0.146887944784523 0.171841030061658 0.0992656689110834 0.169462856270343 0.107886204210651 0.24536518442622 0.184688069616729 0 0.163857018710482 0.146136526206681 0.14712018950749 0.17191897571412 0.143174491629507 0.0373431302551788 0.0280464313180945 0.208031742074933 0.154239995004571 0.0950554849811616 0.0736002457543735 0.177381872205855 0.136184250356802 0.171919317974418 0.186699426651258 0.192116366996492 0.140009181695928 0.197624343729359 0.0903038112176607 0.0907221095042124 0.0535312892818823 0.0870767146384029 0.0559872391738238 0.116102989473771 0.104186013421306 0.177174911580898 0.17636756225703 0.168088190985542 0.174294543143237 0.177496756280292 0.168947362094468 0.151585585468059 0.145328143870927 0.125955247730051 0.123136095131316 0.182006123124903 0.135254274361255 0.127092366755044 0.111621270602206 0.166312825027197 0.115636566357069 0.14465674890379 0.112499176488014 0.207282178482125 0.137822760477712 0.157573465666381 0.148148251891621 0.208820396926983 0.228740145267482 0.155454481970995 0.128957074326507 0.0995859571645595 0.0854565824592555 0.0869865840843463 0.0778109091381369 0.139596687887115 0.0814440593406748 0.156186491749145 0.175926678375549 0.195274566783961 0.14081488470077 0.158860070322296 0.14122349175317 0.170413610524039 0.145440744819173 0.0830861456895655 0.0907327114871812 0.157103465224807 0.155936033706012 0.0846649704073998 0.0869629905946511 0.130196204643677 0.13537841118138 0.106956313901197
0.200969714312345 0.180187057251849 0.123723282410727 0.18817156076202 0.065912667376068 0.110299275049643 0.179209204633592 0.204516105651587 0.119112182500053 0.142635326813723 0.133961527355334 0.21420514553173 0.216941605535979 0.265867163678397 0.163857018710482 0 0.140639200558716 0.192032966065191 0.165997886219203 0.166563269021642 0.00828446899386937 0.0396789608815838 0.179578857246828 0.176520913585229 0.0869115965392279 0.0704991254702393 0.167469419128244 0.193461359482579 0.168938535141524 0.208492245781797 0.190579157369235 0.17469232146309 0.184236683166619 0.131984029531958 0.12011783944309 0.083208536028968 0.0772271848093707 0.0756055067862912 0.102828264624657 0.14112478747305 0.201372587731817 0.196842877061425 0.200002983215039 0.213531133172839 0.204363356176851 0.223989257079681 0.178175173515953 0.182484681621471 0.159191644609434 0.156039576879091 0.195437239376864 0.179519577066557 0.172172207722539 0.167014455306892 0.185344451420774 0.204413500099207 0.176158346060957 0.191124854991686 0.184106945042919 0.236979439127361 0.17830406380245 0.188706139347101 0.222849345524202 0.248765796470294 0.132680480207405 0.140159307647828 0.151373892426361 0.130096796142225 0.0940706077711858 0.0846907540349001 0.156053400607072 0.103578250883106 0.138595330158782 0.206618462755335 0.19225987119726 0.152494004965677 0.126480124737317 0.16452339385504 0.165537408435887 0.20509856329068 0.0814992236311399 0.149725931149727 0.172224085450923 0.133729011778898 0.102024877210466 0.104612260685166 0.164530813259219 0.119369335565005 0.110776657219971
0.353370755066172 0.440382133988512 0.170176364001835 0.235391202808041 0.0690917177829454 0.107174227670558 0.202343931777342 0.212228287646703 0.0616750918096635 0.0660113514153272 0.262369804937688 0.239234019263057 0.266688642070635 0.26179337534167 0.146136526206681 0.140639200558716 0 0.545471710234506 0.38118063263434 0.456005855766915 0.153668845271819 0.0079439610643385 0.246200131548725 0.209953865241505 0.0727783513788906 0.0220295635297489 0.43004773553022 0.407330209699799 0.38505161853188 0.350896478719769 0.473052390465983 0.425957930322049 0.190049319113188 0.19114369399617 0.137668715039383 0.115770545847034 0.154786492264378 0.0932382408655731 0.129409026824601 0.166134326617938 0.380804966216989 0.371702931636449 0.372799537312745 0.383345011696917 0.32185096229609 0.357881980554027 0.218128477941513 0.183109188598519 0.193591299887307 0.19902857721282 0.438867367812764 0.400635731285531 0.152884305247361 0.141796718015198 0.175887956057205 0.169870521504579 0.483246537544808 0.419688873917273 0.119598233738634 0.152630490028215 0.258097400513673 0.314323901346545 0.479560265531421 0.534801612816504 0.252318830546316 0.27470312828362 0.326172083971372 0.328549907069042 0.247862815511996 0.202455469167328 0.274851299172885 0.173219480189437 0.479078075356247 0.553643888008653 0.495385175234039 0.358128379193371 0.261175387991262 0.193212087910734 0.243903299950733 0.233721833610239 0.039015564701323 0.09967765171241 0.179885827340451 0.130182747036123 0.145815595515834 0.172903251417011 0.203781623664873 0.187763307824109 0.153470567907372
0.410979335828088 0.521938247065953 0.216564106469349 0.303932925097297 0.079926906977041 0.12706609101409 0.24577877836285 0.249100512629026 0.0634301668997436 0.103003042906311 0.268888087509051 0.306843915311783 0.321913360946496 0.338674753338849 0.14712018950749 0.192032966065191 0.545471710234506 0 0.461574947833985 0.51585948753051 0.136983788229948 0.0400888153789436 0.295412128321337 0.255502821994059 0.109877577296571 0.0230821363816895 0.451958284397265 0.498719195251664 0.394782403490983 0.40386762718051 0.527411556181868 0.509137065819681 0.240522014951812 0.256479322158121 0.178288478225373 0.140826895494376 0.200912134650673 0.0957412777632514 0.133223988571946 0.200481316950582 0.412412182187266 0.392640297229173 0.39073606481419 0.425358114061846 0.381299770028164 0.407467095151458 0.259370605563593 0.233542904313558 0.218083419524684 0.247612305392115 0.480610493102695 0.486904164392438 0.190654229172125 0.179815702000873 0.234685788758475 0.199228882255402 0.530202883156645 0.509199665155743 0.16461084885462 0.2199900195073 0.290231591555615 0.370035230159506 0.555483441425922 0.582110599583429 0.275790194628161 0.307735448900975 0.361041024044183 0.377368959023635 0.286484560572768 0.201571018504429 0.277131868902342 0.201206024087114 0.49504122873294 0.583138605548407 0.538243265808592 0.412441825927811 0.266560120546063 0.243124162494037 0.282619048688882 0.268747250021166 0.051621738316011 0.129722861155459 0.203551353720536 0.136023745313862 0.157379985993881 0.179609579482682 0.205177777227824 0.179375078114007 0.149063963483323
0.407896777964742 0.403776873655521 0.241994172343417 0.276270108881686 0.0791275772189871 0.125766733113501 0.264795741144117 0.248307853524837 0.113303071261444 0.094983004320798 0.253885996811342 0.234869671663018 0.346497140508822 0.291945991215054 0.17191897571412 0.165997886219203 0.38118063263434 0.461574947833985 0 0.420735728929563 0.0953199546354814 0.0334212759006859 0.265489904983769 0.26704504875225 0.0941514608410968 0.0515088161915588 0.360857444460097 0.360221716295121 0.319084356812303 0.315495337385429 0.438375804840374 0.375369626046903 0.22732757416932 0.220075511028449 0.151237411044216 0.128108329574576 0.166953181853838 0.0984885945043134 0.110617157857992 0.152866244507393 0.385043523379219 0.357819426503377 0.373051133465117 0.391270341905475 0.353119330480359 0.375397241203281 0.297309424664993 0.262030608323251 0.208303906459974 0.233600559405447 0.415249045320483 0.370247673294128 0.235551215764892 0.230621118447792 0.234847295816887 0.203418513733027 0.401033749579546 0.367754919361164 0.210700114785551 0.217445721273799 0.299771880759428 0.339924915069246 0.433113806496085 0.464890089943283 0.29760392747217 0.262949763516762 0.292326544569569 0.259469055827789 0.294152637223556 0.13285536227459 0.234162009869882 0.173079954170539 0.355901572422678 0.402747202827155 0.407795105484697 0.320364929763922 0.232744810935045 0.207436717370331 0.295120904363443 0.279240505391382 0.0850850073936095 0.130359033052906 0.228990238356765 0.203073881213867 0.149538493845987 0.176738460512118 0.200253331656696 0.206379794034591 0.157805041620246
0.39974644000872 0.482735133688187 0.218711757583274 0.316828953119878 0.0956172566869717 0.107977925603055 0.216911577195258 0.274794488753994 0.114022177289709 0.0854578207520011 0.283626277049542 0.285411172926929 0.318405754028508 0.331932773093621 0.143174491629507 0.166563269021642 0.456005855766915 0.51585948753051 0.420735728929563 0 0.146857624282162 -0.00704699589419159 0.292283221975398 0.291483316092996 0.0918529256490358 0.0569339271336003 0.411404648250449 0.419394290245822 0.377227355807822 0.376162907223827 0.481976615460482 0.463171208306778 0.197454256284539 0.206559338955419 0.1694155933858 0.126386590653172 0.170438012317896 0.0781618180674102 0.16845048895012 0.202006989408243 0.372613135634026 0.379405477853076 0.402053003038523 0.431176531478461 0.363067821022156 0.377936625786667 0.281889218219071 0.229197158105859 0.210052689725952 0.220537526746641 0.445637139121214 0.452300097412528 0.222401777450554 0.217445271120518 0.217090427945835 0.199572083147243 0.474577786495639 0.449572321786101 0.160992652904488 0.195416395639124 0.293973948422676 0.332884227613834 0.53624532939797 0.53240270777196 0.263483341789062 0.30969004791086 0.3539153093385 0.323298844318922 0.255563939473315 0.180891710178974 0.261200520189901 0.188466077897089 0.439278136988331 0.51721688413488 0.455724842650481 0.361077684940031 0.239456695604061 0.23835426764088 0.268502327949779 0.271347934024908 0.0680778642961351 0.104626659149716 0.211721794118661 0.159992720460915 0.177061289383377 0.160105734564116 0.21807863360269 0.20755066482023 0.166209312034891
0.0944762912267387 0.113877445526562 0.0570102141725489 0.0889606535129711 0.0671293803555297 0.0462073812898744 0.0853306991599735 0.0560781165991784 0.064969138839401 0.0464170394055678 0.0531024090562507 0.0120031809110308 0.100008561469396 0.0728528348145008 0.0373431302551788 0.00828446899386937 0.153668845271819 0.136983788229948 0.0953199546354814 0.146857624282162 0 0.00705552187272125 0.133060219083031 0.102012431788217 0.0208869640138146 0.0214217171890033 0.17674847057237 0.13155356367646 0.17011697226365 0.150830237067708 0.164529161327954 0.14104811906259 0.11262026790814 0.0635834383670244 0.0560492637657268 0.0301305067935754 0.086644506912878 -0.0172329202281145 0.0232966939521189 0.0223275443411617 0.100603570653133 0.0930845293065542 0.127760416827381 0.116508429740176 0.0516548990809058 0.0863301312177481 0.0694429726866452 0.0607077656360144 0.0467560698743489 0.0255789035555384 0.11494954719717 0.0954634923981431 0.0365390705202766 0.0178924081903804 0.0203121455240687 0.0334883666849743 0.135645492113356 0.100402002789994 0.124991240036794 0.0758041683645737 0.0901044319377322 0.0742383553667158 0.175121183020212 0.148941598116872 0.183422958294741 0.185183171300903 0.153093519753521 0.123945712642835 0.0547492775981455 0.0839399041259779 0.0969895531800698 0.106543543613195 0.153920557533807 0.181228677366243 0.133537689079574 0.120767344398582 0.169116361096435 0.0864445045412299 0.123876816728914 0.0918273140538902 0.0383347274459526 0.0459734648982142 0.107098119042502 0.0951137768400905 0.0639345491915654 0.0674361384669661 0.0896529662404757 0.102097713929331 0.070569895968306
0.0204974662854819 0.00258661336454071 0.0263920343859289 -0.00644623107504514 0.00982510773779532 0.040794498290482 0.0255379918865786 0.00658600274575101 -0.00157183367307856 0.0176695669139665 0.0396084365803958 0.0152001863888205 0.0375232304738732 -0.000977608499394797 0.0280464313180945 0.0396789608815838 0.0079439610643385 0.0400888153789436 0.0334212759006859 -0.00704699589419159 0.00705552187272125 0 0.0239204640339672 0.0148519905184496 0.0312671735357346 0.0138722990876086 0.0231277789057466 0.00489690066614192 0.0430171260631798 0.0179231767283271 0.0194402733275959 -0.000629912972438294 0.0458656743737107 0.0307218044377837 -0.00434155698354323 -0.0202906372176231 -0.00249415579715615 0.0329180338131602 0.00137674885906127 0.00739062911062229 0.0129302823776119 -0.0182562480672134 0.0164196032930467 0.0103602794251822 0.0234618875900883 0.0151076042174896 0.019350720691371 0.029569473492017 0.00706190645345381 0.0329964210647525 0.00980804964474562 -0.0117778412749947 0.0220814704427235 0.00680967216290041 0.0260857074678839 0.0105962631492744 0.0178692740422535 0.0282335789623804 0.0158763185546985 0.0146893267300484 0.0150595164257862 0.00559323867690316 0.0027050375821133 0.0222384105849578 0.0359974502452131 -0.00752047001874348 0.0195987497883125 0.0190040668074044 -0.00209744043694878 0.0106168278795886 0.0355988516716663 -0.0184839513992659 0.0163584211449403 0.00390144004460535 0.0423887415597554 0.00910445793409643 -0.00904592244476738 0.0488224537159028 0.0314927108252942 0.0231034114711622 0.0125366455028453 0.0263166598713737 0.0301237252680993 0.024513767565779 0.0264640880698426 0.0254979909618413 0.0140064080005378 0.00362260036602946 0.0174255534453347
0.289872928914638 0.299147613988069 0.251115705233207 0.282256050116552 0.149788365535214 0.121935759034636 0.311284035881122 0.213296688586984 0.198973020400775 0.0982444090453814 0.172440368307879 0.113598515336529 0.331937982276707 0.262894037902848 0.208031742074933 0.179578857246828 0.246200131548725 0.295412128321337 0.265489904983769 0.292283221975398 0.133060219083031 0.0239204640339672 0 0.316680399062762 0.0971696053221476 0.121057678916253 0.276790246553015 0.262546975653375 0.327945140640269 0.329502418570704 0.346234272249444 0.303433968671748 0.347585731300329 0.243631518949076 0.15850031062481 0.114591552821592 0.125713128184044 0.0642747836389904 0.143369112654073 0.184009426874204 0.291072997360913 0.289165357646687 0.327653632594751 0.290700340500379 0.223632091742768 0.283853048564152 0.245605699467515 0.220064479071116 0.1847660048017 0.160027678839059 0.324971703609943 0.276702117961441 0.197520081893776 0.181307185319624 0.223147306331995 0.173864145770382 0.27381437185412 0.220575506177705 0.365236948411581 0.264650699675459 0.299970271639237 0.247747952812511 0.33706040910849 0.370420479993579 0.268506306018605 0.280314821236904 0.219125739196181 0.190468978602149 0.169995497545587 0.11840372772243 0.250355861119191 0.17791666102686 0.217974314437069 0.29805914323586 0.282435478153702 0.216186860989548 0.213790570557961 0.203610244168399 0.287054177942867 0.233912001208964 0.11078120244011 0.16236022183517 0.280536906683148 0.270996576119649 0.18043630117461 0.15651043702432 0.210135306803599 0.233647894335882 0.18267138987634
0.286037988267886 0.279000461259189 0.205768470645266 0.294392284061641 0.140802997391022 0.128148362075766 0.253391562504435 0.238656849363787 0.153343194978104 0.0913708252728002 0.163423034239322 0.132051656910991 0.292993991219788 0.29364486697754 0.154239995004571 0.176520913585229 0.209953865241505 0.255502821994059 0.26704504875225 0.291483316092996 0.102012431788217 0.0148519905184496 0.316680399062762 0 0.0839856589268138 0.118309466015974 0.25033045984147 0.226801236292349 0.300962964403356 0.325351479340079 0.306026547929962 0.291869657395544 0.280223098382767 0.232982136892999 0.172785183427957 0.121252898637391 0.121249663518268 0.0738470859119849 0.157907688509737 0.199285251184834 0.269311532575772 0.258093092297465 0.281245767858238 0.285043662058254 0.239729375201637 0.283359763858561 0.247192036098314 0.20388945142352 0.170947177656071 0.173823253432538 0.285671099514759 0.286080739829663 0.179074164777975 0.18037892414211 0.172641755918177 0.167004593167267 0.244048607951703 0.225878269956301 0.331001149584774 0.286491410827086 0.277763628274183 0.25799540415239 0.339866347664488 0.354045371780192 0.220609242937791 0.294608896046889 0.205270421482646 0.162948002442615 0.164343471777098 0.124475310119054 0.224284980477669 0.168319015471295 0.214251418735505 0.287302308885968 0.279785794868941 0.236884253751651 0.20859600492245 0.213810630543728 0.28732333421693 0.282060146877536 0.115084252101215 0.149785183846992 0.26762600351847 0.214335166608111 0.158578907090285 0.144479014673217 0.209256496914662 0.236250131607718 0.172519005099912
0.128560859375378 0.109669648644949 0.104771201124586 0.0870952942256449 0.0494698617566838 0.0605884789889048 0.11929690819754 0.10400286662862 0.106560158716862 0.048685345727465 0.0603309481386656 0.0910485784745946 0.115480590976698 0.10981938918648 0.0950554849811616 0.0869115965392279 0.0727783513788906 0.109877577296571 0.0941514608410968 0.0918529256490358 0.0208869640138146 0.0312671735357346 0.0971696053221476 0.0839856589268138 0 0.0792415871775943 0.087834848689086 0.0906689038581077 0.0913981757792761 0.127064820796685 0.112218629099401 0.0902301794295243 0.152321865994613 0.0959533462261209 0.0719515031201092 0.0625757376352521 0.0563201101737792 0.068141518187835 0.0497197454399777 0.0941591593308465 0.13183649300966 0.120705754028294 0.14039916788302 0.125694199235062 0.113575090554681 0.128264942673458 0.14277282244347 0.12146420192676 0.0916784842628189 0.0838744967221443 0.127260833438911 0.109106888038244 0.0943277288835173 0.114601692038116 0.0955425088453912 0.083554524048166 0.0885846762684578 0.0889521768038591 0.102517655344881 0.118752122812632 0.122892347910004 0.111935265449618 0.115858518910833 0.14080536960997 0.0771044633301587 0.0717460794016499 0.0566967373067068 0.0525395547808895 0.0879831877085318 0.0426254654652607 0.0706531182595953 0.0439495185747874 0.061087594370866 0.0822523403522224 0.120619733404923 0.0639227188192787 0.0548387897861841 0.0908787847995198 0.117772662880322 0.107028393955692 0.0526697703752099 0.0768286173224653 0.104668318510702 0.0874663827702152 0.0456706074287273 0.0432522953637782 0.0567988855517955 0.054152295360283 0.060098195851051
