0 0.179368564840538 0.0168762832759906 0.0230406414276854 0.0118142352870875 0.0236036873034112 0.080747984763029 0.036672901161961 0.00499888160854704 -0.0335158933467634 0.174279603294483 0.0957604278711538 0.0940063493932729 0.0302748135047758 0.00935193628796748 -0.0256276777429988 0.117900600921906 0.168037486459442 0.114487350901972 0.104368732286485 0.00512899005761683 0.0542101105476245 0.00219997263615559 -0.0569344554199661 -0.0212178412530742 -0.00348682875558249 0.10275998587571 0.0735726362951011 0.0174881095801431 -0.0277875894650354 0.0771700758783647 0.030410238380046 -0.0635175191444142 -0.0682161340050524 0.0256489695029279 0.0293462570889985 0.0226576418289194 0.0217044009461266 0.0195525728410898 0.0489971406598164 0.124734771486635 0.129063591311438 0.130806681817067 0.143562535305726 0.132414426076636 0.106100475658729 0.093933511594694 0.115690214393255 0.0761994415306194 0.0538968839519022 0.213981175757397 0.183619839861132 0.207499171551592 0.180405993859069 0.0658555389484202 0.0168265298950746 0.130844785171516 0.0988331588419503 -0.0509723854215864 -0.0515293779724222 0.0298586795589004 0.00477057961684704 0.0621663456377108 0.109228096463239 0.0849421964318216 0.0227312947597512 0.0646944931300106 0.122470918179366 0.0535870846122568 -0.0125392120485455 0.0885820646344852 0.0261861216904112 0.0852550639516228 0.0620546853172221 0.121909208676901 0.0775948298983349 0.00525834346839327 -0.037186147249235 0.0416234951158125 0.0373321932805558 0.0168149806912216 0.0214874106891869 0.0426698924448755 0.0621822122155387 0.0818823998540331 0.0941471282685674 0.080948255300168 0.117407315430703 0.0378318912799238
0.179368564840538 0 0.0316359544347873 0.0377757731601891 0.0381776537419632 0.024751563653069 0.0666246846545728 0.0425569013780652 0.0214340024346256 0.0110875185146553 0.134888799075739 0.123572248477775 0.0579265028309201 0.0394637274295539 -0.0032204981241753 0.0160824973730761 0.0985343976559742 0.155462765311772 0.0880114758337951 0.101344532787336 0.00199738448103128 0.0313308921398362 0.00617065507886235 -0.0125639977869785 0.0176651778141459 0.0052723792874346 0.0641024544227695 0.0353624476160189 0.00976126895834148 -0.0151403209935326 0.0727573844176585 0.0758580782288711 -0.04883370101097 -0.0461604720805445 0.0614822757021887 0.0437301785271667 0.0404142013887658 0.0592778909273074 -0.00704721481481848 0.0382470470412665 0.120995491454199 0.157341561642432 0.13079973801399 0.143993922986858 0.142315049159988 0.121348466045612 0.109323221047874 0.128874758361724 0.0791625797945522 0.0659904217392436 0.208252803801406 0.214317268957989 0.164821565452268 0.189157955095308 0.0628793760409764 0.0631092167002816 0.0862953503854461 0.0425831777609933 0.00698790383597361 -0.0164638191396901 0.0287729520579413 0.0350607308409168 0.120249770671952 0.157491029496517 0.0704966216997793 0.0456535143856797 0.0541887060460111 0.0825342278389144 -0.00150679613984004 0.00240354046185683 0.0416595800955511 0.00563545767292979 0.060106741047869 0.0833207515236068 0.106288932840706 0.0906478721784092 0.0161597178045387 -0.00234054515478694 0.0160805093654258 0.0536374092156275 0.00725692589084957 0.0446567136108016 0.0440482321934611 0.0641900343932973 0.116882291620091 0.120840088718249 0.0829223506952062 0.10669584072926 0.0690254388609834
0.0168762832759906 0.0316359544347873 0 0.153339587199677 0.102051992631217 0.0604046458558849 0.110333641501747 0.132016511566741 0.0893215127823012 0.103614574512557 0.00251260581501669 0.0387974801054383 0.103920565476029 0.0786295737109004 0.165574360487611 0.12103074102831 0.0231481490670151 0.0590416798641381 0.0740714203603958 0.0383232311809963 0.0930246736425667 0.0472737777684444 0.195420244973187 0.123943643604024 0.157162636693152 0.119454074769977 0.0596997594925544 0.0482508295876545 0.130618331738195 0.198872513344558 0.132676903910745 0.105041406460966 0.221281013823478 0.142417239838032 0.0863638192754874 0.0589959151668061 0.0677505762627665 0.0362723700964056 0.0032775256754878 -0.0138225412605429 0.160552813255507 0.141868276751652 0.111333204329011 0.0498157468018966 0.0821760917844867 0.0853885446698527 0.0688316329226884 0.0765785808996951 0.0567973412055267 0.0765313305301823 0.0379645945357632 0.0613750560859017 0.0782545918700783 0.0849748517455331 0.143575331607823 0.114667979521376 0.0612585560046742 0.058697892705383 0.262387628935064 0.212933154106411 0.196118603998278 0.167765699395896 0.0890962745080344 0.0489597027252173 0.141989775766519 0.133335678540527 0.0802325349442691 0.0839131682500067 0.00660318803368641 0.0368948846879821 0.11068946729322 0.129429379148063 0.0683091735066957 0.073212584596073 0.0963092728058559 0.055708117946001 0.0615826333698763 0.0579616965504021 0.122083966353194 0.0894259898167065 0.0848129625072229 0.0589221643885536 0.153534704351891 0.176284471932111 0.105497861109904 0.11962779874249 0.113889188386423 0.0937409871418218 0.144497507048476
0.0230406414276854 0.0377757731601891 0.153339587199677 0 0.0933233845107497 0.0729453256468728 0.0908846929634598 0.135458189832286 0.0641337769508488 0.123125214749795 -0.00603083561196841 0.0374868121999613 0.00283727632906906 0.0655301816770812 0.121829249745992 0.104704889586445 0.0605877571522828 0.0401201043222598 0.0642154111729189 0.0471433336605049 0.0943910878230789 0.0183608153641753 0.171282481725533 0.168805671909026 0.109740642695571 0.115595810681075 0.0766461161982382 0.0692750360317176 0.148397187813918 0.221575426352537 0.130464733298465 0.127600925023478 0.183829299183261 0.127539825777911 0.095067007725968 0.0792789125550974 0.0734736129889103 0.0394931999579281 -0.0325141193342695 -0.0228193477185723 0.136618278257575 0.13145502998914 0.0994764051567074 0.0399732519253191 0.0836758934438787 0.0880469879774462 0.0639384642657253 0.0775067601313663 0.0475380451704391 0.065401294383476 0.0471553378714312 0.0578220749093692 0.0763431697494542 0.104897981383824 0.127243795766358 0.16976186269424 0.0696058737363476 0.0818956039840273 0.215991236114177 0.223346475324632 0.165477021296402 0.207335262431133 0.0637521980980427 0.0596402204740282 0.117558961143705 0.139143210409753 0.0908286143600236 0.0940367721135848 0.00687955483628953 0.0279888896519223 0.0991746994087171 0.120870207643849 0.0781502618365829 0.0736496297340467 0.105052174110651 0.0704213388312944 0.0668606666586537 0.0656145394225246 0.0944615803816035 0.0976066743341402 0.0463337095185214 0.0687223090597788 0.157061988481112 0.141266501466624 0.107934806365824 0.124328262225039 0.118812238968497 0.0898700280816416 0.144018420699108
0.0118142352870875 0.0381776537419632 0.102051992631217 0.0933233845107497 0 0.0987051515258489 0.0852324330060697 0.10083464246594 0.114741518997143 0.152165225612053 0.0329072369736822 0.0509345772183657 0.072825463235611 0.0774095983200645 0.128326645114395 0.146888754942603 0.0346927414724587 0.0579933918058309 0.0581403145361586 0.0541900940344787 0.0769317639992817 0.0144200350904783 0.170458186660111 0.139359458476447 0.127958633466838 0.0983198566957135 0.0710403878359299 0.0547780734525137 0.117517631063679 0.145593667916781 0.0890153795651235 0.0905637711971607 0.150196197294479 0.0612812447255839 0.067528047264303 0.0564132492817715 0.0363488969805876 0.0338688165485732 -0.00542671999531804 -0.0199972986772261 0.100450114344276 0.0992121404780717 0.0684075396735139 0.01994441700904 0.058942286383328 0.0766569767777168 0.0448315594916092 0.0369942290569073 0.0431448193641466 0.0489703328034168 0.0613786937930164 0.0617946161688831 0.0488230268580712 0.0699961855949039 0.11790540182924 0.124455542404687 0.0549910133498314 0.0493879261063097 0.12411928222958 0.109598221651524 0.112893776075304 0.0875966213274686 0.0814028114986015 0.0580095975744516 0.0986571900929606 0.0879119533076861 0.0478532041451219 0.0676988487532188 -0.025645441504764 0.0467711440120927 0.0665178974834538 0.0966262359993379 0.0581713458686533 0.0864217594455283 0.0855065841999145 0.0785574343950032 0.0779901267316404 0.0644341888423848 0.0839896169572489 0.0797672593589687 0.061231125899393 0.0774159622492952 0.126041973560541 0.14527832087406 0.0987216739055582 0.105447578998583 0.0891269343738727 0.0757628437384338 0.122293914581871
0.0236036873034112 0.024751563653069 0.0604046458558849 0.0729453256468728 0.0987051515258489 0 0.056776685352712 0.0783172041934886 0.0345287741653069 0.128721777326572 0.0414524735827506 0.050194843124585 0.0457976320320047 0.0825340595408263 0.0753601329018036 0.122380200454892 0.0483483281387043 0.0920918852549543 0.051387446816186 0.0299965130588938 0.0311533004122234 0.0223750209112018 0.0980531272808175 0.0912438424218673 0.0947098104920747 0.0932580075478149 0.0682445017399354 0.084326910514141 0.0906060029934304 0.115211544986102 0.0933651536800659 0.0725906394637049 0.122957855227574 0.0325923504640969 0.0530489658877591 0.0364303574538596 0.0301725976483975 0.0537562191863238 0.0493786488175687 -0.0180320040161268 0.103523497667228 0.109837927236278 0.0874435654837747 0.0657306373494836 0.0754932088496439 0.0818006649627608 0.0720982755870804 0.0541251389292384 0.0473877702730082 0.0639116942223185 0.0621313120711024 0.043956712476434 0.0600079707926024 0.0650441763603609 0.0831770703140489 0.0650846461068934 0.0729451146654895 0.0830925617730096 0.0965282986706908 0.0970824772034423 0.101874529922718 0.0903980920469444 0.0331907459858092 0.0486664172983903 0.0676121791527406 0.0481707259195495 0.038260063133493 0.0773516312800861 -0.0486703093738745 0.0713632746800844 0.065011301805855 0.0795762089500154 0.0723157789121342 0.0818115930524506 0.0831571039657793 0.0671122436452377 0.055194994935012 0.0483454595270123 0.0920377452707065 0.0683306102986836 0.029777807517346 0.0739428574904011 0.110852963499361 0.100438823865354 0.101102116347418 0.117103951668591 0.0847009319359946 0.0742171218898288 0.12568607861496
0.080747984763029 0.0666246846545728 0.110333641501747 0.0908846929634598 0.0852324330060697 0.056776685352712 0 0.109588933892746 0.151156186613726 0.0841134060964793 0.118918768388223 0.0804959310248077 0.126438917185121 0.0560272982002687 0.0799134274651286 0.067001997433281 0.0307175879439271 0.0740863524972714 0.0967259621950969 0.0555059666850524 0.0438481035277737 0.0135483670790858 0.11405286565337 0.0322442278856771 0.049300857977943 0.00683034738433609 0.0948065252427589 0.0756851915958283 0.0694721684490767 0.0608637015035582 0.10366150672611 0.063676549861757 0.0470625994852777 0.0251248046799099 0.0255319383483481 0.00586046558580044 0.0473958092864052 0.02978176703681 -0.00785721233540735 0.0137935597411949 0.0812276417604708 0.079206932194545 0.0548929097786234 0.0319496582152695 0.0365650131629602 0.0294058957961751 0.0356328409286419 0.0388691705735168 0.0497072599942062 0.0346443076002395 0.0976769887648192 0.0733000393885314 0.102873751337595 0.0988352265890151 0.167013592399339 0.129698529020259 0.112399074350459 0.0962804724738033 0.0765167375561556 0.0809496648044722 0.0880917410942575 0.0848835632501289 0.0388219176342081 0.0344175743066256 0.0831869066585287 0.0789909467046938 0.0578249815786406 0.0861213296714565 0.0279066604507405 0.00139646079909805 0.0720921123176063 0.0649570343676309 0.0469991571046609 0.0404394314870187 0.0756465039023961 0.0567135637772257 0.000231215279646559 -0.0296590818059469 0.0670021116077667 0.0447243171340544 0.0713230664873086 0.0442096768953496 0.134691615990806 0.1580195834719 0.0846559247243306 0.119246147581189 0.0928234097131174 0.108780181324209 0.0864374298176098
0.036672901161961 0.0425569013780652 0.132016511566741 0.135458189832286 0.10083464246594 0.0783172041934886 0.109588933892746 0 0.0912511874904968 0.13918052555007 0.022366803397379 0.0830657209052039 0.0441016079481819 0.0534339549035229 0.070480534130827 0.112267508966541 0.0194855832534272 0.0656399216690992 0.0477399073114361 0.0484961649099714 0.0862846378861516 0.00375212334874294 0.091769803554585 0.0730415806592785 0.10192323794846 0.0675619684147851 0.081697927862979 0.0842218485279092 0.0791279714734486 0.166455383732545 0.0955135741452997 0.0904444390697119 0.0917617311772225 0.0810492221822396 0.0459922366509079 0.0581879384663147 0.0753612511156198 0.0496033318480415 -0.0197420279778303 -0.0128744011875791 0.127714679233265 0.120652039412906 0.0882246942228174 0.0580809674100999 0.0704595005163994 0.0750047080680967 0.0598106576448471 0.0617524930263825 0.0531188859869033 0.0533998797210628 0.0565393384114922 0.0631073590103086 0.0895930747854114 0.0971304860572189 0.155244095603001 0.218451348716511 0.0924619098591163 0.0907888899947071 0.14440442116329 0.171727802867795 0.128214170891989 0.15777316992173 0.0461737168850017 0.062319100773998 0.0788127450028572 0.0985917688647078 0.0709131811193709 0.0941116040319873 0.0027569307224971 0.0236801148147874 0.103201148264505 0.103392797902327 0.0707918680927964 0.0764515315942033 0.0974650941404356 0.0531191983915958 0.0296796621850563 0.00704630819879849 0.0868509762969909 0.0820721759744539 0.058100598618811 0.080870341623173 0.158266969685185 0.150389537324096 0.0928350768080629 0.127035414973646 0.113518066252709 0.108699999919979 0.120579672977966
0.00499888160854704 0.0214340024346256 0.0893215127823012 0.0641337769508488 0.114741518997143 0.0345287741653069 0.151156186613726 0.0912511874904968 0 0.140223429526259 0.0603085600958036 0.0555133465212597 0.129128772174941 0.0315622388865241 0.0955212118298066 0.0927358172461057 0.0635906554809478 0.0468035324872231 0.0473124606208779 -0.000120709942120475 0.0610112206280572 0.0211390814434501 0.0916632703966689 0.0448479249651708 0.0688422188068154 0.0148261223346611 0.107037126553448 0.0569667327847828 0.0538111258828757 0.0433622611615805 0.0989951138237855 0.0657519042576064 0.0778843792517595 0.0171210448899042 0.0488037612361582 0.000492731240001687 0.0263565093467425 0.00991585155809775 -0.0307785080911154 0.0331831953168569 0.0303024512971635 0.0361822650019241 -0.000268867094376462 -0.01740930973027 -0.00889708749717735 0.00380442563209808 0.0122923039830192 -0.00410451571355874 0.0234510096034603 0.00144115324947414 0.036771885988953 0.0104853338755188 0.0106217238439949 0.0187940371705664 0.136780240362577 0.101619480739877 0.0756325020018552 0.0491040026877408 0.0570755368975241 0.0424263634288051 0.069729941939308 0.0435988880951779 -0.00169833816196183 -0.0143704337124062 0.0452740876915323 0.0841274857173368 0.0348872355344858 0.0384040662763919 -0.00232881326175227 0.0324268516455481 0.0146586104872011 0.0428362055218226 0.0593406243199242 0.0531079006137445 0.0629703839529333 0.031406338700791 -0.0165504973757517 -0.0396438577424301 0.0486862654001271 0.0144955059905505 0.0777374359849908 0.0334268518162683 0.143870726681054 0.180612509423908 0.0879690262782061 0.105405465213093 0.0564590140556399 0.0844619322469418 0.0718860280071919
-0.0335158933467634 0.0110875185146553 0.103614574512557 0.123125214749795 0.152165225612053 0.128721777326572 0.0841134060964793 0.13918052555007 0.140223429526259 0 -0.0111221714395121 0.0371661165835132 0.0545956234259919 0.0904259757944836 0.12195424941704 0.184578488696349 0.0274515534669159 0.0534862613500366 0.0370458474952116 0.0173108950487573 0.0831163561810724 0.000798703183986533 0.137910452899127 0.138068598980617 0.170345026540681 0.128599489883225 0.0526303727767717 0.0601589026396076 0.0998435202443432 0.185620929175472 0.0729810192911574 0.0773904931998207 0.1713309165933 0.0686306256181108 0.0851883405806092 0.0630022507525817 0.0364965174613626 0.0456207592294642 0.00489330500366092 -0.00942790717047537 0.105435064182832 0.0979117787060495 0.0396461561111002 0.00692436894857072 0.0412165633328473 0.059718767295609 0.059464393594929 0.0486562257445963 0.0281192022572111 0.0649497823686877 0.0304721106766775 0.0211386817453326 0.0330186530916764 0.0434645498148482 0.140389110562136 0.149769484947756 0.049100193476823 0.042446676838937 0.194026056948692 0.187165930047581 0.134605348681541 0.125906162435715 0.0630147655751159 0.0606726647450824 0.0987230247763301 0.113097979469841 0.0585309639138564 0.0660394106374454 -0.0205859574378574 0.104727092334461 0.0824556221104043 0.0847248170669682 0.0628678579937547 0.0975829702081021 0.0940540260067423 0.0710021310651598 0.0679748823826226 0.0723044117399186 0.111561979663861 0.0943570951481725 0.0662254506972752 0.0969776219863905 0.183576946180431 0.167758689642112 0.116167031670932 0.140632608032552 0.120807500241693 0.0815345874939338 0.149211862415934
0.174279603294483 0.134888799075739 0.00251260581501669 -0.00603083561196841 0.0329072369736822 0.0414524735827506 0.118918768388223 0.022366803397379 0.0603085600958036 -0.0111221714395121 0 0.168183916015752 0.169836142640081 0.0778484938118177 0.0142174841675542 -0.00780550762856807 0.0790880635107147 0.12487036239625 0.115292032468472 0.0725530412786006 0.00344072602861401 0.0446317858372475 -0.0110336975559531 -0.0516551695546235 -0.0165994339058691 -0.0164642842775422 0.117417821107658 0.0769486404058236 0.0310001820715465 -0.0428302419534815 0.0779815305150359 0.0229621835359312 -0.1026232528537 -0.0763909796565593 0.0124857248813777 0.00985082595769031 0.016382681165568 0.0626889133993467 0.0553238724716388 0.0854330967708076 0.0495689512046035 0.0825796607320551 0.0560920628953311 0.0760872047251507 0.033352652280968 0.0298444285227619 0.0237618845468243 0.0264920545085635 0.0569447798940912 0.0346012653867231 0.1688448344707 0.154500742160561 0.15980990723664 0.138415198341277 0.0893180744670282 0.0405230727810845 0.148083702255315 0.126279019355176 -0.0931134394067827 -0.0820859907652358 0.00356147416207296 -8.77329389536733e-05 0.0214509380512011 0.0625289706321843 0.0334534792986791 0.00494114918851265 0.03912525940289 0.0879079596165342 0.0480289833025221 0.013903950058185 0.04989059839635 0.0619543308110979 0.0157236231183485 0.0556078234115229 0.0880513709642074 0.0673546721962727 0.00467786464999098 -0.0442797304580646 0.0167649384822981 0.0121169987517434 0.0485953263498405 0.0410067280999173 0.0552875918805492 0.0870676547140941 0.088227186701389 0.0986547240594295 0.0695937248645661 0.122526096768031 0.0281175953361604
0.0957604278711538 0.123572248477775 0.0387974801054383 0.0374868121999613 0.0509345772183657 0.050194843124585 0.0804959310248077 0.0830657209052039 0.0555133465212597 0.0371661165835132 0.168183916015752 0 0.141652552783317 0.136445828050776 0.0352128103992158 0.0885453693637746 0.0114996608333117 0.0836903878945447 0.0943871849374712 0.0761724244054868 0.0231620045779839 0.0355524371526054 -0.00631331347187818 0.001143477070174 0.0209823480866094 0.0046914172206118 0.0699190289978286 0.103537799922709 0.0386815823557913 0.0254612958178723 0.058944962066666 0.052445664890054 -0.0338639688950068 -0.0241504490630557 -0.00506580428027252 0.00973697749964443 0.0345960280951456 0.0611766685407839 0.0337948982686265 -0.0018781866183281 0.0894469900314246 0.117770834030036 0.0860603292110317 0.0758960318817752 0.063706307465982 0.0683656700260774 0.0464247707648094 0.0677245872259337 0.0561651556168446 0.0673669331045376 0.0944670558493268 0.118139331915505 0.126306385162223 0.137020739357027 0.100692236449368 0.139709071340382 0.125773401300478 0.118996022815475 -0.0366808089437218 0.00837320002482414 0.0304995614439524 0.0621325768813305 0.0145349997196442 0.0659971021201044 0.0309919669030726 0.0251962573017563 0.063807681457791 0.106985081187549 -9.74454513472481e-05 0.0323402961905654 0.0640095352460404 0.0917730437998461 0.0065637489264098 0.0447278996041048 0.0107367698685296 0.0460256759500654 -0.00448748961619424 -0.0155595267768627 0.0249842237968882 0.0692686131145034 0.0559119947876337 0.065765032583737 0.0688880517229191 0.0890779387465444 0.0746310101566725 0.0830306934588147 0.0696657352379727 0.0914149552082527 0.043257314933178
0.0940063493932729 0.0579265028309201 0.103920565476029 0.00283727632906906 0.072825463235611 0.0457976320320047 0.126438917185121 0.0441016079481819 0.129128772174941 0.0545956234259919 0.169836142640081 0.141652552783317 0 0.178241947256132 0.188662087756227 0.136862085006415 -0.00845505098554149 0.061693003402594 0.121490524004009 0.0630935364125722 0.0561617783792588 0.0530714631978388 0.153221122518003 0.0771134917427429 0.0967386531450729 0.0438627966503468 0.0683484356542334 0.0454698338369328 0.0626373591033136 0.0506034261054888 0.0705366652990446 0.0495108773405668 0.0735183930879669 0.0275351874604058 0.0620947222433656 0.0330699370521846 0.0399312080260961 0.0623974930860505 0.0877678873015533 0.0734032376090387 0.0850933495093561 0.0897778811047691 0.0553028349375126 0.0107139096578203 0.0324731814432238 0.0383636413240684 0.00505801271288762 0.0284527419161551 0.0405286709253437 0.0577995386600406 0.0826603374529936 0.0952985813623239 0.0693881632179804 0.0636344544619696 0.116940714664755 0.0267429111546721 0.125735038692243 0.0459834476327658 0.0936329849671641 0.0683722400447924 0.0776911147450084 0.0390545365776787 0.0395828896695506 0.0284005932693397 0.104204156638973 0.0807987264589651 0.0630649277736191 0.0453166691699308 -0.00214749220430862 0.0315999906481519 0.0687287582680871 0.0852758678560959 -0.00964425239192304 0.0154404549570611 0.0295547034868355 0.025881562152319 0.047915305815389 0.0102752129175536 0.113390125000178 0.0654462186212545 0.123944894460147 0.0730980531611215 0.131212024531386 0.148918046320892 0.0814306591167447 0.0950867917530519 0.0803971112605141 0.0905378389667943 0.0779778282881075
0.0302748135047758 0.0394637274295539 0.0786295737109004 0.0655301816770812 0.0774095983200645 0.0825340595408263 0.0560272982002687 0.0534339549035229 0.0315622388865241 0.0904259757944836 0.0778484938118177 0.136445828050776 0.178241947256132 0 0.165243060631055 0.184461543789458 -0.00315504941404195 0.0387194070130749 0.0907935894548446 0.0617926157721274 0.058482333956892 0.0352122314854099 0.140724163487914 0.177141794971173 0.108902066483665 0.0774637067291565 0.0497981232138154 0.0411914698774874 0.087140530893342 0.113400948149052 0.0694571920727069 0.0543314336236772 0.107943280396457 0.0666506715973884 0.0736190326739429 0.050766425180473 0.0425584554302507 0.0631551809715284 0.0947818463190749 0.00381713224026518 0.0793106090761733 0.0791566939788636 0.0593110770060956 0.024805484389189 0.0312772861382722 0.0455259907276487 0.0130081311089647 0.0354041920922534 0.0405052880286393 0.0502374212610726 0.0468719940327803 0.0723345538125522 0.0621567660347551 0.0640308174629579 0.0730328745677524 0.0517437755873631 0.107705009997868 0.0900703308142959 0.115060558440163 0.123453447387847 0.0814445675851496 0.0868336476466404 0.0418273638449713 0.0471824346555246 0.0822609609591536 0.0743927293489266 0.0676970281042362 0.0852897902171364 -0.0473757381788181 0.0582661999805909 0.111297580260405 0.113314444417039 0.00429406239304555 0.0284610850881447 0.0255305547787839 0.0599878151868899 0.0691946911471883 0.0951151694199513 0.114673522393615 0.105216442780492 0.0868701454019941 0.0943804917131243 0.132462569962234 0.125028811931707 0.0678038774498644 0.0799375555302244 0.0765942556009035 0.0650077487369732 0.0848213059845932
0.00935193628796748 -0.0032204981241753 0.165574360487611 0.121829249745992 0.128326645114395 0.0753601329018036 0.0799134274651286 0.070480534130827 0.0955212118298066 0.12195424941704 0.0142174841675542 0.0352128103992158 0.188662087756227 0.165243060631055 0 0.202709852110445 -0.020531505878573 -0.00279367226783069 0.0581381456997364 0.0350482711019097 0.119114936602793 0.0731746792386543 0.281217495339533 0.226509465925728 0.191005543726174 0.167965306625043 0.0558116580635354 0.0249020239090525 0.134816210073279 0.185478148404627 0.0617833359700407 0.0727662925667629 0.256176446006683 0.156980161158366 0.126250719349645 0.0898226004387772 0.0738991681646186 0.0663586275635235 0.078321849858305 0.0159720496312853 0.135162266038663 0.120123108585169 0.0564187531224632 0.00192529458765919 0.0579421519899512 0.0512577796037537 0.0428707085766834 0.0529943362983148 0.0546887311737955 0.0647720075570178 0.0406827758197962 0.0638017060214063 0.03183444671298 0.0499876706731053 0.0837717428674747 0.0410931475176032 0.018275377568555 0.00968271446279985 0.266009231873638 0.196794370036812 0.144937665791521 0.0913258473603392 0.0931679563306013 0.0534415308412671 0.138957507248442 0.125986649175435 0.0610306938382007 0.0675269163282038 -0.00213889901558298 0.0386966308539069 0.123060628101618 0.141914767336662 0.032005884914472 0.0132451558070965 0.0374455420950212 0.0396423387583384 0.118739609961078 0.109520566707699 0.151401929675129 0.108764464031188 0.127770860240739 0.0790437629847484 0.161456507534965 0.176687884972579 0.0591681356188831 0.0872532661871717 0.0966587920607218 0.0601535423548143 0.113908452299166
-0.0256276777429988 0.0160824973730761 0.12103074102831 0.104704889586445 0.146888754942603 0.122380200454892 0.067001997433281 0.112267508966541 0.0927358172461057 0.184578488696349 -0.00780550762856807 0.0885453693637746 0.136862085006415 0.184461543789458 0.202709852110445 0 -0.00656160903606271 0.00966089908659163 0.0450878482721381 0.0344145769816563 0.0888909558121432 0.043746583032589 0.218166684196902 0.246436627814684 0.199486512939216 0.138031224723931 0.0300770128079967 0.0406810719293299 0.0995888830878522 0.179137245488961 0.0813299005236719 0.10278831683506 0.232874672749532 0.103553643891993 0.0923449022630865 0.0960564280877304 0.0734409609234732 0.0824023222433522 0.0274554376850379 -0.0190601379227065 0.132623162699868 0.132046117743505 0.0621981265736482 0.0160922235789273 0.0632967601231212 0.0754045919609442 0.0480410491697791 0.0772447971976162 0.0518683764994814 0.0857652585895134 0.0259417074686146 0.0548938925128222 0.0402982407811075 0.0715410816949956 0.142006181521879 0.1248109983473 0.0505482599764753 0.0520408139664986 0.255458511429465 0.241513892824745 0.137878697164698 0.137096651788816 0.0573829667851656 0.0583429269748245 0.131802491661948 0.143875360175461 0.0815419945060334 0.0974373789163522 -0.0455687431334048 0.0816554531746679 0.121231270015851 0.13322577358613 0.0162508278361956 0.0607937681241607 0.0271084479216917 0.0457858271178089 0.107409938812164 0.132114098478687 0.126332586856268 0.133978201677249 0.08524307435277 0.107302820807446 0.158884305202116 0.156840992934079 0.0981378653984847 0.11353680873151 0.101408475599801 0.0749630970912805 0.144043474659111
0.117900600921906 0.0985343976559742 0.0231481490670151 0.0605877571522828 0.0346927414724587 0.0483483281387043 0.0307175879439271 0.0194855832534272 0.0635906554809478 0.0274515534669159 0.0790880635107147 0.0114996608333117 -0.00845505098554149 -0.00315504941404195 -0.020531505878573 -0.00656160903606271 0 0.152562207896826 0.0717210040254345 0.0257705534078418 0.0183986300059781 0.011780558525598 0.0147630698245812 0.00121939806561501 0.0156665507610397 0.0416813067750595 0.131886965385462 0.0752953912211683 0.0654879651308803 0.0345275612152783 0.146891500488503 0.126088175868651 0.0360165412448838 -0.0022087159734935 0.100385536393322 0.0566937570240708 0.0498278092653852 0.0504305892116306 0.010329867949258 0.0519435949401843 0.124716559471865 0.13657973772238 0.116746716265554 0.134596933521259 0.0912921411875435 0.128435441517813 0.0869694210735813 0.0923075333686954 0.0742210636662023 0.0491732352820364 0.174446159887626 0.112948061895404 0.109971010157331 0.11274470317045 0.0415697944475664 0.0545790359392915 0.13889448583587 0.095534018699543 0.0520741242005606 -0.00967685342194774 0.072252844632415 0.0766796453431185 0.0289025162584136 0.0623192320880605 0.0680947673126661 0.070481456819085 0.0732065029302491 0.0599771388092999 -0.0232778621841525 0.0320614872022323 0.0720830588690987 0.0218882725370956 0.154377345084728 0.0878118036366864 0.138533915244642 0.0470923546661549 0.0375838977517308 -0.00469037604233815 0.0637086191361378 0.0194342038684666 -0.01141425337588 0.0495744115761581 0.10014606418058 0.081082845039238 0.17158251692998 0.17907061991291 0.102198162890737 0.10574301744402 0.136110680768205
0.168037486459442 0.155462765311772 0.0590416798641381 0.0401201043222598 0.0579933918058309 0.0920918852549543 0.0740863524972714 0.0656399216690992 0.0468035324872231 0.0534862613500366 0.12487036239625 0.0836903878945447 0.061693003402594 0.0387194070130749 -0.00279367226783069 0.00966089908659163 0.152562207896826 0 0.139511592536535 0.0938719030941348 -0.00724192455980657 0.0649312463790963 0.0185879725818151 -0.0455113058326207 0.0410638555760597 0.0426958749661294 0.129968693417673 0.137533465348858 0.05271007608498 0.0337635411089206 0.108485275854592 0.0753868477821305 0.0262164406401117 -0.0271842970899774 0.0642016449771114 0.0236656678524737 0.0137446562418407 0.0292272486124917 0.114191097377629 0.0667826898600872 0.157056217998478 0.170928043175382 0.169224263246732 0.19644498860337 0.149875121663599 0.134543255392178 0.11619994398629 0.116269884777873 0.0687816396080508 0.090822466317772 0.241929957396589 0.183802956928305 0.169012739620398 0.160484360067594 0.0773500417164435 0.038521343314803 0.153190471427536 0.135468515145935 0.0402110926885117 -0.0204516940255318 0.0981912749953916 0.0501307705089963 0.114129677442407 0.0997559660583497 0.0620918610755496 0.0338280173259882 0.0698272036397754 0.115763383080162 0.0128798830538818 0.0675485959233196 0.0980573769489924 0.0481300479824596 0.176829918683429 0.185383076229688 0.180567813368142 0.115181652885529 0.0020518057391511 -0.0380534313120391 0.0705338300905053 0.0622795581971779 0.0113362013886977 0.0388206630087625 0.092841455018679 0.117123297105304 0.155807620887563 0.158178692909134 0.138402940261407 0.151464124150177 0.139925405808988
0.114487350901972 0.0880114758337951 0.0740714203603958 0.0642154111729189 0.0581403145361586 0.051387446816186 0.0967259621950969 0.0477399073114361 0.0473124606208779 0.0370458474952116 0.115292032468472 0.0943871849374712 0.121490524004009 0.0907935894548446 0.0581381456997364 0.0450878482721381 0.0717210040254345 0.139511592536535 0 0.114075541885008 0.0239000755617299 0.0518000899722156 0.103494348666649 0.0329346602058759 0.0256469556714314 0.0305968131430478 0.0927181051277004 0.0933595744896009 0.0757789224883597 0.0479119484865737 0.0805831992958662 0.0709975045766324 0.036043471604994 -0.0134699206225503 0.0315718176795221 0.00800112756167552 0.0187359945765991 0.0403937192993353 0.051954607766515 0.0291680650578577 0.116819118205212 0.116871398956406 0.108805488332601 0.0808140825100298 0.0699202921824513 0.0701538871699753 0.0699803090883066 0.0723869367341164 0.0374568268437073 0.0624374628943182 0.125801264908661 0.0946811862916527 0.131568343193895 0.123394475148064 0.0827811576732065 0.0318126705553331 0.11946472160322 0.103016484236537 0.0565443309410374 0.0395018120146702 0.0774011766080119 0.0577218213958218 0.0674788042017058 0.0454294841739741 0.107338266801315 0.0677882163284892 0.111784997283057 0.116147717994605 0.0536299895265496 0.0280842791462974 0.092253622604422 0.0909473732321448 0.0654108851752338 0.0717800068457284 0.0808695269327228 0.059771248403553 0.0091414002140612 -0.0119422903105294 0.0747999424270422 0.0450586259252722 0.0387856207014073 0.0371793670425156 0.118450450821835 0.147983829402718 0.102810063438378 0.127730765799229 0.0965261879219241 0.129075913708704 0.0742940991189237
0.104368732286485 0.101344532787336 0.0383232311809963 0.0471433336605049 0.0541900940344787 0.0299965130588938 0.0555059666850524 0.0484961649099714 -0.000120709942120475 0.0173108950487573 0.0725530412786006 0.0761724244054868 0.0630935364125722 0.0617926157721274 0.0350482711019097 0.0344145769816563 0.0257705534078418 0.0938719030941348 0.114075541885008 0 0.0107717416539999 0.0223916742947173 0.0617771915491159 0.0485608322510651 0.0215414163040701 0.0229897280237053 0.0482666668240595 0.0541556949939055 0.0240496969561339 0.0323557119523897 0.0529846301933182 0.0566572961114701 0.0408766200215165 -0.00915811330846534 0.0149002607799334 0.0111265491453096 0.0129269612340941 0.0164009455226094 0.0122965718017076 -0.00939876125814517 0.0815073630386758 0.0976816832638736 0.0828405370094009 0.0639355043248494 0.0801437021837561 0.0743908338726834 0.0572277226912618 0.0719455583088602 0.0272181802104969 0.0224494885675066 0.0990347126870267 0.103094990207764 0.0900005535882092 0.092353375561208 0.0470468416434024 0.0265348501303287 0.0581826729397195 0.0371083302571063 0.0124929170342051 0.0157948263970181 0.0209630950543473 -0.00310677031360308 0.0702187197405381 0.0755504965837846 0.0622296583338093 0.0421751990141655 0.0626795801207845 0.0664692156605657 0.041334989750074 0.00558716362862286 0.0509643809750382 0.0293736136920679 0.0404748688164155 0.0354922487821554 0.0460169181495686 0.0514730472609182 0.018713991035185 0.0311613917872612 0.0411943182892507 0.0543753098162077 0.0173660782477087 0.0250279147729162 0.0372574510523151 0.0578083970964965 0.0307609999338604 0.0440807963835793 0.0457551841248165 0.0655657859901943 0.0382296451280648
0.00512899005761683 0.00199738448103128 0.0930246736425667 0.0943910878230789 0.0769317639992817 0.0311533004122234 0.0438481035277737 0.0862846378861516 0.0610112206280572 0.0831163561810724 0.00344072602861401 0.0231620045779839 0.0561617783792588 0.058482333956892 0.119114936602793 0.0888909558121432 0.0183986300059781 -0.00724192455980657 0.0239000755617299 0.0107717416539999 0 0.00291812971590367 0.118175770878886 0.129164587069525 0.117808049894699 0.0940883872375922 0.0385976985029095 0.0149216563546694 0.0652764683392759 0.122538961643442 0.0515048270527236 0.0828387958500494 0.143813900360786 0.0742837171656942 0.0840236130430251 0.0607104776299482 0.078056569269415 0.051068464248242 0.0238725801496144 0.0274337258253019 0.0943221235241903 0.0939712816427481 0.031405608927664 -0.0037541548175023 0.0291821055668021 0.0519775258662235 0.0328574646056676 0.0494297708510057 0.0333969646038656 0.0386199353527283 0.0141897619222381 0.020405858975919 0.0264071503538322 0.0491305708272475 0.0915001378073057 0.059269146365533 0.0162806666982438 0.013424619340813 0.180669489031636 0.156596044572399 0.123036919184191 0.10817096421295 0.042564127910116 0.0196206445559705 0.0659528852392075 0.0580058609002012 0.018989614755869 0.0260874279796175 0.00709310926488369 0.0153758479584064 0.0675909912297011 0.0710453185823645 -0.00435327444447323 0.0383243585832665 0.0316432377527327 0.0218411508514205 0.0654340909475282 0.0669817836451743 0.0957027598290392 0.0793310030044599 0.0823919047409332 0.0690077982690047 0.136291042846829 0.112789063692921 0.0724980703532749 0.0951158190518982 0.094913665285058 0.0654958126055021 0.0883226107449948
0.0542101105476245 0.0313308921398362 0.0472737777684444 0.0183608153641753 0.0144200350904783 0.0223750209112018 0.0135483670790858 0.00375212334874294 0.0211390814434501 0.000798703183986533 0.0446317858372475 0.0355524371526054 0.0530714631978388 0.0352122314854099 0.0731746792386543 0.043746583032589 0.011780558525598 0.0649312463790963 0.0518000899722156 0.0223916742947173 0.00291812971590367 0 0.0306965774798752 0.00203778126781519 0.055271470895152 0.048587049411463 0.0506501883512909 0.0635026890528688 0.0708510470657492 0.0805158816093623 0.0296588694633636 0.00992760752257549 0.044796672959928 0.0487774567167142 0.0683102521430084 0.0285337726893891 0.0125462757260194 0.0307669351385535 0.0370310931304443 0.0467057966956587 0.125417950831514 0.103647265760097 0.10206132245536 0.0929787587205779 0.0946646813529384 0.0922410222583788 0.0752055104300172 0.0664996172928581 0.0577487917777833 0.0435696356528589 0.0602850407384275 0.0482249082935583 0.069828182927242 0.063132233733457 0.0212416736098855 -0.0445185689209027 0.00470264702228972 0.00638448928614372 0.0529040932498321 0.0111543361100219 0.0427693138460099 0.0201593478397943 0.0599725100595539 0.0141198401285589 0.0203265009680175 0.0235231582998666 0.0427257367469363 0.0534565174445548 -0.0296343436084952 0.0266268166337984 0.0552910824775906 0.0835379939004728 0.0683479829308774 0.0528657200611849 0.0713022895402685 0.0164591600462204 0.0182270786055844 -0.0226972037874737 0.027886090127034 0.0276776396778717 0.038836364354833 0.0222903893372309 0.0349955188032505 0.0329056610978333 0.0486408910325458 0.0472040026091709 0.0600314232896972 0.053925677452643 0.0412662782625267
0.00219997263615559 0.00617065507886235 0.195420244973187 0.171282481725533 0.170458186660111 0.0980531272808175 0.11405286565337 0.091769803554585 0.0916632703966689 0.137910452899127 -0.0110336975559531 -0.00631331347187818 0.153221122518003 0.140724163487914 0.281217495339533 0.218166684196902 0.0147630698245812 0.0185879725818151 0.103494348666649 0.0617771915491159 0.118175770878886 0.0306965774798752 0 0.328177607541575 0.251093354843857 0.197702345196633 0.080215169752855 0.0221736690272783 0.198037574182413 0.250870345328464 0.1401416535582 0.131482639614346 0.344995400797975 0.185652948499301 0.154720185405345 0.0842805828522065 0.0912195939896481 0.0609460452936113 0.0759751022104065 -0.0233126700606074 0.175276292504506 0.158848564305989 0.0985314621320489 0.0408681428671709 0.0826020676805369 0.101875758727423 0.0722972318156363 0.0959728327669706 0.0730115645576237 0.0934966887899773 0.0392016098722235 0.0659959635971502 0.0290507411698202 0.077449634702596 0.123972670717395 0.0557504661559923 0.0543943641338439 0.00731387879812255 0.378941060630338 0.278159191564832 0.227617146124662 0.166862708591428 0.130003837644222 0.0989767688592408 0.203022867178402 0.188727585817941 0.0825835821553338 0.0796238354727433 -0.0136805778437644 0.080302113917028 0.127118391198966 0.135725248897129 0.0466232722675825 0.0649462597590888 0.0766938049524975 0.0835667521496024 0.157984088200494 0.164754039940252 0.183441509030074 0.138482787686318 0.106502639433188 0.0988702703569826 0.188899918489068 0.219198860771976 0.112733508650749 0.130937512611375 0.108913323722489 0.0894687237678923 0.189130078229541
-0.0569344554199661 -0.0125639977869785 0.123943643604024 0.168805671909026 0.139359458476447 0.0912438424218673 0.0322442278856771 0.0730415806592785 0.0448479249651708 0.138068598980617 -0.0516551695546235 0.001143477070174 0.0771134917427429 0.177141794971173 0.226509465925728 0.246436627814684 0.00121939806561501 -0.0455113058326207 0.0329346602058759 0.0485608322510651 0.129164587069525 0.00203778126781519 0.328177607541575 0 0.215728113515628 0.178408991840907 0.0219705974778607 0.00532321704724863 0.141263722361012 0.248069715595542 0.0961936752266373 0.132266797227788 0.33349300281151 0.185982833359035 0.129214441387118 0.0892387916511099 0.094609081998519 0.0766814455425636 0.0166556924084475 -0.0391354485097949 0.124625008417624 0.117736380806409 0.076214652660791 0.0278087073525287 0.0726541673053002 0.0800581105524409 0.054769709191126 0.055114271510194 0.0457196415560683 0.0702172289146119 -0.0175462661592871 0.0289515979210643 0.0181365583921942 0.0373615381702776 0.105916075644641 0.120578560583397 0.0250833420151985 0.0343658951006384 0.323869172914815 0.315697134966564 0.179940846382558 0.163248425770709 0.0681866885636272 0.0678060779387392 0.126479018415156 0.163687921484443 0.0412823146500171 0.0566986988446898 -0.0435328588248462 0.0531612851870482 0.121365201934602 0.13619045965523 0.0319401573163255 0.0345709122523451 0.0353921674099974 0.0750949130905829 0.170666523917943 0.202304855951704 0.172423557116072 0.153331867303151 0.086750736226269 0.102367774558058 0.150452868110231 0.153103818098782 0.0671071619250253 0.0933598825812272 0.0998760647161305 0.048775786750593 0.148087291588719
