0 0.448789978685362 0.379765617400553 0.363365751323927 0.220924684264417 0.180144110626088 0.423210474940594 0.413053853254734 0.273422728854286 0.273057256814033 0.468956207934709 0.463199849674412 0.373203070328297 0.42699308168204 0.3031757855832 0.293377364824877 0.489962538304283 0.491068604476119 0.468921236329867 0.388265899510064 0.111541223494865 0.148410245374638 0.32408744772241 0.274593919992783 0.208071180585804 0.20283584658776 0.388118659429525 0.418998796567831 0.315006998057533 0.316916227285042 0.445156598718644 0.43021068569821 0.276720602717575 0.219833580902895 0.256353026580919 0.189723293709769 0.229684699199596 0.141135428618693 0.0465587588493598 0.195467332852217 0.430921283432593 0.372057966806565 0.368658049365598 0.372860360503268 0.340569929573198 0.35950667168893 0.380651074885585 0.391257390921503 0.332020889925675 0.33012442237567 0.509610451296679 0.395364960581514 0.47481068836447 0.440511809227688 0.460117389123337 0.39149317203299 0.426489722369641 0.43822977370067 0.317518289822065 0.368912150323637 0.35846308857149 0.378319400052504 0.364375564308272 0.188549547823785 0.426512339148262 0.365883601852615 0.431895671314586 0.437461783893415 0.223495581868397 0.241790707363044 0.420265056450023 0.366832721101838 0.444662925695476 0.464345662892178 0.480390697495665 0.444514771210929 0.222296279612526 0.1922347800271 0.37047179409897 0.415449864449628 0.281096344830085 0.323517700568072 0.411240503048469 0.379622434945149 0.384823643017327 0.398771549219087 0.417709364827791 0.362733303865285 0.273505280667314
0.448789978685362 0 0.361855916552792 0.35666149708377 0.206020430451606 0.14694929312966 0.397036925326723 0.39347799376981 0.255899282499339 0.242738387195748 0.436634584868223 0.416549581249442 0.350976072421749 0.397923954316681 0.288028374273681 0.280277884943476 0.480676202626335 0.505661914800887 0.437774709509198 0.364323878490469 0.114150020617094 0.13729538375605 0.33462062744578 0.278119646559512 0.198966347448762 0.167419603252889 0.394137696067015 0.397094334549333 0.304951034147995 0.293387406932064 0.372067061488266 0.364183248889355 0.222717916580464 0.11980294007825 0.233671622983425 0.190976708684018 0.24655239474657 0.166065613743081 0.0147070638953402 0.170279130909604 0.420920953387737 0.398689894106259 0.386599783790737 0.39334226307004 0.339508644335675 0.369672892181134 0.37608330799777 0.372185691192924 0.356012382596194 0.307681264291917 0.453387725242642 0.42744054859595 0.418786193337006 0.398297151190775 0.39959942447752 0.338251826939244 0.397436320256265 0.396947241844909 0.293010463050175 0.334212035426008 0.34290895565136 0.324595245305075 0.335391981937019 0.153163511797436 0.388362875544975 0.363095447246452 0.46032549169089 0.470402253205847 0.227968820762099 0.226178106424577 0.407734757772572 0.332561768477611 0.435394171450451 0.505424290613948 0.468780829287442 0.45603230446444 0.251345205701501 0.208000904078997 0.355678793947092 0.370745800737343 0.2476866605803 0.286438333815588 0.384063690778324 0.350668492343058 0.360426201271898 0.374303595363749 0.357703194060388 0.32968101982707 0.249912919266761
0.379765617400553 0.361855916552792 0 0.410040447380093 0.277468961581277 0.206469647265027 0.461188788476157 0.408492346052389 0.356479788978215 0.310238914531016 0.341469546782562 0.300618589669654 0.374250662848303 0.370448253755578 0.376612629614217 0.373135338115697 0.385878461317604 0.384343461782021 0.428038928288368 0.321977745578196 0.144222722336361 0.126555206371686 0.458084214802326 0.41646093374293 0.291195138694738 0.216493402751548 0.341809744978593 0.327784213274355 0.360661911979673 0.389306492991032 0.451891557810096 0.374027940907494 0.402427836671156 0.221794735481758 0.264864197593818 0.223786019856504 0.249834172721381 0.134360763847368 0.0797303120135218 0.194814939585872 0.402069846957973 0.370270926605282 0.381278060763866 0.336438804598964 0.325717517641004 0.348862106291927 0.360266149101402 0.343408622327982 0.318650954725876 0.296855943559212 0.387821453452889 0.341891387762379 0.363490859292329 0.363842624981437 0.4094227481115 0.36911835085456 0.321888121169794 0.357285293812504 0.479847617193263 0.444758119236346 0.400843975963025 0.362369103497543 0.343575918641758 0.162751027233646 0.403894468096189 0.373247854857145 0.398483187432428 0.383251597858134 0.215633910723211 0.203468485636392 0.411230213366635 0.327362177059842 0.374875553045094 0.417582117175866 0.416573983384859 0.420200995914328 0.294518618751676 0.279431557249576 0.415561366628063 0.411596812707991 0.292581192460841 0.287416539889035 0.429529896060135 0.42136594236993 0.332096029035947 0.369231650102142 0.34109354137851 0.348020333431705 0.248605662768468
0.363365751323927 0.35666149708377 0.410040447380093 0 0.277516256706176 0.209485597900882 0.440764388915154 0.434817666139629 0.334532357014646 0.341023827303118 0.352858460754037 0.329298868679399 0.360016177822898 0.418088408519506 0.353087712247247 0.386251580718196 0.368213071310215 0.375134306988373 0.404864446313316 0.310679384422338 0.141182965178689 0.111706080981346 0.431400041603866 0.412525417887711 0.251389762365421 0.239750790083264 0.314307498503705 0.3357198327805 0.342225759597844 0.38882829463252 0.386857593253494 0.371749030445211 0.308001538759348 0.143201294924675 0.246927895855154 0.215068715124121 0.228282283095391 0.137239814170222 0.0749218921504438 0.189612666377855 0.371941131845773 0.358016892175694 0.335864953240531 0.325267614391845 0.296995274504642 0.315494892704863 0.327873443222421 0.351763379526311 0.312112870586247 0.290321006807609 0.373262517165611 0.340040514444693 0.355508166516113 0.363672066630792 0.402058359889171 0.462046539150678 0.311423736917998 0.363440179689047 0.435040461931447 0.475566898922758 0.337837524088702 0.311375555224973 0.28381137994803 0.122672149630835 0.383855389213684 0.365009125788784 0.385853325678351 0.400582768320655 0.241153997166417 0.213745301964322 0.392537735676517 0.296604189898239 0.368943869821936 0.433535150927784 0.407341576524947 0.423043876398204 0.273854203104852 0.250544027186428 0.379928533498373 0.400716980283118 0.284772856190962 0.288383533348456 0.435132128795384 0.403017566819773 0.293146440561612 0.364462812820592 0.330749198591523 0.30116411762452 0.230010317524648
0.220924684264417 0.206020430451606 0.277468961581277 0.277516256706176 0 0.188940124844355 0.305717547943414 0.283064083826361 0.316303296180779 0.294645370147355 0.289258791628546 0.254092643861974 0.315106648335943 0.319105251023113 0.287394243190564 0.29686697679212 0.262231984000043 0.255427715273411 0.240563365232775 0.183257545571526 0.0804900865948103 0.107553505172025 0.287184391503256 0.266881906854806 0.219139439559633 0.168186597918862 0.229925694355494 0.243831345055429 0.22049801601464 0.256324632079215 0.272917812802129 0.237125756018511 0.233839922721152 0.103055314959989 0.152158638594014 0.131168680879791 0.147307705369214 0.0981693298043944 0.0665117861802473 0.0800171874939245 0.232811579407628 0.202842581350142 0.205413377370639 0.170397408426204 0.163810917536341 0.173345902821863 0.195807358284305 0.183474731389763 0.199629777078368 0.189988295357396 0.234444817767109 0.2159891034023 0.228002515866175 0.205791339688502 0.323484131772003 0.311380866900875 0.252412940583416 0.290773068508261 0.338372242009217 0.327354200494524 0.24427151153086 0.22012433402027 0.147322504918046 0.0552254192819302 0.222973828252292 0.20673707850223 0.248131344776887 0.234854667085022 0.158029590098503 0.169680356294925 0.261770760588684 0.21208703994781 0.219429404880216 0.289491355438576 0.26810965145999 0.269355802083964 0.187895122180806 0.168888543567644 0.286147022858535 0.27827618693226 0.202326652336925 0.21455152478582 0.273632973793672 0.263117514525889 0.177831712641525 0.206978773545947 0.213231181236615 0.179058431315449 0.124052459528028
0.180144110626088 0.14694929312966 0.206469647265027 0.209485597900882 0.188940124844355 0 0.232768254188942 0.247703308605602 0.241121202454048 0.253855377017323 0.16656716890824 0.187282502856157 0.249305209557387 0.250596929800968 0.221741540681333 0.28475765209846 0.1675688867543 0.16362958349023 0.180970826580481 0.136890387994878 0.10261674024387 0.104259958057467 0.244377063248271 0.265360690904911 0.205263217282009 0.166918738135719 0.152601202175815 0.142246609831001 0.18201079776436 0.19835683370521 0.200910918361676 0.187941482125735 0.226975956026183 0.140861202830966 0.114997494715343 0.0891065557057759 0.105290558055137 0.0764287386140029 0.0980109430793634 0.0877038560070352 0.199492934533726 0.172886779965134 0.142003227118202 0.148970568970897 0.144086779670379 0.152796177792264 0.168905910756485 0.214124061087168 0.153340092426878 0.136599835983384 0.175200051866454 0.144234346570464 0.159034488741586 0.13919390091328 0.245856357874876 0.262847550627292 0.159693153557078 0.184574236097247 0.291003227293813 0.289164924855277 0.171235225325147 0.155096643314298 0.106033311837477 0.0482820036297278 0.202521860856139 0.167200794343206 0.164237893638457 0.172630690570549 0.153641624140269 0.141465284849752 0.170639475601573 0.154472218080884 0.155822637624018 0.199146229832445 0.202365600997709 0.237441409898572 0.141214828031847 0.141418965071927 0.233390044840761 0.251607405905184 0.168796776001958 0.170618100543906 0.256721434895992 0.230640599868787 0.137647038341823 0.173363200959386 0.170206378117435 0.143835463299279 0.107514470359913
0.423210474940594 0.397036925326723 0.461188788476157 0.440764388915154 0.305717547943414 0.232768254188942 0 0.461726220890955 0.396131889308185 0.366969035130935 0.443708657634392 0.399464857574032 0.482485321579714 0.456453739194327 0.410395213803588 0.414405762326534 0.43260069618137 0.437875852166793 0.454359702986084 0.345365695764004 0.13367743049632 0.140966803796393 0.442743928901124 0.382602910480156 0.295516703701847 0.224542595240509 0.379184624148899 0.391078832708186 0.35073388186215 0.368098935807007 0.430993639230133 0.394096710036279 0.33555379856431 0.190504088360517 0.272517648945646 0.219110235200506 0.251030779150358 0.161250552502004 0.109798506970892 0.198872392554672 0.438523732233265 0.382576059647289 0.3676199327392 0.364695617868667 0.333643961270234 0.364304870065715 0.388627457823528 0.361669963897043 0.331073104491727 0.305849779365141 0.415005251408417 0.366266625904818 0.417417703216644 0.389690906894429 0.489977060714843 0.470921204386069 0.39866244172255 0.427499073782014 0.475532729025191 0.481409418741463 0.393318906675827 0.360925175444834 0.357508135111252 0.188324346922391 0.430797892297275 0.383346880105474 0.402636473596825 0.418851273845545 0.226685993002615 0.224826499282686 0.427170950192826 0.348142762433462 0.41983532270853 0.477784873412662 0.46223975767477 0.447665430047918 0.290316154886057 0.265887831073161 0.424047321350235 0.437691346554225 0.331399406762627 0.336857868614462 0.474796199576057 0.431623274786142 0.357364041099961 0.399196467487884 0.365208029866683 0.340731721526282 0.270088143947107
0.413053853254734 0.39347799376981 0.408492346052389 0.434817666139629 0.283064083826361 0.247703308605602 0.461726220890955 0 0.374378290543923 0.386444938532413 0.404145487278148 0.447093581347673 0.416485335880432 0.505862987625624 0.361995701341882 0.40852509953064 0.445012464007124 0.432356587476523 0.437134232390959 0.344271513207278 0.133127882215049 0.13250656453005 0.416754397872147 0.388378021134643 0.244524505807833 0.197976696427555 0.381934441370399 0.418971782819245 0.349797625967226 0.39072153129504 0.430966799081452 0.418621570374751 0.286584808187664 0.151600858617561 0.249078663828289 0.19578372913422 0.251481361218229 0.159052100264061 0.0608117183797301 0.176157956501284 0.414358319886255 0.382911059688172 0.348087895795319 0.319897884413276 0.307847440134255 0.314388043427618 0.36283393354027 0.369963643005993 0.33690075985527 0.312639708382061 0.419308890389587 0.360133032237265 0.392865186315634 0.396422477461477 0.462061302293981 0.500121382213429 0.409800991761818 0.445208017969466 0.4271254156119 0.460895210633877 0.380437496591735 0.345837268953579 0.280126373109279 0.132336118048941 0.39807048544962 0.388951917624239 0.415347271274066 0.423280472978448 0.260479092038389 0.249408831273619 0.42609151376641 0.338995187680039 0.417365459764841 0.494516964242847 0.451714437316442 0.450023893858033 0.269200989196478 0.243366943888698 0.406195291904209 0.431431556495288 0.30875184740498 0.335739952476423 0.461585730431492 0.409811051741668 0.329120723441074 0.378386175675353 0.378775011669784 0.341998980872104 0.259273072290972
0.273422728854286 0.255899282499339 0.356479788978215 0.334532357014646 0.316303296180779 0.241121202454048 0.396131889308185 0.374378290543923 0 0.391104324351438 0.335707425780631 0.306595271975776 0.408183462156873 0.405621011873789 0.399167194338168 0.404705558616625 0.304304359289704 0.282366801024789 0.32824003584266 0.264914314973057 0.103153039995549 0.123975799326088 0.373375327756186 0.325918078318914 0.224660833468175 0.180475046131672 0.284602666750484 0.294626120935655 0.286524359880658 0.310276045722565 0.370421497742223 0.292985829881885 0.286848266600009 0.154894987643693 0.18125197326967 0.1381491434735 0.177879493217071 0.100909092305202 0.0793749564837505 0.101536156148681 0.287222281542875 0.26168591781953 0.250713438369846 0.193599700157059 0.214509569781881 0.222762293531655 0.250735857656904 0.216157313929182 0.233855480682826 0.206747919500133 0.276364148034809 0.241925619621851 0.247860702943224 0.266686244990928 0.38827000067486 0.40357647395257 0.335083773972831 0.33964271340553 0.391895968754207 0.360952685512635 0.282599702967578 0.243345593245047 0.222488966320356 0.11532351871253 0.329125336843516 0.256436045051231 0.263479165128462 0.236404371225794 0.176119156595198 0.215827568593034 0.315823649661187 0.260619962089836 0.253436811879946 0.320589759697446 0.327369236974016 0.310792911314932 0.228134857510999 0.232477850401696 0.32527279653042 0.323270993976051 0.26190669616084 0.245557964793 0.379799123949156 0.346518148939692 0.261867278587541 0.281758464842841 0.251966636523922 0.240570360455714 0.206784093718654
0.273057256814033 0.242738387195748 0.310238914531016 0.341023827303118 0.294645370147355 0.253855377017323 0.366969035130935 0.386444938532413 0.391104324351438 0 0.293237894580236 0.309370846145239 0.392609932293409 0.397872053686057 0.345746635541133 0.40817353362274 0.272432040979594 0.273742367875172 0.302077745766007 0.234854822696254 0.11528565576225 0.111209764642485 0.380025894710304 0.34730720797186 0.280784210152713 0.248700384959826 0.231065909123921 0.25833470820251 0.240474555222213 0.317976737892126 0.321731526119557 0.280736301343688 0.27865831387076 0.144921465944701 0.194286280150393 0.131100114759385 0.166008173037289 0.123296510994661 0.0911804619581753 0.146976839582236 0.29225078340714 0.266912983068405 0.21178801880155 0.201789046439869 0.198955397415407 0.242809107495852 0.242517110825752 0.254516884802205 0.227064476487402 0.22828379143708 0.276518285635573 0.244220897624697 0.247386199236024 0.260550649100572 0.401985830590509 0.430079109977154 0.27040662733042 0.322675894418711 0.413861453205176 0.442537064702709 0.27356407673929 0.244619920782168 0.18547143676747 0.0842690123672278 0.304488583990765 0.260244644077893 0.262610060441314 0.265962365698011 0.192584723753951 0.211888776682343 0.311711168784606 0.267741445349606 0.272193361133656 0.337639839331673 0.330547632093588 0.334272115871896 0.217092201038659 0.207272065691733 0.336178172714737 0.352935443579535 0.226934184058573 0.26032193021442 0.392143030834423 0.360324724426963 0.225257620941375 0.286061840732246 0.253915083578379 0.238613777345837 0.163822834168073
0.468956207934709 0.436634584868223 0.341469546782562 0.352858460754037 0.289258791628546 0.16656716890824 0.443708657634392 0.404145487278148 0.335707425780631 0.293237894580236 0 0.551924778972432 0.473419882294213 0.450129433143246 0.290644884168654 0.308178550863872 0.517979914316527 0.498990551590889 0.435016629421177 0.385957418849259 0.0836864620365408 0.131474814672416 0.304602291264916 0.197979125532791 0.171542880955931 0.152744912185796 0.440990971845206 0.438039628114268 0.264183781879447 0.265527411049514 0.416132032320357 0.40012350187058 0.17452700684893 0.098844237790885 0.222975257575158 0.159163612475468 0.211232712756212 0.148408233850916 0.0242636181121836 0.18689958567142 0.384739191670685 0.331313411698998 0.324859565751436 0.333655572731568 0.279738130487355 0.310575711048933 0.337000701771909 0.26258243820833 0.309440872142126 0.292874646326214 0.443077769740695 0.426377283931825 0.421883809886646 0.404361443147965 0.495117974346079 0.483136504749364 0.514865614512874 0.481322342340439 0.232501320913561 0.352048837165851 0.359110667030774 0.325357837373199 0.329648622055601 0.19708706367775 0.382423230371204 0.334345207364982 0.399766182974343 0.413540585346919 0.23912514615108 0.229208973957911 0.414687813543202 0.333288610329417 0.45823032504821 0.515798801015927 0.474355750809204 0.428249750442334 0.225658172204401 0.184859637190491 0.312266701539368 0.352587060517967 0.279434410312115 0.286811105007999 0.364212816766168 0.315374052858766 0.339557896648946 0.342399058652667 0.378090061632739 0.322496926292326 0.262976919062237
0.463199849674412 0.416549581249442 0.300618589669654 0.329298868679399 0.254092643861974 0.187282502856157 0.399464857574032 0.447093581347673 0.306595271975776 0.309370846145239 0.551924778972432 0 0.412754483606249 0.523854882875501 0.256822713517506 0.304913189310375 0.553131709132385 0.520190509880755 0.441688809317297 0.397313038295382 0.090634445304316 0.133199814941855 0.271623079867194 0.191743270323005 0.13185729776302 0.150016815672683 0.470563419024 0.517482756988322 0.277495006526212 0.300315453529518 0.420683614180043 0.460992831961354 0.14841290910965 0.0866339464024763 0.181521242192912 0.144427363032044 0.235586640955118 0.164578899334057 -0.0107093731704427 0.153409296530613 0.379894554411972 0.318650752231607 0.270080309181149 0.287724609448509 0.237799951688479 0.283904246055036 0.314545831921987 0.301322828690224 0.317629991859591 0.314195207071771 0.464428373014704 0.401560855368631 0.435364148876931 0.419820980846396 0.521232507436519 0.536479979442064 0.549838318352841 0.530742331973858 0.217861651785175 0.333314387294598 0.327062162200668 0.333404839353637 0.293222500964912 0.160815432655825 0.388339641994555 0.340866164207989 0.388347256656538 0.434213680708707 0.24279091881503 0.274127903407668 0.431171705287312 0.358363675590181 0.486960191914016 0.551639641832176 0.493163760647237 0.426368543582711 0.202629772188826 0.169025779829602 0.300976613842795 0.370221261134621 0.267222769822782 0.310806326779404 0.366668122206073 0.275209776846481 0.338180740345245 0.348461444042264 0.416827867010132 0.354770245423561 0.228188605698688
0.373203070328297 0.350976072421749 0.374250662848303 0.360016177822898 0.315106648335943 0.249305209557387 0.482485321579714 0.416485335880432 0.408183462156873 0.392609932293409 0.473419882294213 0.412754483606249 0 0.490143959640597 0.419795349850443 0.438537761677294 0.399560512466366 0.422052958775892 0.417877885530302 0.335964059041619 0.118751226036755 0.143524476205794 0.431799673766471 0.347227911725075 0.268074426643427 0.188251200660004 0.367181353583901 0.385978623375933 0.318102192161443 0.315941148070105 0.394887963775989 0.34956420634095 0.311142969331568 0.144241040513346 0.222792009999385 0.178408579350922 0.244704941980182 0.136628729095691 0.0975727512678184 0.196569847028545 0.367252481753889 0.332023692301968 0.299713681041612 0.286382913140253 0.277156272085567 0.299067958601334 0.348804194257381 0.31349516819748 0.301666028128095 0.286216847455363 0.367841088409667 0.306547182425999 0.342925444843095 0.320782080061943 0.502258436753414 0.4633930270849 0.421865105974269 0.433019943462554 0.448785246953925 0.422085552917013 0.341906169547486 0.295159522974694 0.262045072814271 0.129667018085887 0.372169203871377 0.337283103378354 0.325076966076806 0.34103779316058 0.254203422996794 0.2135011345434 0.383981542969028 0.307768274383735 0.395975130276069 0.444881573335944 0.440147180188641 0.431703614416452 0.304063388071828 0.248638280020615 0.411166562263323 0.394213105176945 0.330770685455402 0.29968116453987 0.428547757722621 0.373520532580618 0.320191371595468 0.347777115228129 0.325482544986971 0.29780597822324 0.219632244537753
0.42699308168204 0.397923954316681 0.370448253755578 0.418088408519506 0.319105251023113 0.250596929800968 0.456453739194327 0.505862987625624 0.405621011873789 0.397872053686057 0.450129433143246 0.523854882875501 0.490143959640597 0 0.411409238360626 0.467732069375147 0.478238620129218 0.467398829472232 0.44046879828754 0.374448805383525 0.150367577123228 0.129196542617353 0.412109384269657 0.368579013340947 0.229211368311929 0.233429575716573 0.41687332585806 0.457976920234011 0.356694613146114 0.386394623138715 0.459833475456753 0.443444737366905 0.285935504614622 0.158688746898817 0.21461394951679 0.199601441126033 0.269014259774156 0.168715183466007 0.059446419368533 0.183432119330797 0.40256502502205 0.345292788601988 0.305883125570723 0.290881091803718 0.278923761885005 0.295748888377733 0.342456571949835 0.3449420256593 0.319984426633555 0.314768523324041 0.434975298820217 0.335700329145661 0.403572871272251 0.378866601675076 0.499338069099783 0.554100077650382 0.47664495346272 0.486073184861774 0.396184284067598 0.47899873151129 0.382156889864777 0.339161443643328 0.245516755057055 0.100641303075262 0.422398583936481 0.394810905263393 0.383700092568979 0.391401110041166 0.275015646481233 0.270495302030743 0.432741270461974 0.35588744727966 0.446155188734293 0.525125927582893 0.489693639762532 0.477634315405466 0.277180672001067 0.270041212359333 0.398798378662699 0.43655768198146 0.318629412578033 0.32991748767324 0.452418856207228 0.372239617038062 0.303009388089079 0.358007234010663 0.402697501091232 0.350739366715722 0.236408789738822
0.3031757855832 0.288028374273681 0.376612629614217 0.353087712247247 0.287394243190564 0.221741540681333 0.410395213803588 0.361995701341882 0.399167194338168 0.345746635541133 0.290644884168654 0.256822713517506 0.419795349850443 0.411409238360626 0 0.436270620808685 0.28678745792758 0.285264001592524 0.329502905552957 0.258327571854106 0.152549577501832 0.117336271511294 0.439618170293604 0.410601993865645 0.27988825778216 0.194863455699972 0.272496909529347 0.266580761000712 0.327546026851416 0.343075142608436 0.355756216032905 0.283593142089491 0.367847321798027 0.173453391917242 0.214312882757362 0.165320069967751 0.190494317122536 0.110335781437472 0.130496911841266 0.154760097390955 0.33183729779629 0.2960849352744 0.300820053683715 0.256006933266274 0.273966448222145 0.272817019303968 0.319697575156683 0.313132852671212 0.247952917495337 0.252914311156951 0.292232917704044 0.25148796901605 0.275746048799085 0.2607183287404 0.400300739482063 0.357773218909935 0.285654352175377 0.32669698284246 0.483207697301776 0.41189002377865 0.30113484400804 0.239142992350738 0.209684872905885 0.0977963847167004 0.325096490162254 0.296776028890012 0.283964972852606 0.256929943654733 0.206751956740306 0.175251712690447 0.308027614086532 0.246665058344778 0.294077963110277 0.332734080757078 0.35085507248647 0.353147008919457 0.288801847696957 0.278389961928785 0.393569310805116 0.366536659610617 0.293686036467291 0.274461883439931 0.415398217325088 0.388806944450576 0.266048371144747 0.304198395361807 0.248546747312269 0.261000488711386 0.2151890761803
0.293377364824877 0.280277884943476 0.373135338115697 0.386251580718196 0.29686697679212 0.28475765209846 0.414405762326534 0.40852509953064 0.404705558616625 0.40817353362274 0.308178550863872 0.304913189310375 0.438537761677294 0.467732069375147 0.436270620808685 0 0.31448368164798 0.315710708332937 0.354264841142506 0.256595801019246 0.167093021407167 0.101523648649439 0.47241757628332 0.437223445408253 0.309450185129091 0.269697648046333 0.26967381325081 0.288357743479989 0.325755257057225 0.398713708738164 0.364089542705034 0.316699959267517 0.37824490130442 0.202089456671048 0.215140737000336 0.20447533117946 0.21310050428124 0.137343254986496 0.132079313395476 0.187281272156531 0.364790747897699 0.322478661652548 0.273317016710313 0.221552511613709 0.251732191043879 0.270931720070883 0.294721373278055 0.319130054531774 0.270123621081774 0.263899121445217 0.32506437261683 0.242510448327074 0.287941863462638 0.248508914505896 0.433650618012046 0.436979754840116 0.282426960194538 0.330085344858692 0.520270812174741 0.51646574336947 0.296194407902523 0.263945867404734 0.150178741325585 0.0397528835775133 0.338580609438699 0.309470470753005 0.287222902796827 0.27769219387574 0.226109076199349 0.220919095970422 0.348644492549703 0.285264838628011 0.308220913327796 0.382492641377281 0.369062129059711 0.39101473225085 0.266360290388727 0.285826213867729 0.394417970338363 0.41931883943981 0.301456440526393 0.298796396022779 0.429017240387812 0.362582065136883 0.235261574625592 0.305211402002092 0.280628853757724 0.270056310425569 0.184029679773237
0.489962538304283 0.480676202626335 0.385878461317604 0.368213071310215 0.262231984000043 0.1675688867543 0.43260069618137 0.445012464007124 0.304304359289704 0.272432040979594 0.517979914316527 0.553131709132385 0.399560512466366 0.478238620129218 0.28678745792758 0.31448368164798 0 0.589735818525298 0.501121334949025 0.427816026477291 0.11700937920064 0.166888233150498 0.338349079603461 0.316579315548715 0.198772682725852 0.20691016570749 0.498538553352082 0.530330437971374 0.35782545034268 0.360029643780258 0.489185739263596 0.486005982025502 0.236819845120263 0.17486798646173 0.243923395657328 0.201337613771855 0.306843342249467 0.173131619200421 0.0164644635017772 0.206847838495387 0.431654401106023 0.390082604835936 0.386268284426474 0.368982005989613 0.32278388226704 0.370178952625032 0.354183391330975 0.32420555962476 0.351450511776365 0.3305439016429 0.552991807343674 0.45332397412716 0.46397546448979 0.430225760074742 0.474282702353963 0.436752843045102 0.522644213371779 0.523893777889727 0.329469977498793 0.395052409395453 0.398352210114494 0.381980475653973 0.389030133499209 0.202489700195607 0.443964049505519 0.40377657872821 0.485686168349287 0.505505990914349 0.243057850722136 0.265496808056738 0.488911804958252 0.401837819664439 0.560211661911787 0.600271403799168 0.583608713404666 0.525623524259354 0.274722451597016 0.22085515664595 0.400998706706218 0.410113432074671 0.2980618997617 0.302641421298335 0.396912357430178 0.332195652170133 0.386498811337426 0.399226967164164 0.459209477916682 0.403706006125669 0.277093924082815
0.491068604476119 0.505661914800887 0.384343461782021 0.375134306988373 0.255427715273411 0.16362958349023 0.437875852166793 0.432356587476523 0.282366801024789 0.273742367875172 0.498990551590889 0.520190509880755 0.422052958775892 0.467398829472232 0.285264001592524 0.315710708332937 0.589735818525298 0 0.512349963829218 0.420652329757831 0.134437428368642 0.137707319839381 0.379897260770742 0.313922781360721 0.208161141554984 0.21637426956224 0.481080657180992 0.54371999732892 0.371581741652913 0.384853315328692 0.451197629110439 0.48219723049309 0.22022641577985 0.102369142547153 0.241938633496546 0.235255216439642 0.332060731486479 0.211294933942824 -0.0252826247683897 0.230716606911784 0.474614194804564 0.418771652065483 0.406136959929601 0.419001762673268 0.337622192606813 0.388276366636877 0.371753618405094 0.346133649388696 0.396699501593123 0.340063919412355 0.549694959701789 0.460561036461639 0.454484913529358 0.386562623625476 0.445239201981198 0.404491680187613 0.475564826915027 0.507935753266646 0.355364943245564 0.398111835036792 0.393078384664837 0.384915800869761 0.372863564857142 0.150020266409539 0.416445069812088 0.441259007168834 0.512942100204522 0.563278465133669 0.259156389656714 0.267136222350663 0.501328497936228 0.392197544958157 0.555476044532569 0.673893198492857 0.594285594099987 0.568225070388501 0.299331528691827 0.241915877338961 0.412829462904414 0.425717578327847 0.291816358990282 0.316860164912393 0.375233031561594 0.31938867744553 0.384822625272746 0.392380888555698 0.417367927160475 0.38023411275954 0.244532162068226
0.468921236329867 0.437774709509198 0.428038928288368 0.404864446313316 0.240563365232775 0.180970826580481 0.454359702986084 0.437134232390959 0.32824003584266 0.302077745766007 0.435016629421177 0.441688809317297 0.417877885530302 0.44046879828754 0.329502905552957 0.354264841142506 0.501121334949025 0.512349963829218 0 0.432904207639499 0.117420689669184 0.144319999393217 0.432303031959068 0.358390766090058 0.252926795301838 0.181157418698617 0.426118436506892 0.447720375195184 0.380795986294653 0.384433388266491 0.49897299536668 0.445165706003192 0.327834938492737 0.185358399890358 0.253368302183994 0.217992737323057 0.259558233070059 0.165573152632354 0.0302857030196843 0.220187969503361 0.435026194282321 0.380706171798307 0.367660097139627 0.36311188412907 0.332925996262579 0.358605409104702 0.340474671985012 0.36601115158345 0.333126349889808 0.32724190086305 0.471176130127068 0.414039931156354 0.441802604429291 0.408583681534658 0.434954607714105 0.384267178513108 0.44202331415938 0.453445435477001 0.409973147391763 0.398176777317859 0.380098910648724 0.35939052175678 0.406794694559927 0.200526212232614 0.461649078302178 0.418584039495968 0.463230992041505 0.452312897704289 0.247794396553984 0.259585101564032 0.479335825923217 0.380369207846987 0.471391608883565 0.508060826617859 0.494878293565236 0.471239458919972 0.303208866988017 0.248419795403514 0.417376404490262 0.423711725996817 0.308798856410983 0.305763520074149 0.440224814803966 0.411004099185639 0.395140086766288 0.409424966994446 0.404158084670013 0.387294906871883 0.285862339852039
0.388265899510064 0.364323878490469 0.321977745578196 0.310679384422338 0.183257545571526 0.136890387994878 0.345365695764004 0.344271513207278 0.264914314973057 0.234854822696254 0.385957418849259 0.397313038295382 0.335964059041619 0.374448805383525 0.258327571854106 0.256595801019246 0.427816026477291 0.420652329757831 0.432904207639499 0 0.0952972973574191 0.107805319316986 0.319777689957125 0.258805580926779 0.152712590700836 0.131525945593165 0.384282994782477 0.400646671600332 0.295101188508184 0.303154527313413 0.403633376797707 0.390705967643979 0.210920823513535 0.164368987926151 0.186503056771236 0.145645282747329 0.204011184922863 0.12555743904171 0.0368770800670624 0.163836503402079 0.340794640308726 0.301386606545106 0.299290958197129 0.291739656462742 0.272131629447423 0.275270872992681 0.288359950821486 0.253290569132753 0.273192562975237 0.253912947966177 0.397823679062163 0.332823465906047 0.368694328349241 0.331854372619275 0.345624088915658 0.328792149101202 0.394637928334511 0.425458637425737 0.260271687464117 0.277411085042144 0.292019613759558 0.301124094062967 0.330890693212135 0.193918894322352 0.363593230062621 0.322900484132162 0.371006725562088 0.371974162648268 0.181990517444556 0.199461153491687 0.372049463110845 0.30856471755328 0.406252580823163 0.420392302458932 0.408494881337384 0.376391904851461 0.210331571958148 0.191052307604132 0.301075029991665 0.315602495347507 0.224940832073255 0.240868381184452 0.336768948512736 0.273508794104035 0.318056547315991 0.318565962108565 0.354756948331702 0.312041231795667 0.243389246196258
0.111541223494865 0.114150020617094 0.144222722336361 0.141182965178689 0.0804900865948103 0.10261674024387 0.13367743049632 0.133127882215049 0.103153039995549 0.11528565576225 0.0836864620365408 0.090634445304316 0.118751226036755 0.150367577123228 0.152549577501832 0.167093021407167 0.11700937920064 0.134437428368642 0.117420689669184 0.0952972973574191 0 0.0529200497317093 0.182286068494855 0.193542465420864 0.131667011857159 0.102826709850325 0.114094009218984 0.126074272155507 0.162940221064658 0.171135869806569 0.158299842464799 0.135723025362034 0.177264567384654 0.123848260640119 0.106623510301573 0.139977822919611 0.122690909830022 0.0987919784625142 0.0354932451188295 0.0735234329174023 0.172662492664395 0.168936152539301 0.161527418237375 0.152330447340954 0.142379489407603 0.145310454714013 0.143652851029913 0.171018784430022 0.145500076835344 0.116820305620543 0.117719470069957 0.0831183089580506 0.134360125317034 0.0964208783008519 0.116357515218888 0.0982720793064755 0.0518838371280998 0.0949801634572504 0.192108493038017 0.193994152571824 0.132642950950982 0.142735157135556 0.0943847853539376 0.0203712328032546 0.113873611073449 0.129883284877384 0.1401018859737 0.132047145526734 0.0456593333768485 0.0976549087422069 0.135893937431593 0.112912506329228 0.136575902900506 0.186541244686426 0.159445361019081 0.184426958685268 0.13982508955042 0.122033532714675 0.164688807209755 0.158497379865891 0.120359086046469 0.110717321762101 0.152877441580648 0.127103757201223 0.0837264781042852 0.128107874488096 0.092001020752185 0.0951056892462412 0.105294058069956
0.148410245374638 0.13729538375605 0.126555206371686 0.111706080981346 0.107553505172025 0.104259958057467 0.140966803796393 0.13250656453005 0.123975799326088 0.111209764642485 0.131474814672416 0.133199814941855 0.143524476205794 0.129196542617353 0.117336271511294 0.101523648649439 0.166888233150498 0.137707319839381 0.144319999393217 0.107805319316986 0.0529200497317093 0 0.130438689328691 0.108384122317744 0.114686864348288 0.0719998220289029 0.13686190267231 0.10485751934053 0.107241367422763 0.111417325325241 0.138407138675677 0.11235778479951 0.106353119990528 0.0906205820462572 0.0993079624572034 0.0345601268131954 0.0335960282478614 0.0383847405835213 0.0835229321394287 0.0464665745246644 0.136052819303793 0.124631132431083 0.118991162946808 0.111475494756705 0.104237843868469 0.0953636820410129 0.12030399871265 0.120567124597737 0.101927541237074 0.0932315531196926 0.166217612981955 0.137039051868871 0.125187029895836 0.131776388329979 0.14123320277443 0.133652529322755 0.140338681295649 0.140205136643977 0.13236553528345 0.12266112306135 0.120763975635782 0.094917369778708 0.108638406652709 0.0527681855330274 0.162513906383004 0.0952184573974318 0.145863107541025 0.131503765560258 0.0634091977142997 0.0918580495657958 0.120173041158804 0.135012513444997 0.156295975279767 0.134746038350299 0.154082802932467 0.129330751296463 0.0669152859605956 0.053515188108729 0.136807981944137 0.11862581982058 0.0935593796166665 0.0894993412425923 0.144912684227371 0.132160343129276 0.140940634781165 0.132201585362886 0.146165981264974 0.119821653672042 0.10288402444689
0.32408744772241 0.33462062744578 0.458084214802326 0.431400041603866 0.287184391503256 0.244377063248271 0.442743928901124 0.416754397872147 0.373375327756186 0.380025894710304 0.304602291264916 0.271623079867194 0.431799673766471 0.412109384269657 0.439618170293604 0.47241757628332 0.338349079603461 0.379897260770742 0.432303031959068 0.319777689957125 0.182286068494855 0.130438689328691 0 0.514157507561453 0.346432746302478 0.278280356745085 0.317441544069703 0.316767543824038 0.421392756795305 0.429827924237037 0.428502865059941 0.332185610553021 0.459775809375567 0.229990892045018 0.263779914638601 0.252241111131092 0.267061759952683 0.145658064632209 0.134805516107963 0.209749489037034 0.397373880648088 0.365705511245193 0.382151405612371 0.328026804743823 0.306174334691303 0.334596219485889 0.374314857864792 0.360137951718415 0.324743003545184 0.296149767607798 0.365320776589885 0.28564374089475 0.324999874457753 0.286842569786064 0.390104205076215 0.352924134958297 0.276017401981999 0.335407005327622 0.61228146101184 0.505195187758097 0.364843143939026 0.324378869101724 0.278123247737498 0.112871316254191 0.396831605968039 0.395043469504212 0.364254642331259 0.367804450391896 0.238237297728921 0.193999332044114 0.387932002611707 0.299295852728324 0.350120850996118 0.420927526431853 0.406650328510414 0.448906221813877 0.342187735848218 0.313018547530588 0.472948462164671 0.452076275226038 0.31288362173833 0.288999307588754 0.465531904255803 0.429008735479091 0.291388578542269 0.344336137137851 0.283747890991196 0.289894953753365 0.230648612787265
0.274593919992783 0.278119646559512 0.41646093374293 0.412525417887711 0.266881906854806 0.265360690904911 0.382602910480156 0.388378021134643 0.325918078318914 0.34730720797186 0.197979125532791 0.191743270323005 0.347227911725075 0.368579013340947 0.410601993865645 0.437223445408253 0.316579315548715 0.313922781360721 0.358390766090058 0.258805580926779 0.193542465420864 0.108384122317744 0.514157507561453 0 0.340187622990168 0.300842973631193 0.264195457598722 0.262495659443425 0.379804247876233 0.435576264483554 0.361247344878112 0.307952442514152 0.414942130587049 0.219337592332146 0.248527326022054 0.238612660337632 0.249415713822524 0.167352142117015 0.123920397470395 0.201593992716007 0.361575960421656 0.338382023797958 0.335721863884594 0.307508482660921 0.291121025887721 0.310192987027914 0.328946407374964 0.370501948415553 0.292516382217997 0.257642575278209 0.317683326039902 0.25516441429958 0.270436820884556 0.244279137815469 0.342243562089369 0.30962483821946 0.175629434435984 0.263858431473875 0.587505454465877 0.524615290853657 0.315162837204811 0.29948930240295 0.206566262810717 0.0718869472474634 0.348994933597361 0.374421112762714 0.344686149328198 0.34187252360113 0.251931063588784 0.195328805662959 0.341516064022554 0.258455746791789 0.297373935183698 0.393065514796202 0.345096022742881 0.411291667625179 0.325649166823599 0.303632223101046 0.438165080683066 0.418146317663761 0.276840991988976 0.271839677018388 0.412710253868701 0.39772601613995 0.239818269592937 0.295178687748625 0.25160331177532 0.239537408827552 0.179168410027761
0.208071180585804 0.198966347448762 0.291195138694738 0.251389762365421 0.219139439559633 0.205263217282009 0.295516703701847 0.244524505807833 0.224660833468175 0.280784210152713 0.171542880955931 0.13185729776302 0.268074426643427 0.229211368311929 0.27988825778216 0.309450185129091 0.198772682725852 0.208161141554984 0.252926795301838 0.152712590700836 0.131667011857159 0.114686864348288 0.346432746302478 0.340187622990168 0 0.247663074177494 0.170499973165115 0.160396336405603 0.259671178399585 0.263403196609349 0.246002323091485 0.206299119676083 0.331943776071746 0.183545792003861 0.207181755116325 0.180401623230056 0.168331888820162 0.112919195774338 0.143025124214381 0.136530166640453 0.262494591275645 0.252701936985973 0.245192674542798 0.237843734212697 0.212236492561132 0.229930419018682 0.255635482585716 0.292886373178815 0.216468183545963 0.210303411429535 0.235663072636189 0.17632919905975 0.207579622358482 0.174396235751305 0.27478814833824 0.229488859861929 0.115464713261816 0.165813670312381 0.430700618376029 0.393005185997785 0.245206172370822 0.212696639240872 0.192629551796774 0.0759385627371969 0.231005649616151 0.222572032364442 0.208930268628636 0.219065539908503 0.157016805307863 0.137906827339627 0.246337786472686 0.223359446506019 0.197456192847049 0.244983593178709 0.261183007929942 0.2752244038862 0.184593788739913 0.171702239994673 0.311395878917029 0.290751490958965 0.193615792077049 0.197921913845674 0.283563726756416 0.300845746081332 0.178710889627665 0.236016961669585 0.183035405064989 0.171796785011607 0.114549278520874
