0 0.598415276229469 0.762995179826775 0.606420980423289 0.758256502166314 0.603727455071376 0.53106470341015 0.870517770011028 0.626390314873238 0.678825560789646 0.477002090042672 0.567974551024811 0.408875206462725 0.541538188578083 0.514461053703899 0.562544705972466 0.500165267591329 0.544482320240776
0.598415276229469 0 0.573866415680709 0.54515345284094 0.551813391280408 0.706347415973104 0.391414836339253 0.617000616379873 0.533537092966385 0.464260524107858 0.521621282891528 0.340018716690603 0.346457633350902 0.343031345549233 0.450026111144798 0.306852185998061 0.35884632659875 0.347763814276166
0.762995179826775 0.573866415680709 0 0.748161577457441 0.673923490513656 0.409548874222578 0.341617720526251 0.820313995669482 0.765704704000861 0.725462189250275 0.405880339120783 0.466967861275353 0.329241720906333 0.381111764621518 0.463786489689957 0.452415248686611 0.422643733481812 0.415694816040751
0.606420980423289 0.54515345284094 0.748161577457441 0 0.672606387802998 0.509056798436449 0.377941718574157 0.626856630136151 0.828735070348299 0.784803719764386 0.428719918096068 0.431861178390596 0.251755515386051 0.328241562412318 0.383984680145547 0.351724465035974 0.502777954708964 0.298490535732476
0.758256502166314 0.551813391280408 0.673923490513656 0.672606387802998 0 0.416267275848923 0.559602099723405 0.661301166485047 0.654004356509862 0.73133878660973 0.354933761004083 0.441216144752594 0.347507919409555 0.322926724538285 0.306954214883905 0.353789391037557 0.344372801278731 0.404280581714895
0.603727455071376 0.706347415973104 0.409548874222578 0.509056798436449 0.416267275848923 0 0.376333016671125 0.586540476088563 0.473054516394637 0.422026031700963 0.589972860524161 0.332789551892061 0.387115143724722 0.362061963354093 0.586352179121157 0.332279334724435 0.371895850102194 0.406309845510284
0.53106470341015 0.391414836339253 0.341617720526251 0.377941718574157 0.559602099723405 0.376333016671125 0 0.475021556955484 0.343905273146124 0.547139571394933 0.273650184365157 0.432182583547883 0.451656593946953 0.390085557528239 0.331204843864014 0.401120203329208 0.427884896524838 0.426573373370689
0.870517770011028 0.617000616379873 0.820313995669482 0.626856630136151 0.661301166485047 0.586540476088563 0.475021556955484 0 0.685671232802624 0.635614904185219 0.34742708240981 0.465172608449233 0.393366351072094 0.439060585897329 0.564493414149436 0.439139819604682 0.46345545641375 0.45608245023119
0.626390314873238 0.533537092966385 0.765704704000861 0.828735070348299 0.654004356509862 0.473054516394637 0.343905273146124 0.685671232802624 0 0.825397516495736 0.319079298029748 0.436558898590396 0.269661474946111 0.367585859629434 0.396461706295823 0.342314356637264 0.384138058801681 0.361476329755123
0.678825560789646 0.464260524107858 0.725462189250275 0.784803719764386 0.73133878660973 0.422026031700963 0.547139571394933 0.635614904185219 0.825397516495736 0 0.409046233386166 0.503447962738851 0.365105277307352 0.460750166574593 0.469250878774938 0.428879033991293 0.438869859876394 0.468558209829334
0.477002090042672 0.521621282891528 0.405880339120783 0.428719918096068 0.354933761004083 0.589972860524161 0.273650184365157 0.34742708240981 0.319079298029748 0.409046233386166 0 0.464175596927157 0.357140482771756 0.496327920566887 0.611929918043976 0.480959449966552 0.48862812953772 0.453302260658546
0.567974551024811 0.340018716690603 0.466967861275353 0.431861178390596 0.441216144752594 0.332789551892061 0.432182583547883 0.465172608449233 0.436558898590396 0.503447962738851 0.464175596927157 0 0.466629162271086 0.515601650206841 0.462046374510689 0.566363446540124 0.487789229672379 0.59528174222533
0.408875206462725 0.346457633350902 0.329241720906333 0.251755515386051 0.347507919409555 0.387115143724722 0.451656593946953 0.393366351072094 0.269661474946111 0.365105277307352 0.357140482771756 0.466629162271086 0 0.321962363491154 0.33152739503968 0.418543509533165 0.346207631291207 0.340285209283603
0.541538188578083 0.343031345549233 0.381111764621518 0.328241562412318 0.322926724538285 0.362061963354093 0.390085557528239 0.439060585897329 0.367585859629434 0.460750166574593 0.496327920566887 0.515601650206841 0.321962363491154 0 0.571743062722251 0.594195964111556 0.496685432806728 0.675180821170909
0.514461053703899 0.450026111144798 0.463786489689957 0.383984680145547 0.306954214883905 0.586352179121157 0.331204843864014 0.564493414149436 0.396461706295823 0.469250878774938 0.611929918043976 0.462046374510689 0.33152739503968 0.571743062722251 0 0.543147638798288 0.5254655008018 0.590292381400098
0.562544705972466 0.306852185998061 0.452415248686611 0.351724465035974 0.353789391037557 0.332279334724435 0.401120203329208 0.439139819604682 0.342314356637264 0.428879033991293 0.480959449966552 0.566363446540124 0.418543509533165 0.594195964111556 0.543147638798288 0 0.488730558502766 0.62393701004313
0.500165267591329 0.35884632659875 0.422643733481812 0.502777954708964 0.344372801278731 0.371895850102194 0.427884896524838 0.46345545641375 0.384138058801681 0.438869859876394 0.48862812953772 0.487789229672379 0.346207631291207 0.496685432806728 0.5254655008018 0.488730558502766 0 0.388410940826947
0.544482320240776 0.347763814276166 0.415694816040751 0.298490535732476 0.404280581714895 0.406309845510284 0.426573373370689 0.45608245023119 0.361476329755123 0.468558209829334 0.453302260658546 0.59528174222533 0.340285209283603 0.675180821170909 0.590292381400098 0.62393701004313 0.388410940826947 0
