0 0.026116055032878 0.0130171050918929 0.0111134949745294 0.00790809659594452 0.00787327891391759 0.019215904489639 0.0147264591849975 0.0128659286510031 0.0104966781212962 0.0246653860494769 0.0211352927740972 0.0288033132696173 0.0240518977892736 0.0168018388982689 0.0159617058881055 0.0268877974925782 0.0311789774468605 0.0224382442784148 0.0217664848209608 0.00371482875076947 0.0037143659882381 0.0168901870517382 0.0102405476202792 0.00877768843277539 0.00458389616672168 0.0155975203788599 0.0214097348967942 0.00978503516983103 0.00613054784705631 0.0174378815850354 0.0135147921166291 0.0111424108203399 0.00441485374655683 0.00731780856890406 0.00710307246089113 0.00595426156075925 0.00645822176810152 0.00563758796896832 0.00759045708833388 0.0267732193874968 0.029548436868357 0.033445580004847 0.0328913269744044 0.0289476954856097 0.0270618168865265 0.0307079744975378 0.0275299574581436 0.0172454040663371 0.0125290425079937 0.0409082316434913 0.0380484448897239 0.0302134818939706 0.0278059107074027 0.0275358491297907 0.0144518946462044 0.0302846358851288 0.0215977291724214 0.0186665338363222 0.0117867080917247 0.0166735711756262 0.0149121263718608 0.0334554460896782 0.0320916731825259 0.00824458516985097 0.00481694397171185 0.00346087741300808 0.00356941778217819 0.00280371892769359 0.000475178897341227 0.00601719666315459 0.00165742838306527 0.027263903110687 0.0354123456179549 0.0250962283210309 0.022422054554648 0.00810005650780687 0.00824451011835697 0.0195945300880725 0.0184595520453707 0.0151845205155748 0.0130214225110793 0.000711171367028697 0.00558203264964392 0.0045162444273572 0.00389651713642858 0.0103123609258425 0.012551452766427 0.00552311781345317
0.026116055032878 0 0.0105087044836545 0.0119471600250746 0.00528715024225622 0.00581473898284636 0.0128712652324892 0.0118480928536043 0.00561745093437922 0.00509295033200899 0.0161046128490212 0.0244062312976326 0.0249606559600617 0.0271872830720208 0.0147267429929426 0.0189445806182 0.0322393172836268 0.0418030703810281 0.0208160238382356 0.024263956186497 0.00164308800306869 0.00742850771268881 0.0133926587111457 0.013676818917714 0.00963535840087849 0.00787593020323471 0.0175249139596016 0.0282219689553394 0.00978183859681151 0.00639245570100375 0.0161695720099473 0.0146448372740449 0.0120995755384402 0.0110824433633051 0.00727956106135772 0.00810982917865389 0.00717396191600411 0.00903892576269455 0.0115198640693555 0.0100377272592674 0.0234171889019021 0.0291642273361855 0.0298849144172918 0.0352631090695004 0.0330686122710858 0.0315683354580032 0.0257220747486218 0.0204905812681337 0.017833308355102 0.0135891552024566 0.0477757014416836 0.0509557664642397 0.0241734158373763 0.022407541886989 0.0174885949434364 0.00957182881794674 0.0258621908925261 0.0197395896217141 0.0183914422956755 0.0125211725827893 0.0119116065678066 0.0116998645921966 0.0365331311866853 0.0372238946815974 0.00443861682237458 0.00127563162927735 0.000443500002238659 0.0015112479012122 0.00483293744197398 0.0011063884434388 -0.00284264700028991 -0.00617472530597815 0.0288762110542204 0.0420649264360388 0.0290361895525154 0.0304257775049816 0.00965773623862676 0.0141224911497517 0.0221790959315359 0.0196830272254317 0.0107517455471802 0.0117055817590394 -0.0093548056190515 -0.00665551726545148 -0.00114612356200638 -0.00501015027227908 0.00304772026099781 0.00541756728251838 -0.000690069920023366
0.0130171050918929 0.0105087044836545 0 0.0198120591459208 0.0148530712774404 0.0122970451106678 0.0273592193380974 0.0190232941365278 0.0186076470328429 0.012958009123215 0.00393354069632647 0.00563820208850424 0.0121249584929696 0.0118549897290954 0.0137065106258247 0.0116177314028349 0.0130580832532755 0.0108396799267513 0.0139021012645794 0.0134429160144934 0.00465525072979451 0.00735261114590234 0.0215966548684897 0.0130529035652662 0.01293361554342 0.00947096317857668 0.00721574797621722 0.00707961967312337 0.0143109299094048 0.0130605874019437 0.0116525153297609 0.0122686707221572 0.0255398464050487 0.0102711699635537 0.00557444154244972 0.00665640104276769 0.00564710136388354 0.0038113999169973 0.000668009865613604 0.00110835069046549 0.0289294240064497 0.0258889776929803 0.0391246255719109 0.0330953710309598 0.0243825739440785 0.0241922023120094 0.0345425023781241 0.036303362997932 0.0158217058677772 0.0116193191725173 0.0200570435762042 0.0169322683971708 0.0201974529422055 0.0209169994761025 0.0202460803418825 0.0185997644462334 0.0166734293633696 0.0201440795630057 0.0381503454507916 0.0313859499225907 0.0274508382057073 0.0225821621171203 0.0174607306040985 0.0217438933246921 0.0125469326464875 0.0119949242573017 0.00488473790311435 0.00733236493782828 0.00295093838113503 0.00547270867803875 0.0186751719516076 0.0138066194203786 0.016251621273132 0.0189290729034749 0.0138558595980077 0.0189148643300516 0.00434554493962537 0.00543352353889361 0.0185358551756677 0.0244186462495245 0.016131013563075 0.0165769991197012 0.0181426489531946 0.0255852672859736 0.0113462674117196 0.0130891291918794 0.0166756075714432 0.0176776756530316 0.0135343081865342
0.0111134949745294 0.0119471600250746 0.0198120591459208 0 0.0103642246244734 0.0105111684554651 0.0207118413542579 0.0192426748307578 0.0128780361949803 0.0124713586565706 0.00265434727002021 0.00872352318411911 0.00945988977138723 0.013288079339237 0.00969838961122091 0.0127739068336003 0.0113608498358205 0.010803662165889 0.0104032257008018 0.011774295264634 0.00312807234383568 0.00556001346344834 0.0147391218833254 0.0141182923903818 0.00952384606811662 0.00827739212261204 0.00660795296189941 0.00859552719337793 0.0107705326661761 0.0110192758415538 0.00945208914591267 0.0116390967231677 0.0175373742448506 0.0100097454569916 0.00339574031961365 0.00526207514733213 0.0051970089137818 0.00378779325543563 0.00238824344895624 0.00141506069075713 0.0238061204953086 0.0223763163785082 0.0320963569866269 0.0290593661735694 0.0223752588709561 0.0220654217030679 0.0291324328907807 0.0287501464020153 0.0137946528166201 0.00988230465206003 0.0186796575617277 0.0174138502826833 0.018779444438054 0.0191420270660185 0.0160897038070443 0.0197781962880323 0.0141374434562899 0.019246558792573 0.0274011985754799 0.02954039229269 0.0207747063036463 0.0199419857899122 0.0147400515827936 0.0177134944265643 0.00927318497027424 0.00919515785544264 0.00282902330573605 0.00509936242123888 0.00390928517087846 0.00382273521821983 0.011270620318953 0.0086650735280637 0.014926191719567 0.0175764977954867 0.0134358503386269 0.0184473767010361 0.00432680047678909 0.00634239567032747 0.0159749748176379 0.0229885007396951 0.0123984908417481 0.0149335369628622 0.0137998686470231 0.0169810834535346 0.00890469954754229 0.00864672073758146 0.012478679836446 0.0133571244176616 0.00986071568223426
0.00790809659594452 0.00528715024225622 0.0148530712774404 0.0103642246244734 0 0.0108930493061703 0.0176582611286749 0.0140141810521978 0.0136700066626785 0.0112697543555889 0.00457602447930159 0.0054110747954845 0.00815095734325351 0.00865613341920768 0.006187493855303 0.00518907666022373 0.0063388499232094 0.00405537269740108 0.00790365438171538 0.00835219296139709 0.00400115815045964 0.00183830028841454 0.00940174509673232 0.00485683124007367 0.00490882414845491 0.00373171464552633 0.00350755088544805 0.00352616973791122 0.00723032088898542 0.00716277959414303 0.00574170183791286 0.00783166634900126 0.0101233163708501 0.00199143949350333 0.00273817993729433 0.00370905731095414 0.0031439626564535 0.00155440215899046 -0.00204521197046526 -0.000737985966881624 0.0175001470680222 0.0160435467609636 0.0245960790721808 0.0197943266382839 0.0133003840442851 0.0133903883239634 0.0225537291412918 0.0246929143712852 0.00893057654869502 0.00657918584221424 0.010288104587712 0.00774687267394848 0.0123928977770262 0.0134847308589315 0.0135148877869572 0.0157472483493602 0.0107512232969834 0.0158125273644265 0.0156678913548253 0.0155738335087058 0.0154701547311694 0.0132384004791191 0.0103639413054438 0.012558852282802 0.00818906628323141 0.00824673001239917 0.00252891191109817 0.00399665313810869 0.000512555135645938 0.00191690831979389 0.0125399916960623 0.0100910236751859 0.00761115517056852 0.00758604331994526 0.0064854931280589 0.00910282428234096 0.00132478171338129 0.00102861036145218 0.00876562854805365 0.015281460297838 0.0113561854253553 0.0115064017521943 0.0156368790699378 0.0190846139100393 0.00916565329383295 0.01037897500201 0.0129610325245596 0.0126281146042661 0.0102750281504916
0.00787327891391759 0.00581473898284636 0.0122970451106678 0.0105111684554651 0.0108930493061703 0 0.014972320067988 0.0162894791512144 0.0102426269380726 0.0116452686377 0.00390392839446242 0.00783540706678671 0.00650431539530165 0.0106833977379696 0.00337910369893318 0.00427424150909265 0.00617491803947237 0.0051434751257031 0.00776535752364454 0.0100979567405897 0.00177697841023287 0.00293628967990902 0.00568969331157056 0.00402166553499727 0.00326880353446309 0.00409032943275653 0.00432111814239392 0.00528356479707868 0.00730543198194496 0.00737903311097489 0.00584874659992457 0.00798970545137326 0.00327886845474686 -0.00283979314873451 0.00175603787768633 0.00319125100371927 0.00216585707644137 0.00126728647015768 -0.00162438176423816 -0.000215232964731239 0.0188796050395435 0.0173467110887739 0.0247184312897055 0.0215106251067948 0.0129448825464001 0.0158038883362684 0.0255149036284618 0.0283074801016371 0.00918759401827866 0.00648711474623559 0.0101834205273586 0.00831462775886199 0.0133597316311796 0.0141700323486891 0.0118694803465927 0.0156427353251051 0.0122436374659896 0.0203636784453353 0.0095494252588427 0.0107726219291071 0.0125078782047018 0.0131877817115592 0.0106881102525243 0.011304540968026 0.0074556330124639 0.00757595385846348 0.00200486527746966 0.00437409867536693 0.000293269134101361 0.00397206660484818 0.01212467843576 0.00772175381973936 0.00860796815139245 0.00619438479452915 0.00668302888507222 0.00814523086426124 0.00138944863503243 0.00161781840766011 0.00727275675877922 0.0150858739783199 0.0110816973423331 0.0127566144786778 0.017594756739329 0.0179597340443417 0.0107584968759384 0.0109835770926811 0.0150433880269986 0.0136011914797926 0.0108346998898542
0.019215904489639 0.0128712652324892 0.0273592193380974 0.0207118413542579 0.0176582611286749 0.014972320067988 0 0.0279817421361842 0.0267285360444048 0.0215115239660358 0.0113642229727018 0.00970887079439734 0.0203568689646745 0.0170954857448415 0.0135255293986371 0.0120212901780718 0.014206474361797 0.0117250276595433 0.0144263562785716 0.0147289189658238 0.00597662347726984 0.00563514010487305 0.021180347624815 0.0136324364025985 0.0124133755029905 0.00804642730725421 0.00882640088652846 0.00852862654449331 0.0146716983920214 0.0135554057331044 0.0139400891570798 0.0154296826744842 0.0219702686126519 0.00744125501092237 0.00643378481538021 0.00757769613341168 0.00680614386436099 0.00435412632488676 -5.61394102833814e-06 0.00193796380902521 0.0379216733874309 0.0345070808399274 0.0462808157371592 0.0380341316114553 0.0303598447772852 0.0295457903914521 0.0417942960861746 0.0420933433255115 0.0193778090233385 0.0129868997764508 0.0242404613702633 0.0198631096645214 0.0285872447544986 0.0307163768481486 0.0329584208304334 0.0322567036183883 0.0232993671794609 0.0261940260088073 0.0352556840621728 0.0354480321708021 0.0312624025208153 0.0263248114784706 0.0212021124474172 0.0254184999585755 0.0133122799337315 0.0123872027369185 0.00553575776758526 0.00748378151477885 0.0010949758874656 0.00332316336979582 0.0204205234484785 0.0151425418717381 0.0180458024179568 0.0250890587910848 0.0170758103180734 0.0205899817000306 0.00496303702136384 0.00463742027784045 0.0202460782194594 0.0294855355151929 0.0215088072715958 0.0206100174243777 0.0215508756390659 0.0297619939100237 0.0140803573816597 0.015261577469655 0.0207261601385046 0.0220259512759909 0.0166498883134102
0.0147264591849975 0.0118480928536043 0.0190232941365278 0.0192426748307578 0.0140141810521978 0.0162894791512144 0.0279817421361842 0 0.0195416500452823 0.0204917150241589 0.00690755343917799 0.0143934372726499 0.0121390675138611 0.0179960511054314 0.00408540320666835 0.00642503878768185 0.0110867595112677 0.00975686986500968 0.00986602907098715 0.0137804101934111 0.00431738617027605 0.00484411117572349 0.0092792595766217 0.0100231851616448 0.00562938570290302 0.00550472147504907 0.0092444561900555 0.0109099618284234 0.0127372865302914 0.013734463849979 0.0112678259442144 0.0159437836284538 0.010912308601296 0.00566803673688607 0.00276844633158526 0.00542689163237162 0.00474291085331669 0.00265421066212289 -0.000670837952070819 -0.000386598058257417 0.0336065187956337 0.0305871673158288 0.0424614518098906 0.0365338116593953 0.0267206952965291 0.0272125908604007 0.0409253063348293 0.0419227683223956 0.0156756445307367 0.0106238244825282 0.0178857833419959 0.0166440977390776 0.0258916853249708 0.029303822068805 0.0238456781979314 0.0369939674029046 0.0195946372850527 0.0339158998352001 0.0136152145588416 0.0282011943728259 0.0250290486380071 0.0248933689059714 0.0176538532155717 0.0176830345425335 0.0121104937687502 0.0125930466958991 0.00432502443461017 0.00736671700555026 -0.000137251625781816 0.0028077641387845 0.0184373339681296 0.0151647790122533 0.0185073769352745 0.0206819318454619 0.0143984787026274 0.0166964260677322 0.00205126815210863 0.00377319787895706 0.0119078592982015 0.0265536471247097 0.0160943501364474 0.0194275493738084 0.0225613922030185 0.0239921762920978 0.0147401681958994 0.0145336571962096 0.020908701132014 0.0203924522424569 0.0168645312121213
0.0128659286510031 0.00561745093437922 0.0186076470328429 0.0128780361949803 0.0136700066626785 0.0102426269380726 0.0267285360444048 0.0195416500452823 0 0.0178127454476264 0.0112792584074466 0.00561589940179503 0.0164788280767534 0.0102387974597768 0.012310931004731 0.0106138262993457 0.00844554731979262 0.00479748550910922 0.00887322780595464 0.0089918026926956 0.00690613476694447 0.00312973882939539 0.0164134594987178 0.00841719073346903 0.00911067995019578 0.00500552064567577 0.00614549217006057 0.00463224016774309 0.0105911785498959 0.00993638524649684 0.00984164384781753 0.0102426995110586 0.0145516542721702 0.00431901158173244 0.0033845544933734 0.00485169617400932 0.00445634924425927 0.000919046503093616 -0.00205730673648011 8.029886936494e-05 0.0271694873176733 0.0245572942864452 0.0308486146327249 0.0224000664118938 0.0197098065494878 0.0173969182967317 0.0281972531415565 0.0286878244177886 0.0122595146429173 0.00767517622251084 0.0138112935521982 0.0103484216899912 0.0189814238824998 0.0205824249109991 0.0265368650403348 0.0255002007520438 0.0178321484978983 0.0199626446906623 0.0241938179337007 0.0260871310379858 0.0216043157626989 0.0170127646912415 0.0145782097563267 0.0170982565090933 0.0102008898247081 0.0085961958398494 0.00343138360183753 0.00471573644084708 0.00327124384604622 0.00028932582307692 0.0178639744669907 0.0131555993996212 0.0116173357808754 0.0164534372759517 0.00953650913750629 0.0114541269756258 0.00348336491294558 0.00181535036641294 0.0122380240215618 0.0200034367726138 0.0169199347025881 0.0144592972280019 0.0163285143457838 0.0231918795142492 0.0104229850092273 0.0118745629787269 0.0154608517131039 0.0165122078905636 0.013945226744304
0.0104966781212962 0.00509295033200899 0.012958009123215 0.0124713586565706 0.0112697543555889 0.0116452686377 0.0215115239660358 0.0204917150241589 0.0178127454476264 0 0.00763579184937244 0.00596506890503512 0.00891457180617122 0.00984990822062395 0.00642574927226978 0.0102303453006059 0.00482499595285537 0.00215952491977818 0.00764573892229779 0.00561362208874154 0.0050377348599753 -0.00149914608912972 0.0101936860712568 0.0123342430055651 0.00605839561839591 0.00503732560547363 0.00251114024704424 0.00177548096462239 0.00528156253606085 0.00652330558513602 0.00652190853723887 0.00793280590963994 0.00694745643440589 0.00472473057688592 0.00246979016820292 0.00415823562616408 0.003179678493898 0.000692406053621409 -0.00234424182083443 -0.000968293500907723 0.0169085668486438 0.0148973148333706 0.0210812083034916 0.0159854704648702 0.0121222889395221 0.0108163336179294 0.021470144613645 0.0225231098820586 0.00815609870389207 0.00478682447591302 0.0117210493409168 0.00769575967603116 0.0153224891758999 0.0172370610769338 0.0217789832818488 0.0273914058596986 0.0111378497958029 0.0153250114257558 0.0177592958469748 0.0272055235349895 0.015347081992397 0.0137452317904384 0.0103449273483725 0.0117628433412028 0.0067923199062409 0.00604799898557671 0.000436564871215837 0.00128247230351005 0.00196021851048615 -0.00243881548725357 0.00853475054560722 0.00721230489811987 0.00911554800136174 0.00877482270173729 0.00711593711920506 0.00924232497932923 0.00306009131307422 0.00301135519718729 0.0101208521454647 0.0196209867972251 0.0135869691164881 0.0154747426724989 0.0182606706765707 0.0198747864821773 0.00929243982855613 0.00984519740373594 0.0117843146363779 0.0119498577089461 0.00948849989661992
0.0246653860494769 0.0161046128490212 0.00393354069632647 0.00265434727002021 0.00457602447930159 0.00390392839446242 0.0113642229727018 0.00690755343917799 0.0112792584074466 0.00763579184937244 0 0.0232063189060354 0.0341548612971211 0.0220062813537302 0.0184512094441653 0.0135030084697723 0.0201974547065366 0.0221976135639382 0.0191110899901302 0.0142361372573294 0.00494194787280705 -0.00333223249946587 0.0158544016565048 0.00754670090251966 0.00428780716504353 -0.000357650232697188 0.0121724073472802 0.0144839901737635 0.00106234839931706 -0.00157266875884694 0.011550727299254 0.00650564941200786 0.00159842157074324 -0.00530235569351375 0.00422471082006561 0.00211629213874567 0.0015894187465642 0.00146102250099599 0.0027479277466932 0.00603651684402219 0.00593563807778888 0.0119382344056603 0.00657534696925481 0.0071906303820507 0.00985536217478708 0.00858185622446295 0.00973445640445656 0.00929336993640496 0.00884932107661953 0.00649085529613759 0.0257357210863851 0.0245510864223058 0.017311281611785 0.0164389292036612 0.0268962469624076 0.0111531582880856 0.0303953704170458 0.0175739097445732 0.0124321452634399 0.00137552153407651 0.00403544159722458 0.00216401369768427 0.021164873259271 0.0177310952849924 0.00480121480479757 0.000515218352444508 0.00332510987338908 0.000189702186718484 0.00125708460431574 -0.000639811113906135 -0.000383013108714025 -0.00423963952120707 0.0161865167748273 0.0182469355921544 0.0148591377603629 0.0114647727616716 0.00733653366909844 0.00383897467111249 0.0157232877181191 0.0089656939122534 0.012542445843089 0.00784430657925354 -0.000847259998372927 0.00229267027851891 0.00199911013812329 0.000909603310722584 0.00588840363185896 0.00542277214362548 0.000670979376490773
0.0211352927740972 0.0244062312976326 0.00563820208850424 0.00872352318411911 0.0054110747954845 0.00783540706678671 0.00970887079439734 0.0143934372726499 0.00561589940179503 0.00596506890503512 0.0232063189060354 0 0.027562575183908 0.0319122860110031 0.0118050191503548 0.0155200949273506 0.0207729385173799 0.0270007528484034 0.0166040606343935 0.016771678988516 0.0040416339289238 0.00126492917598566 0.012007492311915 0.0127336378439744 0.00490752461274452 0.0045397826303784 0.0149692428362312 0.0238809267497663 0.00707297498655078 0.00630808755536644 0.012694749719504 0.0115384225997262 0.00343295497426272 0.00112224526949974 0.00264913254736885 0.00529211884920021 0.00352964952263577 0.00544950999897803 0.00512222547169909 0.00527069156963492 0.0163675907648389 0.0202697700572366 0.0175336430726307 0.0203011628323532 0.021366104864792 0.020922030869471 0.0194399876689033 0.0172471661276965 0.0124428441387814 0.00999930857360839 0.0270176276938255 0.0299189626348602 0.0194154218825058 0.0176022703144365 0.0200653124584062 0.0189351800005388 0.0275071939763422 0.0290469252568709 0.0107866059263636 0.0107146083615406 0.00756674366211521 0.00922788627028592 0.021861888401301 0.0173437415190291 0.0054182063858407 0.00358397111521694 -0.000217534744812314 0.00258857257704124 -0.000327194160989798 0.00179709086099386 0.000599096188901787 -0.00155166713896563 0.021337488513819 0.025516609786584 0.0189810836829798 0.0211533739481482 0.00648368419507234 0.00865548123165706 0.0162280650935868 0.0165813253852097 0.0110887522751838 0.0122882524351319 -0.000971261265375121 -0.0011994655193214 0.00248229215600692 -0.00158732988911097 0.00556655937965137 0.00575760942928936 0.0001805845499427
0.0288033132696173 0.0249606559600617 0.0121249584929696 0.00945988977138723 0.00815095734325351 0.00650431539530165 0.0203568689646745 0.0121390675138611 0.0164788280767534 0.00891457180617122 0.0341548612971211 0.027562575183908 0 0.032386578506981 0.0258034078513868 0.0224696905896222 0.0252238460690263 0.0291290992342507 0.0231594684057203 0.0187245943230154 0.00503972170875041 0.000969443073417096 0.0246881774567107 0.0143990150029435 0.0116421178616955 0.00554849448223729 0.0168800563227636 0.0217391844180283 0.00962467085406653 0.0060492037942182 0.0172827135573037 0.0116564935889303 0.0111583102119172 0.00015476200406786 0.00796430836051902 0.0073020695214775 0.00577529057597705 0.00597275817633418 0.00712974219485939 0.0095526759328486 0.0259771319091747 0.0310311574884247 0.0261848664473925 0.0270379955474763 0.0290627547456595 0.0270243387903726 0.0250878951773376 0.0229220594024008 0.0188230668225153 0.0136127194907535 0.0373515619289128 0.0350939138655549 0.024483032337229 0.0239589894496216 0.0343472970979536 0.0148001480504709 0.0356919649150914 0.0215788735549999 0.0297726853275708 0.0128948519339035 0.0145319350192433 0.0113212647587921 0.0300101493679956 0.0289284392099794 0.00657647482394664 0.00258616259234744 0.00181610805753566 0.00157204384837504 0.00146503397334995 0.00161541042004525 0.00457721064285296 -0.00197229502640604 0.0219676911110322 0.0339846294172008 0.023809498924038 0.0246650818378884 0.0116753204584712 0.00971282172552097 0.0263169868387943 0.0185297505023211 0.0192154048992113 0.0138552179753055 -0.00337400872468835 0.00333447360837474 0.0017202243243521 0.00022756905178148 0.00825739951263382 0.00990487690212115 0.002821139181735
0.0240518977892736 0.0271872830720208 0.0118549897290954 0.013288079339237 0.00865613341920768 0.0106833977379696 0.0170954857448415 0.0179960511054314 0.0102387974597768 0.00984990822062395 0.0220062813537302 0.0319122860110031 0.032386578506981 0 0.0173388119231131 0.0214898573082604 0.0251501302496876 0.0299281337434564 0.0192344963466707 0.0194343780451594 0.00359165782864394 0.00386501559457984 0.0162808441190262 0.0154486414677074 0.00904167738236239 0.00731547195834172 0.0166300918623303 0.0250200321468791 0.0116540401934465 0.0104299945365092 0.016117244714482 0.0146642666497311 0.0103250930466876 0.00210326968589303 0.00560105765996052 0.00760601674388064 0.00594933097545415 0.00704858394359858 0.00719755159795065 0.00662242197479363 0.0285706452146677 0.0329222075587126 0.0311574615639009 0.0326617619787714 0.0313894174640139 0.0309399502176781 0.0293399000389965 0.0272357636624682 0.0187531391375843 0.0132646935569312 0.0345021325400221 0.0346628222856762 0.0247386064112455 0.024980387058743 0.0238904067472891 0.0186475041936126 0.0315670978435116 0.028683390255868 0.0188789334123472 0.0156320810079985 0.0147774462966607 0.0157478560573871 0.028003319910025 0.0263880975094483 0.00676105087331961 0.00511257378957673 0.000600697764877306 0.00305818669132399 0.00127790338174218 0.00304649587921322 0.00421025532104979 -4.64502872597365e-05 0.0247137881039022 0.0319242722776733 0.0237389788275525 0.0266509466538534 0.00845989721244399 0.0105863618624563 0.0216493258146486 0.0214075038126173 0.0153848933097921 0.01597629537975 0.00110982164220051 0.00258539310813838 0.00351300396786619 0.000709583607515155 0.00973782230746018 0.0099753499912662 0.00387308196895612
0.0168018388982689 0.0147267429929426 0.0137065106258247 0.00969838961122091 0.006187493855303 0.00337910369893318 0.0135255293986371 0.00408540320666835 0.012310931004731 0.00642574927226978 0.0184512094441653 0.0118050191503548 0.0258034078513868 0.0173388119231131 0 0.0230771564568012 0.0179440883856591 0.0189257542981332 0.0170197331934389 0.0116449243941214 0.00467725300407041 0.00192562110702323 0.0231612913908078 0.014900584760127 0.0130061883286232 0.0070415035148656 0.0102633763715564 0.0118376827906594 0.00840226764136724 0.00602103883058326 0.0122133633340003 0.00709859841184876 0.0186227384334565 0.00623379258427453 0.00558112826361408 0.00516045366387921 0.00489129622962023 0.00313711543903571 0.00500469338919018 0.00532330097218256 0.0158593546743933 0.0187892096439951 0.0172637851675683 0.0160500384050801 0.0183767953329777 0.0157238929511566 0.0137513112087163 0.011524639512759 0.0120370428784861 0.0081913245826041 0.0254088094245619 0.0229809771299292 0.0134372089979322 0.012416036559045 0.0198907133518389 0.00344495462685347 0.021270289789181 0.00876796899901482 0.0350690029227207 0.0173075278697359 0.0123852297657998 0.00882731911062273 0.0196359541761684 0.0202942652899991 0.00575105300962808 0.0027697240060933 0.0017369822233986 0.00103190399472061 0.00731332222205758 0.00234604833689332 0.00344987020910945 -0.00172948502657373 0.0162620105700736 0.0221588866875113 0.0158387250108719 0.0184061955675664 0.00999851201213311 0.00855094883019663 0.021553301832771 0.014783124050648 0.0129304060686066 0.00913461343549509 -0.00196508493181074 0.00428270171812282 -0.000145919201207798 -0.000372150540256441 0.00380210329780467 0.00576375507107973 0.0011091716680658
0.0159617058881055 0.0189445806182 0.0116177314028349 0.0127739068336003 0.00518907666022373 0.00427424150909265 0.0120212901780718 0.00642503878768185 0.0106138262993457 0.0102303453006059 0.0135030084697723 0.0155200949273506 0.0224696905896222 0.0214898573082604 0.0230771564568012 0 0.0181432215032165 0.0211061383572557 0.0154492795630329 0.0106547906527155 0.00446769431403909 0.00273961294754609 0.0226263022744581 0.0229608812405051 0.0135982325732566 0.0100463212080048 0.00997650621737787 0.0167903454352286 0.00841861633552303 0.00921691434065967 0.0127133451262595 0.00907228148331391 0.0198591265731559 0.0117660961009568 0.00437918346785171 0.00527025792220362 0.00621578373729524 0.00439407001633136 0.00711706538284009 0.0062591072497531 0.0144444830192163 0.0183862141303147 0.0150434368180157 0.0157169537205544 0.0205599024881089 0.017259607591101 0.00977337077277895 0.00444992988973902 0.0116565064683814 0.00853510029689011 0.0291418588739014 0.0282170638052636 0.0136038550501232 0.0113938855739281 0.0190751287275423 0.0103000239476818 0.0194339846896147 0.0109651160174097 0.0375922640349231 0.0267653306692163 0.0111544324787289 0.0102024741335423 0.0202653110702338 0.0207394196805032 0.00351386127643139 0.00262235126590371 -0.00129021944888312 -0.0022921245165367 0.0107170440342644 -0.000117118442592873 -0.00205845558798152 -0.00541094312512633 0.0180423899311916 0.0232855958672675 0.0178484627836914 0.0242864056468232 0.0108304143623734 0.0130951886542856 0.0240387393338854 0.01997141236025 0.0110121859323709 0.0115951493719351 -0.00647272159661067 -0.00211495731935084 -0.00274447563219823 -0.00505196054658684 -0.000918897130971152 0.00177380172066117 -0.00238344694320866
0.0268877974925782 0.0322393172836268 0.0130580832532755 0.0113608498358205 0.0063388499232094 0.00617491803947237 0.014206474361797 0.0110867595112677 0.00844554731979262 0.00482499595285537 0.0201974547065366 0.0207729385173799 0.0252238460690263 0.0251501302496876 0.0179440883856591 0.0181432215032165 0 0.0456533498945319 0.0237665290019232 0.0256075315728735 0.00188011827022375 0.00840829112921463 0.0154669313866947 0.0108728088819088 0.0105157205640314 0.00620651211996322 0.019352783136224 0.0276129491164155 0.0121387253664177 0.00729461051557778 0.0174230868283414 0.014828985431938 0.0152295512995264 0.0062842942329083 0.00613396340698974 0.00604628122470886 0.00749946988941415 0.00738528188336752 0.00934613895411517 0.00749490456029753 0.026136264610672 0.031028476549841 0.0317250662681108 0.0356443961674013 0.034534663225331 0.0320053725216946 0.0278528979838044 0.0241266283509722 0.0190132583518924 0.0132582143751315 0.0478296718567377 0.0486928998669319 0.0242666415816665 0.0228776755781021 0.0182813416784402 0.00581413718891863 0.030327333805351 0.0208040231065541 0.0223099329462666 0.0100752769900951 0.0144239925188557 0.0127009718174552 0.0385158057092576 0.0385068567632897 0.0057098333607449 0.00223519126065809 0.00166917334992292 0.00205276903639408 0.00773078371497396 0.00145994795291378 0.00269414197952837 -0.00249640686435669 0.0344123671681677 0.0442841926584013 0.0309511476418245 0.0296562315187942 0.00958388371344862 0.0128648211910802 0.0233012896948137 0.0173345042994284 0.0113890843225369 0.0108075218281248 -0.00695442276981818 -0.00171677913782543 -9.51521302388304e-05 -0.00166435013085522 0.00547162064922194 0.00821069749330343 0.001683007183627
0.0311789774468605 0.0418030703810281 0.0108396799267513 0.010803662165889 0.00405537269740108 0.0051434751257031 0.0117250276595433 0.00975686986500968 0.00479748550910922 0.00215952491977818 0.0221976135639382 0.0270007528484034 0.0291290992342507 0.0299281337434564 0.0189257542981332 0.0211061383572557 0.0456533498945319 0 0.0270960645363963 0.0297149003570102 0.00043984358177542 0.00873738963385904 0.015097660339199 0.012533277242072 0.0111564803689156 0.00769859882205288 0.023640084076014 0.0360639488678971 0.0120297160708231 0.00589260361699158 0.0199430432242379 0.0163915202488496 0.0122871488407417 0.00964690692392415 0.0080303344631536 0.00891265947237942 0.00842192680412373 0.0103732348636783 0.0136330673114659 0.0131953572669902 0.0254250683183759 0.0326937035512122 0.0305279855302896 0.0393451016328343 0.0395679755457334 0.036947994562796 0.0263679104898039 0.0205476467408482 0.0209666120127411 0.015614174241299 0.0579309195660609 0.061373530338492 0.0266793036334997 0.024532675118907 0.0173968187781246 0.00172044140528226 0.0328190661267683 0.021627232682121 0.0194774067788666 0.00550096191209353 0.0111276503907532 0.0102531864705962 0.045983909560425 0.0445785251456004 0.00301482243420447 -0.000591815106344372 0.000250714384280082 0.00141462648279708 0.00721757736762161 -2.34259152900469e-05 -0.00328305430441651 -0.00876786716376182 0.0390618816488813 0.0547540111205791 0.0366360833168443 0.0349021996038431 0.0117787976244708 0.0167988300295501 0.0257476104023417 0.0173190268473364 0.0103335322720283 0.0107225252600162 -0.0164612737290287 -0.0127905205894215 -0.00409418343900953 -0.00775003108976577 0.00146002651477262 0.00465906356414178 -0.00314535203969307
0.0224382442784148 0.0208160238382356 0.0139021012645794 0.0104032257008018 0.00790365438171538 0.00776535752364454 0.0144263562785716 0.00986602907098715 0.00887322780595464 0.00764573892229779 0.0191110899901302 0.0166040606343935 0.0231594684057203 0.0192344963466707 0.0170197331934389 0.0154492795630329 0.0237665290019232 0.0270960645363963 0 0.0183607135063223 0.00293037300329259 0.00333338981287953 0.0174810212153378 0.0107952214348344 0.00889739050030665 0.0047426671884944 0.0126675958862511 0.0167280987733135 0.00916274895443963 0.00578764746835471 0.0138532602543989 0.0103946468053874 0.0117743556121554 0.00268756979709966 0.00689820757205413 0.00574066578816498 0.00501451867259678 0.00464735537962855 0.00441219914363358 0.00619948582642563 0.0173860125051967 0.0208226082239987 0.0239815227643761 0.0261244537341826 0.0213990392685794 0.0200592824837494 0.0230876577783714 0.0230154140074549 0.013257863372095 0.00991212709064064 0.0338442912799943 0.0304678016778219 0.0174424628060409 0.0160773584871177 0.0194506845856096 0.00964782811170218 0.0222212612339891 0.0164261565816721 0.0239934907170043 0.01208826762216 0.0120781798506639 0.00966014345324307 0.0268936551217664 0.0260497571300263 0.0080698772572519 0.00568180796503971 0.00199671127142568 0.0032650752765591 0.00409441945783984 0.0015114130989239 0.00517134527721766 0.000736190306127976 0.0235809294357892 0.0279366478256608 0.0203073262867034 0.0209406342015996 0.00696948803302494 0.00804401441873616 0.0197179901487946 0.0160816969950061 0.0125258659530521 0.0113581052626466 0.00283817278117068 0.00786120982973717 0.00396366305120953 0.00348919501371095 0.00827385745675989 0.00980703864873292 0.00373153593893674
0.0217664848209608 0.024263956186497 0.0134429160144934 0.011774295264634 0.00835219296139709 0.0100979567405897 0.0147289189658238 0.0137804101934111 0.0089918026926956 0.00561362208874154 0.0142361372573294 0.016771678988516 0.0187245943230154 0.0194343780451594 0.0116449243941214 0.0106547906527155 0.0256075315728735 0.0297149003570102 0.0183607135063223 0 0.00201303750648893 0.00654404874750759 0.0103710213964503 0.00563735885912769 0.00680754399643633 0.00444313419675775 0.014637744295749 0.0202190555343301 0.0105688441616282 0.00730452236156895 0.0142583871120074 0.0138582037482936 0.011722181121135 0.00426801266092124 0.00605140955967939 0.00626339983577266 0.0053832474249756 0.00512852548970468 0.00625728358363347 0.00587057830475993 0.0251037989921438 0.0276835550322858 0.0341690902750267 0.0348125476916129 0.0277801291897084 0.0272349572011455 0.031504746025114 0.0297354123834594 0.0161320524528711 0.0117196155138149 0.0353007163858817 0.0352996829818998 0.0236182162614793 0.0225554070076724 0.0162292411848816 0.00964190693583542 0.0245342709497133 0.0233141979955062 0.0123935833801523 0.00764743869753323 0.0149412518494839 0.0146001207602363 0.0314339855362002 0.0321550539957048 0.00851765583469677 0.00541517908139621 0.00309381854646778 0.00431955735791486 0.00349434397925593 0.00307755977598329 0.00822541969264846 0.00355005200642649 0.0246267961250299 0.0315670420574989 0.0222031448247212 0.021292377032975 0.00604488322707477 0.00710536703453931 0.0158584690188475 0.0165027162167558 0.0115172461679982 0.010864079813704 0.00325175050993456 0.00642666295212791 0.00506531571739806 0.00419359457416599 0.0115654014795781 0.0121815395806571 0.00722933166009696
0.00371482875076947 0.00164308800306869 0.00465525072979451 0.00312807234383568 0.00400115815045964 0.00177697841023287 0.00597662347726984 0.00431738617027605 0.00690613476694447 0.0050377348599753 0.00494194787280705 0.0040416339289238 0.00503972170875041 0.00359165782864394 0.00467725300407041 0.00446769431403909 0.00188011827022375 0.00043984358177542 0.00293037300329259 0.00201303750648893 0 0.00109900372395909 0.00551762297267879 0.00361513465081221 0.00281026576716811 0.00155975771754514 0.00200383370997406 0.00143200569291331 0.00287109528814358 0.003099829036048 0.00363873562013493 0.00334854436732507 0.00496337597789414 0.00206389427162256 0.0010457297278305 0.00129449560182442 0.00111268505032012 0.000763143117369096 -0.000736638090964688 -0.000106628462354854 0.00614546138434149 0.00608880269317303 0.00736320046388255 0.00411959106580595 0.00436160026737884 0.0030954980213242 0.00708625411282703 0.00801001619591248 0.00299989796853557 0.00219232524479785 0.00152127135895529 0.00100695777498449 0.00488722521805718 0.00473003642544629 0.00817380419358072 0.00760727584957192 0.00645085881682556 0.00664296330320486 0.00851835947217039 0.00989938105647211 0.00585919936519945 0.00476260631042508 0.00171072242035591 0.00154424054008515 0.00365707047528397 0.00319752474348497 0.00126806449802383 0.000544153859190144 -4.69016287477781e-05 -0.00116234025517316 0.00465553971566697 0.00396944407854865 0.00475344340072832 0.00216918577207889 0.00157084133101187 0.0024834583367712 0.00164456562951809 0.000443473991110879 0.00334624939356043 0.00643476113389575 0.0053139471739372 0.00476128650334107 0.0042511159966984 0.00596693218939879 0.00272204969289049 0.00289514114393526 0.00357006225096424 0.00425320327473755 0.00341251129382689
0.0037143659882381 0.00742850771268881 0.00735261114590234 0.00556001346344834 0.00183830028841454 0.00293628967990902 0.00563514010487305 0.00484411117572349 0.00312973882939539 -0.00149914608912972 -0.00333223249946587 0.00126492917598566 0.000969443073417096 0.00386501559457984 0.00192562110702323 0.00273961294754609 0.00840829112921463 0.00873738963385904 0.00333338981287953 0.00654404874750759 0.00109900372395909 0 0.0033793913105498 0.00247123068943955 0.00389394778595835 0.00420641872293935 0.00545988113737249 0.00880089339312872 0.00795253651444494 0.00611001791512093 0.00449130814198176 0.00560542959464122 0.00875108933963487 0.00449211962893132 0.00165840540795737 0.00395269861026894 0.00247731852964678 0.00356603652766158 0.0064031568811957 0.00387284725594666 0.0143917370258758 0.0139626432764615 0.0174934442946492 0.0169395591612699 0.0138780903507745 0.0141143065731911 0.0140865262707492 0.0130008439781657 0.00671675109462059 0.00430847564257998 0.0112910334203953 0.0103757115784494 0.00883164343296971 0.00943882497991426 0.00122290611702688 0.00292742624521929 0.00798781662064834 0.00985688641536675 0.00522648866058696 0.00594095585431232 0.00818605741377068 0.00808744218257265 0.00931888975590625 0.0130757608554508 0.00393015053979848 0.00360673658645228 0.0017663563901271 0.00399705272882579 0.00458400420027986 0.00881513334453473 0.00638888345340097 0.00488572992229395 0.0119020706077533 0.015500282049085 0.00925842571878268 0.0088147048056802 0.000829438103783715 0.00241682351641003 0.00450500791665523 0.0072142854661004 0.00344578318028411 0.00262279140565237 -0.00207308000987609 0.000378941286599522 0.00137851524853334 0.00179872775917801 0.00425235428509475 0.00621290795170297 0.00531273701962697
0.0168901870517382 0.0133926587111457 0.0215966548684897 0.0147391218833254 0.00940174509673232 0.00568969331157056 0.021180347624815 0.0092792595766217 0.0164134594987178 0.0101936860712568 0.0158544016565048 0.012007492311915 0.0246881774567107 0.0162808441190262 0.0231612913908078 0.0226263022744581 0.0154669313866947 0.015097660339199 0.0174810212153378 0.0103710213964503 0.00551762297267879 0.0033793913105498 0 0.0205078848752047 0.0162767702290852 0.00932374008077188 0.0078615964934318 0.00965150260848502 0.0108026212317843 0.00984782493622584 0.0120525841920533 0.00803012257312598 0.0248358522043079 0.00834485699865559 0.00552924680870109 0.00541655109039446 0.00524928346613409 0.00326406663484929 0.00343630931400948 0.00493165013640658 0.0191984556959673 0.0196066051760818 0.0215736882805722 0.0186742617727161 0.0188012357831803 0.017466870807804 0.0177945105217333 0.0182106408173972 0.0133835914677973 0.0101728469804198 0.0240363615915112 0.0208753302357608 0.013604240585059 0.0127959789273893 0.025259905469758 0.0128572707532726 0.018088179172797 0.00945424820706565 0.0488683042851112 0.0315616615586402 0.0185088801595101 0.012802412003741 0.0169667919880048 0.0196411877164511 0.00845674434126316 0.00774167419241459 0.00278472965062944 0.00301897167136857 0.00460746893690734 0.00445886434770107 0.0076796267330926 0.00311201709614339 0.013986547155528 0.0209105768435872 0.0136201618039843 0.020017686843511 0.00884730164028742 0.00786731254802282 0.0242041902439307 0.0203791740897148 0.0156890361770772 0.0134556601028964 0.00523551135712367 0.0142728523315181 0.00355789651519545 0.00388261373728696 0.00635541941050502 0.00881326923454766 0.00407043962704198
