0 0.0195130184056179 0.0384003939435885 0.024398127072146 0.04355580217825 0.022918934567592 0.0350018922927295 0.0500131763255773 0.034865144715553 0.0371350739279031 0.0209389197126153 0.0312916041975115 0.0119227479509867 0.0335611048858074 0.0323570058100547 0.0401723977999595 0.00436899922259686 0.0312018359485867
0.0195130184056179 0 0.0169109974361395 0.0171133696756348 0.0166982487975857 0.00300094682367113 0.0122285627176528 0.0231763887931415 0.0160105011382465 0.0286562674595535 0.00969393144827597 0.00421320826443192 -0.0133358131596008 0.0127929457429314 0.0104771559081389 0.0241402753521803 -0.0191983429548455 -0.0102590741494436
0.0384003939435885 0.0169109974361395 0 0.0607035813225184 0.0520010396287988 0.0126907464737253 0.0313695373245692 0.0539914093664355 0.0496612550957299 0.05865081142396 0.0114491208120159 0.0298372997904284 5.54542450367777e-05 0.0184027593010674 0.0330787631897516 0.0289702990447865 0.0020064741171724 0.0250468270105356
0.024398127072146 0.0171133696756348 0.0607035813225184 0 0.0499157840016444 0.00556149265710136 0.0255685470736967 0.0317639037955936 0.0335974657424564 0.0478550274817365 0.00318424003078161 0.0166845769683734 0.00409113220776432 0.0205231900985509 0.0238136858453872 0.0234391551865824 -0.0108241339555097 0.00247846258955817
0.04355580217825 0.0166982487975857 0.0520010396287988 0.0499157840016444 0 0.00620821453768073 0.0301735042572966 0.0497335135701111 0.022716072375129 0.0541382205326234 0.023735528332002 0.0246781860549473 0.0063024126009981 0.016710931078991 0.0193149084619923 0.032707514463212 -0.0118193906700461 0.0262588714958503
0.022918934567592 0.00300094682367113 0.0126907464737253 0.00556149265710136 0.00620821453768073 0 0.0150172542176839 0.0172076033574584 0.030224636769774 0.0226093855292793 -0.00724815347241663 0.0156168781608705 -0.0109549120676794 0.0153067631459003 0.00907134981648706 0.00544216813642137 0.0028608487842581 0.0164986425491843
0.0350018922927295 0.0122285627176528 0.0313695373245692 0.0255685470736967 0.0301735042572966 0.0150172542176839 0 0.0428507732048352 0.0193680793469683 0.048409185435997 0.00979220920519523 0.0249588615917517 -0.0170902678470383 0.0150431103852368 0.0112386618554617 0.0334274029373436 -0.0051047351641142 0.0133454619801455
0.0500131763255773 0.0231763887931415 0.0539914093664355 0.0317639037955936 0.0497335135701111 0.0172076033574584 0.0428507732048352 0 0.0397844544041989 0.0559272967742507 0.0214161025928148 0.0275236052436668 -0.000989324632820895 0.0185768600509367 0.0437709641573528 0.0375694557305127 0.0107479575669904 0.0312063192258595
0.034865144715553 0.0160105011382465 0.0496612550957299 0.0335974657424564 0.022716072375129 0.030224636769774 0.0193680793469683 0.0397844544041989 0 0.0540723718912842 0.0190096711336792 0.027681938058835 -0.00830987470401749 0.0200945949259988 0.0210073454076324 0.0297748948981753 -0.000655029011591448 0.0127961399680067
0.0371350739279031 0.0286562674595535 0.05865081142396 0.0478550274817365 0.0541382205326234 0.0226093855292793 0.048409185435997 0.0559272967742507 0.0540723718912842 0 0.0180523882311668 0.018086575233909 -0.0218236004743101 0.00817043367233259 0.0291136470510795 0.0312009533643748 0.0028468074013134 0.011027617437169
0.0209389197126153 0.00969393144827597 0.0114491208120159 0.00318424003078161 0.023735528332002 -0.00724815347241663 0.00979220920519523 0.0214161025928148 0.0190096711336792 0.0180523882311668 0 0.0233168707291462 0.00584355727420963 0.0160720868358796 0.0125770501139413 0.024589496751491 -0.00567090716907076 0.0142770796853393
0.0312916041975115 0.00421320826443192 0.0298372997904284 0.0166845769683734 0.0246781860549473 0.0156168781608705 0.0249588615917517 0.0275236052436668 0.027681938058835 0.018086575233909 0.0233168707291462 0 -0.00636440949812055 0.0232454688528177 0.0140184075655275 0.0473367336336579 -0.00104592109885683 0.0314729019659309
0.0119227479509867 -0.0133358131596008 5.54542450367777e-05 0.00409113220776432 0.0063024126009981 -0.0109549120676794 -0.0170902678470383 -0.000989324632820895 -0.00830987470401749 -0.0218236004743101 0.00584355727420963 -0.00636440949812055 0 -0.00235161836375811 0.0137432558912573 -0.00341319858717186 -0.000594723423323203 0.00668807465221705
0.0335611048858074 0.0127929457429314 0.0184027593010674 0.0205231900985509 0.016710931078991 0.0153067631459003 0.0150431103852368 0.0185768600509367 0.0200945949259988 0.00817043367233259 0.0160720868358796 0.0232454688528177 -0.00235161836375811 0 0.0165605013358766 0.0199499770619613 -0.00139563070188725 0.0382888795487325
0.0323570058100547 0.0104771559081389 0.0330787631897516 0.0238136858453872 0.0193149084619923 0.00907134981648706 0.0112386618554617 0.0437709641573528 0.0210073454076324 0.0291136470510795 0.0125770501139413 0.0140184075655275 0.0137432558912573 0.0165605013358766 0 0.0223696216637609 -0.00234073965910108 0.0164457718779409
0.0401723977999595 0.0241402753521803 0.0289702990447865 0.0234391551865824 0.032707514463212 0.00544216813642137 0.0334274029373436 0.0375694557305127 0.0297748948981753 0.0312009533643748 0.024589496751491 0.0473367336336579 -0.00341319858717186 0.0199499770619613 0.0223696216637609 0 -0.00402793707945146 0.0430302647391554
0.00436899922259686 -0.0191983429548455 0.0020064741171724 -0.0108241339555097 -0.0118193906700461 0.0028608487842581 -0.0051047351641142 0.0107479575669904 -0.000655029011591448 0.0028468074013134 -0.00567090716907076 -0.00104592109885683 -0.000594723423323203 -0.00139563070188725 -0.00234073965910108 -0.00402793707945146 0 0.00358427477151553
0.0312018359485867 -0.0102590741494436 0.0250468270105356 0.00247846258955817 0.0262588714958503 0.0164986425491843 0.0133454619801455 0.0312063192258595 0.0127961399680067 0.011027617437169 0.0142770796853393 0.0314729019659309 0.00668807465221705 0.0382888795487325 0.0164457718779409 0.0430302647391554 0.00358427477151553 0
