0 0.0492936832598325 0.0459231013166052 0.0416735588683958 0.0127664065045214 0.0212919053581445 0.0496264402297143 0.0429720836378409 0.023891867710913 0.0205965739243689 0.0387626858255176 0.0417110070940768 0.033982023721969 0.0411509910121463 0.0235183239099967 0.0280452574352185 0.0338178211987068 0.0443089326748791 0.0504698581823392 0.0389350675397072 0.00907363212011104 0.000844448171301626 0.0394961346054113 0.0314624800351152 0.0122463848950088 0.0133688660373428 0.0214426853423477 0.0327883512021202 0.0253579802300369 0.0258570370790281 0.0424157320850426 0.0288509018116526 0.0213868778234327 0.0192931846686509 0.0104961932906868 0.00631887464790645 0.018654273908489 0.0097720462827288 0.00401157151870365 -0.00132751815694527 0.0361027010831535 0.0364594995531218 0.0327434036086531 0.042054171836739 0.0255425675251151 0.0293958932394349 0.0433599452795624 0.0342363541932226 0.0202463403186392 0.0180653710006611 0.0600055074130269 0.0472180407629641 0.0428368346982825 0.0365806307693246 0.0532503501968142 0.0340033313142292 0.0490095291419415 0.0450788338405778 0.0586104212053275 0.0446205738479524 0.0439443742504575 0.036672364155931 0.0315666510780059 0.0381556617766693 0.0255238178819627 0.0265282198980486 0.0309242392099848 0.033530106833932 0.0318943844651978 0.0259853774836726 0.018604859775973 0.0220223690852154 0.0318596357338364 0.0477576601255278 0.0386042034909227 0.037315259581587 0.0131183187998197 0.0110118461115904 0.0336375964796311 0.0287251940609539 0.0217469535374859 0.0180608150935048 0.0209079264763703 0.0242677412123671 0.0169719131554493 0.0197328857833716 0.0203158474948099 0.0221033862486164 0.0107142817319262
0.0492936832598325 0 0.0463307968207635 0.0478507022895465 0.0130795206463285 0.0224810378423054 0.0488508562517751 0.0486046939940048 0.0258635560374182 0.0266457319604928 0.0386249939900986 0.0483123577614356 0.0337098171932489 0.0493138794146486 0.0264569730702609 0.0340179817047581 0.0305498001280991 0.0515479679351915 0.0501169682383822 0.0436852262615741 0.00845111227335835 0.000866674213454456 0.0411791652547583 0.0352085402358408 0.0127097377923461 0.01383855021554 0.0219811321472676 0.0411914926453841 0.0267294023535512 0.0258714955256312 0.0379320661060428 0.0259241809166377 0.0179091401690294 0.0145377182455292 0.00437526492784904 0.00162211675305182 0.0204793492256281 0.0105665178426221 -0.00349498311331931 -0.00627583586493028 0.0337589500219445 0.0395289912239082 0.0325884297338131 0.0422787183588724 0.0233889678127317 0.0297689138284716 0.0448671929242991 0.0340366642941041 0.0168522392558832 0.0186116727879025 0.0566044880199403 0.0557299593253689 0.0404153974917432 0.0420144324410967 0.0484900615851905 0.0361067568050712 0.0446867322338962 0.0500146333451783 0.056167792455684 0.0449747385683049 0.0426427675493144 0.0375797725456371 0.0304488974222157 0.0436830622936149 0.029186268106853 0.0294539674974788 0.032238900567682 0.0394816703615754 0.0317344496984409 0.0302923992978509 0.0137059796507574 0.0231444000078131 0.027891195709826 0.0488298813015036 0.0350131048045905 0.0440098123949998 0.0157664062501168 0.0136933199278304 0.0332184754756897 0.031615136677346 0.0191554444792261 0.0211486621803419 0.0224286566667668 0.0281216794034614 0.0144094674979763 0.0200545149054508 0.0215984898754189 0.0238141215564314 0.0076136535341182
0.0459231013166052 0.0463307968207635 0 0.0501120906576932 0.0190960703588662 0.0216723577094479 0.061651917502245 0.0479768012578306 0.033762851447858 0.0259968076371697 0.0408037195745269 0.0340655715854559 0.0413457950271036 0.0427875863351865 0.0346720413501651 0.0368645861097082 0.0213832685195123 0.0336054238428913 0.0467817615117196 0.034617746341416 0.0110373057704204 0.00203674286712944 0.0531873020598107 0.0412387916896557 0.0125679540128364 0.0172283210091635 0.0182271048979269 0.0274499764325215 0.0308210364664144 0.0306912278249779 0.0456133219404987 0.0290743153875373 0.0292672954948168 0.0205003640001779 0.01253253034477 0.00849186958241883 0.0222364141773013 0.0120982329299805 0.00357159432871146 0.000229268310332222 0.0341742932873191 0.0321736377644868 0.0314272579087743 0.0379705502461511 0.0209285343865554 0.0261393100493225 0.0424864232047742 0.0351994711143914 0.0224783147158916 0.0179655157754835 0.0441230257371407 0.0453247975761579 0.0448442109828077 0.0353135692759427 0.0563285939284222 0.0431987181076643 0.0340935864240247 0.0375739295203497 0.0849283795930243 0.0653970176468353 0.0518629180808457 0.0379446110067133 0.0334804471972597 0.0427454529422949 0.0294739062039104 0.0324923856314212 0.0250845537551847 0.028780735603181 0.0183989979789614 0.018498819826818 0.0200348532743159 0.0229381535791133 0.0267557668149547 0.0433920506834021 0.0292514004841689 0.0359061841991677 0.0148404381424634 0.014977284902108 0.0402052469312688 0.0372089378967375 0.0298815429050062 0.024313717420906 0.0394679213114531 0.0411361226914983 0.0211077083182246 0.0199083393824376 0.0223214308926293 0.025600542706856 0.0149798652079976
0.0416735588683958 0.0478507022895465 0.0501120906576932 0 0.015280002308735 0.0301697658840985 0.0528333801809355 0.0600109769256322 0.029017213787925 0.032879180622587 0.0376377737770063 0.0478456135437389 0.0352032638257427 0.0604262117377677 0.0294852401027566 0.0470121816438189 0.0227600234537109 0.037856297268679 0.0422914864297602 0.038896422818637 0.010394457586535 -0.000870210506847786 0.0462609721310474 0.0463606005679391 0.0113790687962898 0.0151104751271475 0.0210960554358955 0.0398241041350187 0.0266745642597791 0.0308891346438617 0.0364108946331236 0.0265834666478174 0.0227802460942376 0.0193527199935121 0.0044289972897802 0.00157273100913405 0.0228895133154654 0.0114901279440521 -0.00368777466177286 -0.00772834101785585 0.0333682350193877 0.037139234343499 0.0323480505930698 0.0406741920275957 0.0237009120286748 0.0295463704774085 0.0472029657037905 0.0399226247011154 0.0190054945342603 0.020220073897913 0.0425349581832467 0.0420355726683411 0.0445315327175782 0.0415753231851326 0.0540983726050988 0.0561216525533169 0.0379429949961915 0.0517526442428107 0.0690179326202631 0.0674272965775464 0.0458500537124666 0.0430585228606529 0.0248999502562193 0.0369567546421968 0.0297373430627365 0.0322308897145375 0.0300190996334365 0.0381200368729639 0.0288848946195866 0.0266832803418878 0.0125147147113144 0.0255494284557364 0.0219381356164247 0.0462561648188431 0.0260375737463667 0.0400097116886863 0.015323829152831 0.0153211817593812 0.0341410733818126 0.0419563225542284 0.023301979981649 0.0262315278400381 0.0346118167094803 0.032711629374104 0.0152014907922274 0.0182816634671047 0.0230735100577765 0.0238551696627315 0.00707526563418483
0.0127664065045214 0.0130795206463285 0.0190960703588662 0.015280002308735 0 0.00789867758574907 0.0187627032619475 0.0155433819197217 0.0119274024623418 0.00926052812983132 0.0123033416291567 0.0107578459530586 0.0120189683496239 0.0145599043306292 0.0107901872183459 0.012578369912461 0.00638066601405414 0.0097029751725157 0.0134128274245903 0.0110315168815441 0.00393043199033458 0.000541279317767218 0.0159540687002403 0.0128741107173476 0.00465047009302605 0.00612155456007011 0.00562094093408029 0.00883915026250408 0.0096332036634392 0.00949678614479794 0.0145491481155829 0.00904352946091466 0.00924061877251782 0.00628258725423921 0.00438850982048998 0.00256131632862547 0.00713056846890111 0.00411799735370246 0.000631240905120988 7.64741324073073e-05 0.0112244728868183 0.0106099911793384 0.0103854173657193 0.0117147183357807 0.00627702755422939 0.00834516285012625 0.0139591352906267 0.0117148170221257 0.00757294877507336 0.0057335426623719 0.0124860881210949 0.0134746797262814 0.0147177423391487 0.0114432183096708 0.0181505254121308 0.0159393276228017 0.0113688037848555 0.0122663888994487 0.0270202674836874 0.0227183161527456 0.0176550313243558 0.0127250430915387 0.011029408132613 0.0150041128285246 0.00929251150595484 0.010412614983406 0.00690618530212816 0.00833896140591093 0.00525403566774671 0.00497384520429947 0.00633633075559717 0.00723492131435574 0.0083803781166044 0.0132912043694922 0.00902852808893138 0.0113634576439302 0.00406387418279771 0.00433518875092222 0.0128203884418451 0.0124368392609466 0.00940753494119276 0.00819935326151259 0.0129836011281926 0.013648599152571 0.00709772949237209 0.00653397929316147 0.00699012993617156 0.008424516733793 0.00511175278806416
0.0212919053581445 0.0224810378423054 0.0216723577094479 0.0301697658840985 0.00789867758574907 0 0.0252778607609954 0.0339840241607125 0.0155327857973668 0.0198064112495984 0.0205240572135064 0.0299333348509288 0.0176252116330823 0.0372331769486355 0.013631164197066 0.0282257820486623 0.0137631183063193 0.0187422776596848 0.0186735132626684 0.0200764363040345 0.00550758369969152 -0.000171573021621096 0.0202994548569879 0.0245001580581096 0.00640794874604445 0.00772923714301802 0.0115070530141656 0.0201846096361055 0.0124115888157616 0.0162139604674534 0.0180206555236769 0.0156355230980043 0.0103318330035198 0.00857709252057066 0.00365977438362371 0.00142745918666544 0.0101741611498543 0.00564746953990467 0.000510488946581053 -0.00385561846134373 0.0192554937905645 0.0191008161855127 0.0182583648654361 0.0216183841608187 0.0135209371940381 0.0161914952439783 0.0269384523819106 0.0251332569378136 0.0107205384223307 0.0109972117064504 0.0208053140473204 0.0196753196636988 0.025122794511582 0.0216338982904437 0.028798883406753 0.0372699136538647 0.0226448283158129 0.0292743836596598 0.0309140695364935 0.0377007294439234 0.0228461994729168 0.0229934805032213 0.0112943175592738 0.0181466171585854 0.0154923034187658 0.0192493391663319 0.01492336809155 0.0207782128285122 0.0179895202036516 0.0174802900196326 0.010069518823406 0.0141818686025499 0.0141682033587387 0.0251551660151016 0.0153252945279071 0.0184683614571461 0.00733430798348565 0.00694052004059095 0.0162480454296642 0.0218481978638469 0.0112249755393455 0.0127808994838543 0.0188540928019615 0.0145106400808276 0.0100221015149163 0.0095004028391427 0.0124105492916145 0.0116121697616778 0.00533274267131243
0.0496264402297143 0.0488508562517751 0.061651917502245 0.0528333801809355 0.0187627032619475 0.0252778607609954 0 0.0598524897533974 0.0385254824828149 0.0325784387652422 0.0498812391211789 0.0479567966283473 0.0519484318071391 0.057830645419497 0.0328045988651855 0.0390717732249409 0.0271483741246388 0.0368722591280802 0.0495190846921542 0.0389197231940957 0.0104890864417586 0.00050140735954497 0.049387682180445 0.037979149805213 0.0103115529672046 0.0153963015397776 0.0231741129163085 0.0353718735833499 0.031880799279736 0.0298998205958374 0.0447716466051747 0.0299154860052872 0.0262230615418938 0.0141326647721042 0.011359508573715 0.00513708346704011 0.0243573234645266 0.0135798005492431 0.00251954843188334 -0.000562493510067514 0.0405705566437682 0.0419470074064154 0.0400139188483027 0.0495348748256565 0.0282786003308953 0.0351597097543453 0.0530479407998141 0.0475404883782 0.0248371324195906 0.0224283592689876 0.0475474300109172 0.0460774242637225 0.0593908566788817 0.045500875843781 0.0766570849181392 0.0598650546312855 0.0460194160227046 0.0489878436496073 0.074753588293111 0.0683209675850263 0.0571732794919253 0.0450297770237116 0.0347653868017564 0.0460574667958308 0.0329207220524747 0.0371249760369107 0.0304838804762694 0.0347395755674001 0.0277478199677768 0.0250683884511025 0.0202120934594498 0.0253496032747611 0.0235881212878228 0.0464842362314415 0.0308590648569912 0.0382451459333283 0.0149634124702689 0.0130000357553663 0.038992398943438 0.0419259225381356 0.0328061022243023 0.027220129954712 0.0379419313669666 0.0415644338223886 0.0213402384748741 0.0233538614872894 0.0262863603880951 0.0302090667559667 0.0142341488507589
0.0429720836378409 0.0486046939940048 0.0479768012578306 0.0600109769256322 0.0155433819197217 0.0339840241607125 0.0598524897533974 0 0.0306994377719873 0.0388871929533459 0.0421320034822665 0.0576177432491466 0.0402902675556491 0.0721515445749763 0.0269385745779616 0.0492515145234427 0.0266860317159984 0.0392146951520091 0.0435132292251634 0.0421719706680583 0.010386217141107 -0.00235935314464545 0.0434290749338407 0.0453090715895404 0.0103108522162676 0.0140931939293437 0.0241269675150503 0.045105389006088 0.0280327398268274 0.0324575233430689 0.0380642738540914 0.029999671326814 0.0213839241092272 0.0197299660143226 0.00624040231681351 0.00229221205009991 0.0231373207031832 0.0129793970073924 -0.00181394244553887 -0.00558507849417832 0.0423307183771551 0.0460401065680959 0.042261755676937 0.052275336548316 0.031448805772706 0.0375180708890447 0.0580579748087484 0.0526238428901095 0.022463838366644 0.0240565110945649 0.0435984083023765 0.043173510352884 0.0565369460659508 0.0506038460366016 0.0667928362539395 0.0725717126722098 0.0485748552783229 0.0624650886958727 0.0624595203642454 0.0716927488964563 0.0527471661841736 0.0507537974077626 0.0301306323311803 0.044776425186991 0.0324694231074918 0.0366344219216746 0.0331377754782406 0.0410559013722202 0.0363761875514743 0.0301287319462925 0.0156557741735206 0.0279228910356036 0.022066078369039 0.0469672874034988 0.0293177688921729 0.0423099978351248 0.0145988305498521 0.0139600819883695 0.0341027695495718 0.0457836982144246 0.0250157456792616 0.0284668236682438 0.0361220386570382 0.0339557615659199 0.0182544569208151 0.0219587089992457 0.0265873956121557 0.0282020015838522 0.00965887873692723
0.023891867710913 0.0258635560374182 0.033762851447858 0.029017213787925 0.0119274024623418 0.0155327857973668 0.0385254824828149 0.0306994377719873 0 0.0205089643422928 0.024150271191749 0.0238027007283903 0.0285904987787583 0.0319507059080291 0.0228248653321475 0.0271627738529532 0.0128647959715557 0.0165911816051861 0.0231617481213212 0.019192048511169 0.00549394019096653 0.00181640277863078 0.0294489974003239 0.0236117096990671 0.00809062861438047 0.0105631895296515 0.0121762447020264 0.0168265626251242 0.0187445689146629 0.0168584526417028 0.0244137428711459 0.0171728965307751 0.0143641337065269 0.00809942155403935 0.00754159682489811 0.00425046421309148 0.0127878747454317 0.00690635394100235 0.00275798299594954 -0.000749138624053624 0.0196632547949435 0.0207348668302546 0.0190622956964149 0.0227469725785927 0.0124951573470681 0.017526651412858 0.0264936802160726 0.0260971513075087 0.0134204204141348 0.01105294088924 0.0217464700306686 0.0228791074882386 0.0279310993505281 0.0220950624040906 0.0347100424226615 0.0326320982144446 0.020101627815797 0.0223790578430826 0.0444474824019979 0.0385857621147223 0.0281699116282246 0.0212701223472835 0.015139273171442 0.0240520747529229 0.0188367759057849 0.0224623460345048 0.0132884104741302 0.0172043420369992 0.00918566027572988 0.0137002217780331 0.0135374438629968 0.015656076907255 0.0136264624734729 0.024422102877453 0.0172382868838757 0.0186334174489541 0.00850015690390766 0.00787844983231803 0.0224293545166859 0.0220041530044377 0.0189927033897849 0.015015027744078 0.0248706656685463 0.0261725001113571 0.0133092084251027 0.0127702570811412 0.0141908532363405 0.0151172704791769 0.00927772096273601
0.0205965739243689 0.0266457319604928 0.0259968076371697 0.032879180622587 0.00926052812983132 0.0198064112495984 0.0325784387652422 0.0388871929533459 0.0205089643422928 0 0.023792146252128 0.0319682437112197 0.0248542334140935 0.0433403785702789 0.0182961586000514 0.032698582214022 0.012315988458441 0.019526604116493 0.0219696465149442 0.0221851002733904 0.00592304765408887 -6.41756273492126e-05 0.0247745017811303 0.0258927275282631 0.00730036405678958 0.00880758221160274 0.0136376366099949 0.0242461988390891 0.0147188830647078 0.0163716118446562 0.0166800300966687 0.0123983616372473 0.0113931778605067 0.00592207484421959 0.00165625529599471 -0.000710349086461016 0.0135837854182063 0.0073575830882809 -0.00365487010639182 -0.00673728004426115 0.0198733228389332 0.0231715252462109 0.019176498700147 0.0243573851105162 0.0144484290719279 0.0189848411255603 0.0299429532153367 0.0263305609810878 0.0114494608485292 0.0124875785657848 0.0202409499802796 0.0207612042356496 0.0279329167076714 0.0248509413613848 0.033651296673924 0.0411846659234882 0.0222105750507508 0.0306924781474773 0.0346305978687595 0.0391993189494807 0.0255041323982977 0.0246201828889549 0.0145513715815703 0.0205915496755959 0.0184821871196443 0.0217985529451847 0.017793372927951 0.0244889428234801 0.0210110177972422 0.0171983023616095 0.00717096218693476 0.0157585624147622 0.00789898960322952 0.0254645078271476 0.0135540179237669 0.0221247797838403 0.00937041993916601 0.00839297145492958 0.0177729540517523 0.0252972329035792 0.0145543843357748 0.0164245809444925 0.0206832581026013 0.0200933835143758 0.00811473268347031 0.0117082409649389 0.0139951862061883 0.0151158363728518 0.00294911750824485
0.0387626858255176 0.0386249939900986 0.0408037195745269 0.0376377737770063 0.0123033416291567 0.0205240572135064 0.0498812391211789 0.0421320034822665 0.024150271191749 0.023792146252128 0 0.0418427827368521 0.0459410777874491 0.0573874140442502 0.0294542999272703 0.0350782310680368 0.0251917755096929 0.028211163977225 0.0396821141739501 0.0327297693216282 0.0071976324471049 -0.000194558529947567 0.03497782377449 0.0280749214806201 0.00677397998745626 0.00983620465478025 0.0223522407132794 0.0313943154735482 0.0197843814201594 0.0201350657652039 0.0246790030380334 0.0150085859897513 0.0207457229401647 -0.000827919026184408 0.00317248011163761 -0.0022845062283745 0.0216619586926785 0.0105420704642052 -0.00146819401308639 -0.00312438179685 0.0285040272196295 0.0296966950912033 0.0256203625072518 0.0317855334167671 0.0195973479954586 0.0249005262608387 0.0386418912117555 0.0312565481658529 0.0162256071293397 0.0162740837030092 0.0358374507388229 0.0307385290600231 0.0391923984266597 0.0283129921756936 0.0511014176136743 0.0394806962834082 0.0404753865468637 0.0372166646986299 0.0440033364010937 0.0376078162605802 0.0351360808333805 0.0257604926472771 0.0255457191123434 0.0299582808777254 0.0248461671663255 0.0300179075610737 0.0237306486962919 0.0335524523532354 0.0274167885214615 0.0223100563583056 0.0107911302818428 0.0158465027806218 0.018096662276695 0.0410836676932963 0.0273984347737473 0.0324414723486233 0.0167987804489393 0.00888078347733914 0.0323495213511533 0.0280067862368839 0.0199417307693669 0.0172637589776526 0.0187177033651488 0.0230464617829349 0.0111846256848362 0.0168872056531497 0.019048747636797 0.0196640840385708 0.00424832022845281
0.0417110070940768 0.0483123577614356 0.0340655715854559 0.0478456135437389 0.0107578459530586 0.0299333348509288 0.0479567966283473 0.0576177432491466 0.0238027007283903 0.0319682437112197 0.0418427827368521 0 0.0369494512146527 0.0702920637386483 0.0211555095665142 0.0418011571443192 0.0297739571045883 0.0416029232960369 0.0413683746363875 0.0419799457418171 0.00874546343635656 -0.00362035166869227 0.0308526974853913 0.0327344146556708 0.00815638390943575 0.00977080247471867 0.0247566981250136 0.0455491124492021 0.0214913807205463 0.0239189029943843 0.0260068166961522 0.0213325914901966 0.0128833791183219 0.00722209259835904 0.000665328506719878 -0.00391988789186795 0.0207143947576853 0.0102786811948533 -0.00479208276802781 -0.00980902775293635 0.0372042966254138 0.0425324351251271 0.0360402069142992 0.0462897484348017 0.028004447279386 0.033844644563087 0.0521104716289775 0.0436698814591601 0.0172384727695002 0.0214740489503731 0.0431036707759419 0.0389594042452302 0.0485914650733393 0.0455027520609862 0.057604378571318 0.0553976285798067 0.0525811718048604 0.0595264823140926 0.0349720617093978 0.0450698646455972 0.038971349764596 0.0397668445726766 0.0204751895873756 0.0342080429826992 0.0274182760684374 0.0304725102054983 0.0325771045215235 0.0427175185404976 0.0379717477144284 0.0366499780207554 0.0106598077348498 0.0232362327226073 0.0179739752374584 0.0440645318101828 0.0274118075411847 0.0379688754738068 0.0142046968820163 0.0103979643766892 0.025555152528321 0.0351873914678697 0.0167957597370897 0.0217768548215933 0.0170334740620589 0.0204595270808351 0.0108112034027002 0.0179336042537117 0.0219601497691527 0.0221330266471812 0.00253161254286461
0.033982023721969 0.0337098171932489 0.0413457950271036 0.0352032638257427 0.0120189683496239 0.0176252116330823 0.0519484318071391 0.0402902675556491 0.0285904987787583 0.0248542334140935 0.0459410777874491 0.0369494512146527 0 0.0543411048516255 0.032405751512789 0.0375575871912252 0.0205596133118096 0.0213119569316892 0.0338082643893368 0.0291757593630137 0.00735967917462389 4.89604562391977e-05 0.0370425069297641 0.0281734083353474 0.00705594013341726 0.0105428925955248 0.0199210306330286 0.025899026932998 0.0198617872941022 0.0189055339842048 0.0259734410798273 0.0173336107185016 0.0212766415862922 0.00499367513720852 0.00751079243194733 0.000611864308147034 0.0203732903716635 0.00963546013509093 0.0026448199664445 -0.00122357643669146 0.0285591787124519 0.0283595660031772 0.0243216167750388 0.0320306858974686 0.0207896405060432 0.025270939789288 0.0390305140920658 0.0336124859811936 0.0191687304544337 0.0165738891643574 0.0276408191682737 0.0284861207520766 0.0400718528288183 0.0281295121632134 0.0529415897050541 0.0399889146933973 0.0366340416205514 0.0340482138303937 0.0497520078606266 0.0380475046804632 0.0346791559941687 0.0257621394526984 0.0274094420718736 0.0331484868909609 0.0251370614232304 0.0301647827185476 0.0215816551131825 0.0288065467489364 0.0213529734943488 0.0247400173542204 0.0137411727147653 0.0182675243633765 0.0135654039038753 0.0344177954678843 0.0224139975837326 0.0251809427935604 0.0147739482625743 0.00897631435425595 0.0320178134888884 0.0295390798639608 0.024840457238702 0.0180793543275007 0.022658688217243 0.0262425501482357 0.0133622471975683 0.0167619829373553 0.0193926792183879 0.0202712053948697 0.00747154301057111
0.0411509910121463 0.0493138794146486 0.0427875863351865 0.0604262117377677 0.0145599043306292 0.0372331769486355 0.057830645419497 0.0721515445749763 0.0319507059080291 0.0433403785702789 0.0573874140442502 0.0702920637386483 0.0543411048516255 0 0.0351813881760956 0.0644322891035195 0.0269510267210624 0.0349920261135255 0.0425468446075723 0.0456239875919935 0.0110748406604432 -0.00476172221959137 0.0408873000112392 0.0454027611624658 0.00999037060546476 0.0125069992642467 0.0299339500443444 0.0524767448298841 0.0246972731032531 0.0289372398304473 0.0260039226231554 0.0206208552698504 0.0229113470956054 0.00941975867203622 -0.00120735093397392 -0.00674742959620491 0.0283376831854548 0.0142560433752342 -0.00818551082273464 -0.0118147775800808 0.039537996627686 0.0457407831499042 0.036944067680916 0.0470479616199189 0.0302329189105173 0.0386326788187513 0.0598908833161026 0.0519759802750701 0.0214072913665531 0.0252889189419339 0.0380268103168838 0.0360052553365583 0.054332428371988 0.0469632281993692 0.0674735197091656 0.0741748495852793 0.0549904286269844 0.0679167149378693 0.0503226751974427 0.0612447594361555 0.046415387054762 0.0463920130691762 0.0258054152619476 0.0365671718660191 0.0344982277657438 0.0404009676795508 0.0359144229756327 0.0502921762362461 0.0461163148087769 0.0409811031820835 0.00911661174362146 0.0284614372602433 0.015563175485533 0.0494821512381577 0.027600022221655 0.0465749932098377 0.0192227629089301 0.0131308617378093 0.0368613949217434 0.0497810458393955 0.0227437962495521 0.0288992865191926 0.0272993086759289 0.0285586892401315 0.0118703255631293 0.0201701117991979 0.0263403374609839 0.0258120364071847 0.000805701084301502
0.0235183239099967 0.0264569730702609 0.0346720413501651 0.0294852401027566 0.0107901872183459 0.013631164197066 0.0328045988651855 0.0269385745779616 0.0228248653321475 0.0182961586000514 0.0294542999272703 0.0211555095665142 0.032405751512789 0.0351813881760956 0 0.032589843941099 0.0120877501861573 0.0158233672034988 0.0239918468453557 0.0193268780942005 0.00624825649788811 0.00127576495449472 0.0334420118243265 0.0280167449913635 0.00820735484729399 0.0103007603981461 0.012748100503318 0.0175561225417996 0.017121496303527 0.016871910002134 0.021313917332985 0.0132478054242963 0.018583354575882 0.00875126299036817 0.00592426496301366 0.00244263769080389 0.0150798120394994 0.00743202523544601 0.0012308231537325 -0.00101632879877207 0.0177083174599976 0.0174197064086377 0.014703451819032 0.0179586907027991 0.0111029468369655 0.0144889812544165 0.0242960531328898 0.0201919113734963 0.0130593161411799 0.010653929437451 0.0206597314583972 0.0222220408107702 0.021422871479477 0.0162930741749893 0.0272218657017645 0.0237484832642617 0.0180173685865399 0.0207782499196804 0.0505020642275304 0.0344764911288556 0.0250964512481741 0.0174271931513852 0.0171283842258017 0.0224941291235982 0.0188602143569611 0.0220633608490636 0.0135427449314404 0.0198938954699359 0.0097470006446973 0.0150400594568151 0.0106392713142477 0.0145701726625726 0.0139499872248242 0.026785789636596 0.0164308023384146 0.0204825792091008 0.0125417786380044 0.0098151880134789 0.0270499193973449 0.0229997244522743 0.0180958610986859 0.0144633596105058 0.0226235635360476 0.023445466717495 0.0105318119701818 0.0114092563195551 0.0131742378311162 0.013310782750726 0.00635492807928544
0.0280452574352185 0.0340179817047581 0.0368645861097082 0.0470121816438189 0.012578369912461 0.0282257820486623 0.0390717732249409 0.0492515145234427 0.0271627738529532 0.032698582214022 0.0350782310680368 0.0418011571443192 0.0375575871912252 0.0644322891035195 0.032589843941099 0 0.0167676806986197 0.0223202802867462 0.0272529229828403 0.0288770783681119 0.00865292274350023 -0.00209878614236789 0.0391789496665049 0.0425070233781081 0.0114249433565792 0.0128133224131115 0.0199126092661992 0.0334264225328372 0.0212539872960304 0.0255278525255976 0.0241728254798188 0.0178233976485792 0.0212426919582562 0.0119216426122628 0.00277252803730384 -0.00178352491033517 0.0205520433069574 0.0101535282885349 -0.00403945539275934 -0.0068420724553493 0.0269766875397431 0.0298145485330444 0.0245292636953075 0.0305712913126305 0.0194300237818958 0.0242637295923432 0.043767112168337 0.0385103123763625 0.0171851341058137 0.0180832953202928 0.0263323762837701 0.0257211227882282 0.0344100908382428 0.0299705028891993 0.0399522649262374 0.0508348278110952 0.0305033845967579 0.0416271584101259 0.0584138384413208 0.0562260521389607 0.0331036866002523 0.032096552501263 0.0190778991506766 0.0278052372677029 0.0260449199655554 0.0297305658651465 0.0229340731280607 0.0329977752901351 0.0255478923899799 0.0245684782952222 0.00972208975991167 0.0223454091740612 0.0141612690113218 0.0361919486983147 0.0195302426040673 0.0316659606623244 0.015588591818445 0.0131903399186597 0.0318749057657251 0.0385348067391513 0.0207985142128957 0.0234707452781005 0.0285996103521149 0.0263989082599205 0.0108044276976235 0.014768100989872 0.0195186977423375 0.0185231850202298 0.00407560360086657
0.0338178211987068 0.0305498001280991 0.0213832685195123 0.0227600234537109 0.00638066601405414 0.0137631183063193 0.0271483741246388 0.0266860317159984 0.0128647959715557 0.012315988458441 0.0251917755096929 0.0297739571045883 0.0205596133118096 0.0269510267210624 0.0120877501861573 0.0167676806986197 0 0.0344803819883525 0.0310868344078307 0.0282100913840423 0.00505115783404951 0.000872001493708533 0.020894301381703 0.0169439796726115 0.00379102619270632 0.00455205053631415 0.0185828923512367 0.0256617110114333 0.0161094712472451 0.0173815028970772 0.0297548848248652 0.0222530503748245 0.0129301065818958 0.00898707031757288 0.00924316118677676 0.00530517876585106 0.011541646574232 0.00614395541174079 0.00709859839853214 0.000581615618549107 0.0284832795609112 0.0294127934506413 0.0279886855130237 0.0327916685490693 0.0218622129696987 0.0237475932112133 0.0292504771968135 0.0248673464124853 0.0127384773984305 0.0126046021655476 0.0415200273853491 0.0296364145064432 0.0260677847542507 0.0201213452976025 0.0308913953830135 0.0176726163490389 0.0457256706277449 0.035667490979136 0.023907397566477 0.0182105556460845 0.0278868131191085 0.0241519127424301 0.0240788394541535 0.0322688244406663 0.0162322424558064 0.0198434305213103 0.0192774441167219 0.0242990532786481 0.0210589901978927 0.0193885617913366 0.0173518774134612 0.0148509755971528 0.0296628950503217 0.0353066420366769 0.033201757787804 0.0230428651445095 0.00993178514527846 0.0054927763296869 0.0193421738782408 0.0107240185623475 0.0105085010065534 0.00671960323543882 0.00620211068758435 0.00733596335547346 0.0125344144905637 0.0126002939418794 0.0130402980288624 0.0128044093340968 0.00950409927780785
0.0443089326748791 0.0515479679351915 0.0336054238428913 0.037856297268679 0.0097029751725157 0.0187422776596848 0.0368722591280802 0.0392146951520091 0.0165911816051861 0.019526604116493 0.028211163977225 0.0416029232960369 0.0213119569316892 0.0349920261135255 0.0158233672034988 0.0223202802867462 0.0344803819883525 0 0.0461154738139762 0.0409133206864804 0.00612539966625682 0.00099907531009617 0.0308874925997544 0.0265816351698058 0.00896278930135528 0.00934463069794625 0.0196801137276561 0.0392817183120551 0.0207267420237911 0.0209422398138333 0.0368076406655149 0.0252863858031689 0.0151596087960235 0.0135812795882062 0.00330796688099058 0.00195099701847693 0.0151064914897522 0.00765418948768302 -0.00290517844983998 -0.00827615946405488 0.0291964419441361 0.0353811192056332 0.0264793081173585 0.0362493593040005 0.0206578878812353 0.0252287711111974 0.0329706292235614 0.0226710248895867 0.0121398854366721 0.014279402759896 0.0560252405417068 0.0505560947609074 0.0293226052826737 0.031523323600297 0.0389426061084592 0.0235920105607401 0.0478920509196279 0.0490111924047841 0.04153398752129 0.0340153428505687 0.0362599223960656 0.0337676593197997 0.0283745899902587 0.043294212017952 0.0217084354162102 0.0214170076834398 0.0308966133251931 0.0349481975337133 0.0311092395731265 0.0295675636662338 0.0129967150082422 0.0196549011957328 0.0301439361596054 0.047952171312369 0.0351730606721263 0.038594630101642 0.0116159382904619 0.0105323239617199 0.0244960788173402 0.0218850086348205 0.0116356280232193 0.0145372005726434 0.00940205237836576 0.0149183244004343 0.0111345790456181 0.0160937501682386 0.0167148356111935 0.0188232214438407 0.00509206190845433
0.0504698581823392 0.0501169682383822 0.0467817615117196 0.0422914864297602 0.0134128274245903 0.0186735132626684 0.0495190846921542 0.0435132292251634 0.0231617481213212 0.0219696465149442 0.0396821141739501 0.0413683746363875 0.0338082643893368 0.0425468446075723 0.0239918468453557 0.0272529229828403 0.0310868344078307 0.0461154738139762 0 0.0427894221692608 0.0097906536030282 0.000777309692243521 0.0397221936661943 0.0296112804070953 0.00958989522829709 0.0120518298470482 0.0209831065199702 0.0365574179685978 0.0248866763942338 0.0246913917030891 0.041609235281146 0.0257476997810523 0.0211250609395152 0.0129115979360598 0.00703482555067372 0.00368834375870378 0.0206445394705392 0.01035500563868 -0.00172984939039027 -0.00470718395686425 0.03473857989752 0.0378344827799981 0.0333923239696022 0.0417385008809345 0.0230155391517273 0.0298220278132055 0.0396496408840789 0.0289666328392025 0.0175585796234807 0.0176441739155305 0.0547050838496067 0.0464186448684383 0.038486827864479 0.0341708274038401 0.048926761878513 0.0283425763681074 0.0472391803226035 0.0458964985864599 0.0532221451494592 0.0394614120574565 0.044655793966543 0.0357775785081954 0.0337309124274864 0.0435000500244148 0.0271924084559746 0.0275650845946567 0.0324213224841687 0.036195274430388 0.0299338732102355 0.0264050551756949 0.0142719119850329 0.0211628709149878 0.0274650950240799 0.0461905015487015 0.0339596187548763 0.0390677144322456 0.0144734027883833 0.0120738213659734 0.0323614810278602 0.0275503024812578 0.0193328232246276 0.0184476200272538 0.0209526877266987 0.025988803465572 0.0149653441586403 0.0197750789400975 0.0207262240693697 0.0239231527263537 0.00793799861615213
0.0389350675397072 0.0436852262615741 0.034617746341416 0.038896422818637 0.0110315168815441 0.0200764363040345 0.0389197231940957 0.0421719706680583 0.019192048511169 0.0221851002733904 0.0327297693216282 0.0419799457418171 0.0291757593630137 0.0456239875919935 0.0193268780942005 0.0288770783681119 0.0282100913840423 0.0409133206864804 0.0427894221692608 0 0.00796594161417048 0.000552142204622453 0.0309690961477616 0.0270326704595579 0.00769914646573899 0.00981334235065121 0.0194937449857541 0.0351626537473912 0.0198848888829034 0.0217247661578306 0.0345787203252047 0.0238546071209938 0.0176446800843815 0.0131942210226122 0.0058752071110091 0.00188956611811555 0.0173668127613612 0.00871712740686496 -0.000350898900062456 -0.00472359324127498 0.0325774318519918 0.0355954480677426 0.0290633466560698 0.0377808801687949 0.0227005460430792 0.0278726904439924 0.0380044829252756 0.0292406474158126 0.0148048381193405 0.0162091462800035 0.04109526953867 0.0398194399283638 0.0358379316730764 0.033653892804513 0.0430051268139117 0.0325799661769681 0.0473027318678335 0.0468952590079814 0.0397303396021127 0.0340570529282074 0.0380041086799474 0.0337307388870311 0.0329474376656787 0.0456375251842434 0.0234951710912324 0.0263203392907197 0.0274368665540589 0.0340938021046426 0.0275677604463792 0.0278920881877011 0.0140296984357396 0.0203442448377117 0.021791539728394 0.0414251974546092 0.0295771574746319 0.0331005903359701 0.0120829712739088 0.0100801183629661 0.0256652926072397 0.0253598915548837 0.0147574373069016 0.0159207199571835 0.0146250423737223 0.018317502512161 0.0122295356599501 0.0163182996735799 0.0184163694501549 0.0194550790478369 0.00617229630476375
0.00907363212011104 0.00845111227335835 0.0110373057704204 0.010394457586535 0.00393043199033458 0.00550758369969152 0.0104890864417586 0.010386217141107 0.00549394019096653 0.00592304765408887 0.0071976324471049 0.00874546343635656 0.00735967917462389 0.0110748406604432 0.00624825649788811 0.00865292274350023 0.00505115783404951 0.00612539966625682 0.0097906536030282 0.00796594161417048 0 -0.00063022682932731 0.00947354141384878 0.00867146799974156 0.00197896376305711 0.00371840081123973 0.00405791987029648 0.00824335105621658 0.00563968250700308 0.00678520654583633 0.00782803271858294 0.00438647593267731 0.00712318553760934 0.00442877188359318 0.00254111360699416 0.000462779967181606 0.00645168328403379 0.00362811843217772 -0.00160315993767964 -0.00178138694044743 0.00877747162878034 0.00868496663205888 0.00877111848106228 0.00967928808199773 0.00611131686504805 0.00777576136127264 0.0105396624193977 0.00778772053483594 0.00457994417120316 0.00482389282128836 0.0102585446421371 0.00738203178215421 0.00938340788711777 0.00645166164361905 0.0104638992389825 0.00672623387295591 0.00619436221037319 0.00962511753984151 0.0155006846033291 0.0122169794702261 0.0112238392850249 0.00926465131539144 0.00832464711558011 0.00854035215357442 0.00640799292304647 0.00687687773718974 0.00584843621535017 0.00887030273407765 0.00470326826528154 0.00318775749635974 0.00253843741315917 0.00474837336605263 0.00506919865981674 0.0119566548181054 0.00468095046233861 0.00879660315906911 0.00403791635472287 0.00414697038463183 0.00791247487173385 0.00818099065227372 0.00547662686113588 0.0054001381118269 0.00789416153150712 0.00814510231245088 0.00343934184172323 0.00476188477470366 0.00544440568076308 0.00592441996309263 0.00168500350091044
0.000844448171301626 0.000866674213454456 0.00203674286712944 -0.000870210506847786 0.000541279317767218 -0.000171573021621096 0.00050140735954497 -0.00235935314464545 0.00181640277863078 -6.41756273492126e-05 -0.000194558529947567 -0.00362035166869227 4.89604562391977e-05 -0.00476172221959137 0.00127576495449472 -0.00209878614236789 0.000872001493708533 0.00099907531009617 0.000777309692243521 0.000552142204622453 -0.00063022682932731 0 0.00138008504467411 0.00079216148192379 0.000527212320498637 0.00182394093943048 -0.000151225065941469 -0.00456005558570768 0.00118403598999583 0.00134305368715543 0.00271018554217098 0.00311927903194411 0.000781613338933946 0.00252812037129171 0.0042121452155195 0.00387278584095159 -0.00218272445825233 0.000152899721612561 0.00314758556634456 0.0029324500998266 6.53914978447293e-05 -0.00313707147907653 -0.00522439931801844 -0.00544211061844909 -0.00325162204708913 -0.00228194731679337 -0.00508797301093874 -0.00310376145403628 0.000423813119393077 -0.00121932421547801 -0.00117117946472568 0.00282351928482108 -0.00116731622131872 -0.00140399480152857 -0.00141866899226218 -0.0014042182596541 -0.000330402585210896 -0.00384018889159036 0.00224879861826591 0.00150986209155672 0.000485519128441823 -0.00107737605255038 0.00407841607694884 0.000638227240818871 1.21494188152935e-05 0.00262948166509199 -0.00175778853492708 -0.00178117470879757 -0.0014576396597018 0.000114853770391875 0.00504663036383359 -0.000239296366035953 0.00331348182890797 0.00100804083774588 0.00244241535425485 -0.00350637904397893 -0.000920877417123215 0.000798238836233449 0.00102393648430928 -0.00220766960646218 0.00117494242800539 -0.00181236618375854 0.00169629558389832 -0.00022071164169051 0.00315387091071476 0.000310781502087585 0.000171358447392762 0.00030230589102214 0.00308149301700627
0.0394961346054113 0.0411791652547583 0.0531873020598107 0.0462609721310474 0.0159540687002403 0.0202994548569879 0.049387682180445 0.0434290749338407 0.0294489974003239 0.0247745017811303 0.03497782377449 0.0308526974853913 0.0370425069297641 0.0408873000112392 0.0334420118243265 0.0391789496665049 0.020894301381703 0.0308874925997544 0.0397221936661943 0.0309690961477616 0.00947354141384878 0.00138008504467411 0 0.0419756713449699 0.0129335898729636 0.0162643559592502 0.0180072314426112 0.0277862016168369 0.027778950517865 0.0291865360425932 0.0390203777603447 0.0257566227545904 0.0263225049561853 0.0196119132871366 0.0101465714280467 0.00682937736774052 0.020853534618925 0.0103819945910572 0.0017943835515341 -0.00238251896967081 0.0302813864926366 0.0295470784227873 0.0270113454750851 0.0329463472063313 0.0196789344524527 0.0229533099454942 0.0385924486771013 0.0314210013213077 0.0194800032086182 0.0162435413340878 0.0391972501358542 0.0386729011026107 0.0358115126109733 0.0288788859434151 0.0436834620288093 0.0374464456216432 0.0311446214983612 0.0351098398716376 0.0785899181355308 0.0582978961041142 0.0428236489915544 0.0331136369268193 0.0275786653393887 0.0370854330300708 0.0265614269265089 0.0293656790790946 0.0232274313899323 0.0285197782350252 0.018696155086032 0.0186142511876509 0.0166086359735512 0.021388917608072 0.0244700510371673 0.0408683609471528 0.0278124807467166 0.0330700521348255 0.0149614427729892 0.0143491293169913 0.0365365739690271 0.0329214702150285 0.0255598654086179 0.0212253669605445 0.0331321653453654 0.0334800817959237 0.0167428587229707 0.0172148450030441 0.0190293753865838 0.0206011947181429 0.0110806226583933
