0 0.69808274841893 0.422525890353511 0.451681422538511 0.462794728500411 0.399311372534167 0.685954769559148 0.567549739492273 0.584480985627652 0.443658609428697 0.714732683320341 0.625469090210966 0.708916762034484 0.607473645071285 0.376959052717129 0.314702790520263 0.647053040672211 0.605139054180607 0.717241709350234 0.734037941638714 0.0750354153215732 -0.0645807222541678 0.435696754081077 0.345529477011103 0.233752719547119 0.192490956084106 0.678410138281399 0.629108253127638 0.417412686905279 0.292132580827267 0.701940277687278 0.599861922202197 0.178596304041128 -0.117183244549318 0.188053470744445 0.30274912134325 0.223483266199584 0.261363478914358 0.144700342591267 0.132269448520051 0.588920509654255 0.600691547153229 0.583668867513548 0.483565234638248 0.617823199510938 0.612057236695696 0.555120074111035 0.526623462921682 0.614527446505188 0.503976112185955 0.648177808943704 0.566701952644623 0.729030090325542 0.567270601957 0.735461404343542 0.432669397795472 0.72171454112595 0.566947674807666 0.250764748071831 0.261381100704717 0.419749245873194 0.434537116462707 0.643056397214386 0.650902714607696 0.530101027878185 0.50974718931958 0.375643663787396 0.311581553432451 0.183472332355884 0.0399777311681978 0.552293218956391 0.520260520857401 0.549889135725442 0.538335786300016 0.641357507691541 0.488577583181294 0.30755866214696 0.208793749410778 0.427397536200855 0.500446819821226 0.706759838998473 0.594663427618969 0.423248493597938 0.553295679109268 0.54616662220864 0.561940847999142 0.571450199557403 0.735911847430108 0.527523283529665
0.69808274841893 0 0.235900640254165 0.383134080550517 0.178388811425409 0.138124822730901 0.330647461319097 0.369100092532956 0.279938859268254 0.322389710610814 0.39483449737231 0.367857051397451 0.335099248990249 0.429435791904732 0.137116925641755 0.286371021148393 0.817291418485906 0.863997522083712 0.597528318189296 0.766962882464081 0.000972886794533881 -0.0290215927667824 0.116670396241675 0.239019180872594 0.119565920691811 0.0978807123574829 0.603274115840397 0.700542887553866 0.288372450909285 0.251295505620766 0.572494151405136 0.612849713734732 0.0385804843584999 -0.0472598905018774 0.120802566010254 0.367579899654153 0.207988684156489 0.524076462429844 0.270423392138219 0.195865400737348 0.414082798219892 0.556947870829057 0.457801035908079 0.535988292803363 0.679032963261251 0.692183796148239 0.476189362257181 0.358747666322898 0.636630136920279 0.532103082653212 0.908409075675313 0.901145547432594 0.561849209377376 0.453117102185732 0.341529010100544 0.221990536619468 0.567045061978719 0.397630669744101 0.0972472733185125 0.150265109489746 0.208491134871833 0.36032239053516 0.831904868779369 0.766443525951931 0.235130058469414 0.233897510338741 0.179475846411369 0.153719151516348 0.15296651175198 -0.0125737814834794 0.296616182861633 0.268790299565343 0.550651179877798 0.579015435680358 0.738913677442075 0.613413758257048 0.297343725557388 0.289143678101721 0.374665842238801 0.436569507828047 0.412412950371176 0.433317211196071 0.065189664592395 0.208373801713957 0.273121139258229 0.2574046189686 0.302944765610834 0.416870010319622 0.27135962721943
0.422525890353511 0.235900640254165 0 0.752154957336205 0.534585813684014 0.3718849686799 0.776583514574381 0.488247036084389 0.497383767445137 0.379876434583123 0.135577439631445 0.035801892133071 0.173590802554273 0.134552884052576 0.338004780562688 0.190016742045062 0.133329813222241 0.133255114547892 0.383601958796168 0.330508203927101 -0.0355832154646663 -0.119647948676482 0.663763910610335 0.400423725584715 0.384595904246664 0.352320089518913 0.115464041133819 0.130516863477562 0.454576329336958 0.341404051040441 0.484520424111656 0.333371523657471 0.518954081022862 0.0585723714544521 0.275775668843718 0.137605953570497 0.103392219936944 0.00946286675946601 0.028404905932945 -0.0819632079682584 0.305801727566338 0.216051403520674 0.488320467715855 0.287929321205589 0.381691992053521 0.372086222144567 0.376171971804805 0.322702418606709 0.423836763658131 0.360791075240335 0.238925714947595 0.236511251688508 0.468907708096274 0.442954245575495 0.467980802486064 0.217369457527018 0.456675580037029 0.351317896090203 0.622560166564822 0.426681424032279 0.712025729671726 0.562466037446112 0.354195676503529 0.381655092827586 0.438580259876202 0.380753716644556 0.263549921796207 0.170070324098211 0.0858259029108946 0.0335037789914419 0.277187516102785 0.377019072523728 0.252469576369953 0.159560583538684 0.364106611912379 0.533060825459612 0.255564720699893 0.354310830454907 0.68615338639135 0.576388307697071 0.527611493937344 0.539771025119278 0.535748185210897 0.696048231239381 0.524976915233554 0.542166642197321 0.460411521269286 0.565179423934985 0.39117846651244
0.451681422538511 0.383134080550517 0.752154957336205 0 0.465690857983413 0.493289184667353 0.679214224322231 0.713174467785763 0.445515271316265 0.63066557869477 0.09141275080782 0.252952858396566 0.12286374592775 0.337054315219203 0.204665883292712 0.405522605551012 0.338230438973219 0.294595965035736 0.457170110971238 0.491361874009551 -0.0407372532154731 0.0446605805577959 0.52980459451136 0.652952979043633 0.33622514642052 0.517493063017101 0.316206465132682 0.378584058623484 0.535401491474192 0.610258686428427 0.589654283492105 0.62671466861904 0.529109131122065 0.150439262339797 0.255386807643877 0.307716078034293 0.207806678575555 0.200315962199656 0.0682009179041601 0.0112749162225138 0.465062023468502 0.373945127310228 0.590246710978726 0.454849699811397 0.501253838854946 0.493577624682869 0.477394757955483 0.371058602823908 0.421641451050924 0.363100390319335 0.37715664411317 0.297053563501925 0.422383651772831 0.472992431019239 0.449671870821726 0.504421875621202 0.418725051551002 0.455747467958344 0.521875975997538 0.679365688071999 0.671611270998929 0.730409826321968 0.461006147398968 0.489591391080814 0.529338853344586 0.471138494223397 0.271095121143429 0.297953312172732 0.13527834345305 0.0910931586719653 0.464005752629941 0.518999119042022 0.355302816590903 0.286407147569651 0.451380555089642 0.59434168410483 0.401792233629563 0.508682563565076 0.579543291005335 0.757694110405571 0.465538762787148 0.709003698591053 0.569831023376165 0.628352851785228 0.580140303092042 0.595479852357312 0.545186209788353 0.587219915874049 0.5005646438221
0.462794728500411 0.178388811425409 0.534585813684014 0.465690857983413 0 0.484004771288847 0.711908404339385 0.518596907456136 0.556331678732599 0.451894599171735 0.370820724072267 0.330081408788002 0.389973410211699 0.244769494619849 0.260946787805903 0.123524370319649 0.175399370068621 0.143172955685273 0.443059900753486 0.349135277155065 0.0327037054068749 -0.000733100729558676 0.384875786824371 0.208067647492792 0.184858369821321 0.258149912384318 0.299705955710343 0.216336271152212 0.299383516538319 0.210936387342525 0.416877315693687 0.307578422041472 0.232653021132669 -0.0233505951216679 0.112089929717013 -0.0125153861846156 -0.0212373840883439 -0.166283056868062 0.0791631106921932 -0.0190681084226804 0.254130737541321 0.206381199655137 0.382642207329848 0.216422916073652 0.290127581935231 0.280871336115554 0.358314853748936 0.352659336846045 0.288470071996999 0.352757129513351 0.198503387752392 0.129928972276869 0.450749869356018 0.404153732676829 0.522020651215315 0.429169273578715 0.387506331969929 0.4461547744098 0.304155389961833 0.280320544039752 0.375331254874516 0.306215935236036 0.287444848042028 0.31364812221513 0.48520360621354 0.43946786175661 0.397953090879776 0.317807540630367 0.124323294799955 0.0784421003672171 0.270235430634169 0.33689143836183 0.197743233810714 0.140153368720963 0.290961363635392 0.323566144352732 0.108211276605354 0.154975048484405 0.419950788026324 0.453831836621204 0.5490849883854 0.547745436364737 0.510953105297883 0.574007041732344 0.423531070774415 0.484728328835857 0.422891426046145 0.51209198545534 0.351621031747742
0.399311372534167 0.138124822730901 0.3718849686799 0.493289184667353 0.484004771288847 0 0.511096150368187 0.668667610819316 0.412239231813285 0.556723527461782 0.347321033108992 0.484998915269633 0.342782205487869 0.363992260587646 0.123765246030692 0.155365045482389 0.112197503635202 0.0890710667019336 0.399571103594261 0.44393453136553 0.0539606448902631 0.0594267818289697 0.218096802879287 0.250297367201757 0.0129666380320854 0.224542755403123 0.41820944082701 0.301695794608003 0.452667763431701 0.411029954854638 0.417250269076921 0.467726161922476 0.120755551222588 -0.14796153038945 0.075178257548581 0.138278770363008 0.166220809324358 -0.0447987947266771 -0.0566384264964224 0.161517794528634 0.459637711602672 0.382193502295902 0.485555877564908 0.378966418788332 0.275636049196859 0.261728000037148 0.479418362390564 0.451417536724798 0.243560357686692 0.212191212556914 0.109830920826892 -0.0305845113909207 0.384706042289692 0.412508408403196 0.374235062801213 0.490452893639711 0.40660959216781 0.593977740661297 0.0778121853144579 0.22288349964006 0.316356179889063 0.39476593210905 0.215730152509525 0.320490873213097 0.547373220423074 0.578389626962389 0.369314792046759 0.414186456711656 0.0393034162299322 0.0444087084638796 0.508859536704997 0.494350521974656 0.345728806199506 0.160833963633656 0.276484151558644 0.19127419666899 0.243132093415292 0.130068325081298 0.187854185714432 0.374003924616679 0.450665906912079 0.544700662427236 0.63164597025549 0.612993988310294 0.539006693724764 0.606258592304433 0.625898322315928 0.563109404106877 0.482763538210279
0.685954769559148 0.330647461319097 0.776583514574381 0.679214224322231 0.711908404339385 0.511096150368187 0 0.750824385199055 0.780024683795962 0.587882574891961 0.466332074634338 0.397329884414643 0.502693642853886 0.393293784432536 0.321310358688641 0.185579232368177 0.2633320499126 0.198834024839444 0.503121803576581 0.432243414106664 0.0516866195165295 -0.0129454046128487 0.630078680646862 0.425794551561352 0.350225706342547 0.333868978201465 0.32854836410241 0.307795467485354 0.439413594669194 0.362627655103313 0.581923272407925 0.458617295903807 0.412733938225113 0.029262334983122 0.200485883579201 0.181055397441366 0.169805137278527 0.0171363151249726 0.026049396577043 0.00273033200571083 0.447469564938316 0.374876101915039 0.592978573374778 0.387950499599017 0.430178479279501 0.43117272442491 0.507786590460934 0.469086758763712 0.446384117404773 0.418761926406964 0.300925720824048 0.232289633324362 0.614473584403624 0.540658879941854 0.809905001724168 0.585625969259571 0.533114859025061 0.51748141269169 0.519450598744501 0.511380509182301 0.701496422387703 0.622420542665749 0.410372888302409 0.445798504633141 0.592352852467564 0.552289087223792 0.376967846943457 0.314127653521313 0.104106459764875 0.0154888820467001 0.460841959704549 0.536294410071603 0.28267463956669 0.273236696449806 0.395690087039117 0.50428229435896 0.253124368949921 0.238523318905035 0.590583097965342 0.662903612798903 0.742195442545484 0.676063179466263 0.63238784269326 0.788786225698422 0.570956664323172 0.642040968572181 0.592369142124507 0.695668731176508 0.528919239152672
0.567549739492273 0.369100092532956 0.488247036084389 0.713174467785763 0.518596907456136 0.668667610819316 0.750824385199055 0 0.62077067538726 0.71718127525184 0.398599613388252 0.612849874703234 0.396243601339914 0.531736478574154 0.0675187274116742 0.165822059519288 0.3494079135291 0.282268305515735 0.484319365824562 0.561260163748219 0.0149002448512436 0.147803431109452 0.334262889013142 0.456165095741572 0.103679118031531 0.270994487415988 0.517687629513881 0.54439635972269 0.516076148963185 0.608877472896436 0.559584510677254 0.67886219883651 0.215639732776631 0.0205465892659572 0.129016694535755 0.309680145879084 0.223585717027423 0.139766525251838 0.00198389589458803 0.105352321010002 0.547738570792021 0.50671258895944 0.630358098348179 0.53041493355049 0.41315417193065 0.429495070447479 0.5841146606863 0.509821760404335 0.340957744601846 0.32269750364332 0.281320855454084 0.172133248587392 0.474366331285378 0.527883110399715 0.611328437488067 0.795760800192958 0.484807828826673 0.715713845354141 0.187222564074454 0.499805381965617 0.523717692216322 0.669413072141337 0.381722085959909 0.449480315472784 0.664293295946476 0.657793517837473 0.376175274271283 0.46128810454069 0.157970040677261 0.0630834384409984 0.578438769937414 0.645055126315891 0.38832990845141 0.347180050370259 0.431852859853661 0.440081403109011 0.25298884225689 0.20850471967454 0.327883132412593 0.637911995920101 0.56255520475815 0.678407842544915 0.670345656762679 0.672523045488725 0.590947585153281 0.666268451594039 0.700972609474128 0.660364618757419 0.610772731055344
0.584480985627652 0.279938859268254 0.497383767445137 0.445515271316265 0.556331678732599 0.412239231813285 0.780024683795962 0.62077067538726 0 0.655490971755983 0.526271509602864 0.450431307744106 0.567843659446004 0.490764888476503 0.473221844077433 0.292177842269573 0.250073785305916 0.15144640924647 0.297070344270092 0.366561091123699 0.182335387632198 0.0686628606948585 0.552758996047818 0.375427272763294 0.439027022872018 0.3588598690939 0.341992878839905 0.336884149681177 0.490688283744859 0.408050157212666 0.532361550404244 0.439645199228403 0.312789787294705 -0.00881491761165867 0.222931049413973 0.206856061073197 0.21886626703143 0.100976545936282 0.067755717251282 0.140538790508732 0.381233238748796 0.365955256387002 0.475749888542683 0.298564703324142 0.298997257855811 0.310100798606751 0.39166068167702 0.357916286689307 0.349325930999058 0.272691803511705 0.243533611146913 0.160400345400069 0.469802148024689 0.353510431205285 0.762260595123147 0.549232871507178 0.465532024301062 0.473775459987601 0.327614045408968 0.41668245997988 0.486297634691162 0.427229015505665 0.357211796785262 0.37924418457731 0.561910957368406 0.535224517794902 0.277774888774827 0.324772031891074 0.121744931128843 -0.0310835652487465 0.513900417389953 0.517606625663933 0.219707359434112 0.288234931245491 0.261261246983351 0.307205204110901 0.316657017601411 0.157505446421743 0.350845924511574 0.538219339784814 0.736521346794498 0.621807280745435 0.498191922811582 0.643074268737149 0.414416799885824 0.468968100014546 0.51633804768494 0.573456706095598 0.461468383597659
0.443658609428697 0.322389710610814 0.379876434583123 0.63066557869477 0.451894599171735 0.556723527461782 0.587882574891961 0.71718127525184 0.655490971755983 0 0.342668169526651 0.478094322253448 0.31179180852544 0.497333334884134 0.26317017910352 0.481902477194166 0.374563594275238 0.257277258227709 0.291738968433641 0.41510389996982 0.133634445753437 0.211968810470626 0.384434952551228 0.638626618699572 0.333299196915142 0.49059926069125 0.407281773558357 0.449750089688108 0.420967274020686 0.511474152550245 0.50315175469017 0.627945095308406 0.41444490231398 0.174566105987734 0.0807757160945941 0.271387762808002 0.193939260556248 0.229662052087351 0.099520059071479 0.17447548987247 0.439587805820832 0.415740198646095 0.47489768398223 0.346023267464479 0.297407242346368 0.360211548059718 0.310421156800593 0.22458047328484 0.230811281503868 0.196984432081918 0.302555387287727 0.163415183770172 0.280986077100749 0.271670753775053 0.573592844317205 0.74468885896244 0.365985119862202 0.460784401213223 0.303859751973307 0.638412122669781 0.390345263852949 0.492987166694355 0.335330518069279 0.368590524764141 0.487369396382868 0.526695399233988 0.22008529815031 0.325702878142914 0.182300594215068 0.0613656285586144 0.501561023754097 0.511651800527416 0.393958359245854 0.364374630443099 0.352572604411288 0.438906479905158 0.401806691387213 0.384325080488403 0.334361278308326 0.68744761505638 0.582788734004543 0.706127367874819 0.453466727699061 0.507624393711033 0.317371322490711 0.406562957352723 0.455078734129938 0.459539095769718 0.43099078007183
0.714732683320341 0.39483449737231 0.135577439631445 0.09141275080782 0.370820724072267 0.347321033108992 0.466332074634338 0.398599613388252 0.526271509602864 0.342668169526651 0 0.755332496842648 0.8971614606299 0.697659677413129 0.494494816745422 0.332142704694736 0.350972325101988 0.329173816345385 0.487704715429565 0.447382243750629 0.208195606916796 -0.00648636415802416 0.38566315283376 0.243012218092176 0.149476094025999 0.0805960097740733 0.611692680850088 0.525130726413544 0.273682906404632 0.162423954489 0.526742540478654 0.412951973203787 0.0335022656074563 -0.139784398176864 0.0676691150667852 0.158298768474339 0.103216730701876 0.183931542471126 0.142933547626041 0.25777751783229 0.338832375656769 0.423307622732506 0.314352898436201 0.244297003309498 0.274394800834153 0.285333102523715 0.262107575812285 0.296434478014139 0.344328032323681 0.298246940881296 0.315712161399418 0.22565386429763 0.468636069223786 0.288172971937944 0.674250418508531 0.374169343178969 0.682520199369538 0.569438893943834 0.0842152132035099 0.0783875979223191 0.153405096094781 0.152035646369879 0.267823531245983 0.306090439794917 0.382432838059994 0.336112008808637 0.313919116845871 0.213612816961365 0.0775962177711274 0.0414101390708468 0.472262212210931 0.403638464185638 0.342637671687396 0.316289489097008 0.354179533826491 0.190322494309088 0.197733561372623 0.0438437382068822 0.208314221321467 0.295705043056563 0.634487596165655 0.394569497817547 0.192315175377617 0.305063265492357 0.276254203076456 0.298068473248672 0.366278093068546 0.505303507847844 0.371613194349115
0.625469090210966 0.367857051397451 0.035801892133071 0.252952858396566 0.330081408788002 0.484998915269633 0.397329884414643 0.612849874703234 0.450431307744106 0.478094322253448 0.755332496842648 0 0.76467991574601 0.858795915578332 0.359854341109179 0.435277244821787 0.400200562536969 0.323393837900401 0.469837306478617 0.528868451362398 0.186850055791157 0.172201896865944 0.286709915719551 0.412412849580581 0.109721230342246 0.167729752496205 0.705838805563562 0.672155136046483 0.358263376591984 0.402620819705332 0.486539402232775 0.559221096717098 0.0330602761426211 -0.0454264161270028 -0.00925113828435395 0.240152039896911 0.160440629441239 0.204233890666572 0.0696280333788333 0.286417658706392 0.479874003828068 0.521343314190761 0.393857594437331 0.34066725630823 0.306204680363211 0.303460693109167 0.38313257728115 0.381262603553754 0.283212499767404 0.230844526002109 0.252999525382055 0.132429029028424 0.396062240865749 0.281743227221369 0.57468265073587 0.594891986959288 0.567292445633611 0.666325044640179 0.0115058809672539 0.248417494789573 0.211356560548104 0.294297672033795 0.261996177261991 0.288193174056161 0.473274504986803 0.4775403547115 0.350807057057564 0.359144329203173 0.118012778071837 0.116442599621494 0.563345718174524 0.558766417250208 0.378720152265349 0.398962616225688 0.390004318097624 0.277146166174987 0.166722297030733 0.125457060321391 0.135812382036512 0.4291050594612 0.564263783635581 0.48902041196487 0.329239979835735 0.329224791111428 0.344061526844226 0.383790272028907 0.496134685934461 0.529722053208325 0.507287939298355
0.708916762034484 0.335099248990249 0.173590802554273 0.12286374592775 0.389973410211699 0.342782205487869 0.502693642853886 0.396243601339914 0.567843659446004 0.31179180852544 0.8971614606299 0.76467991574601 0 0.761111745455072 0.594986137388367 0.36111810960945 0.299747690535389 0.291344075448616 0.456095367704735 0.419366469916492 0.207605722403159 0.0279242048408599 0.444442078522833 0.26249235451017 0.254349027833146 0.154982708365537 0.584118372663047 0.47103579538688 0.295138640999991 0.188775075177272 0.502341468025828 0.367379785698569 0.0711021658804663 -0.142527714985525 0.108045831897233 0.151238239142726 0.14867662797729 0.155960436937607 0.108757022325969 0.18727655784286 0.416266029115586 0.419194132580211 0.342967147181985 0.223980550722038 0.301826929127564 0.283569695207403 0.312332000662965 0.359598231971125 0.382534935845262 0.304745417198172 0.286868101813476 0.192383185283286 0.510350323943962 0.315190367213169 0.689687374393913 0.316677136653008 0.676841929696802 0.523207706672956 0.156052650717559 0.109820308657562 0.266252644818427 0.196238560329684 0.266433044293636 0.306795087836229 0.453602774566737 0.384647313830827 0.321555186876425 0.252727692774893 0.122017304675179 0.0514705993353803 0.513957201425244 0.451974178910084 0.308721122202894 0.346584656230173 0.344193704092206 0.24452099102194 0.23364996273445 0.103045302859112 0.266967529321685 0.336880619832999 0.683239079767986 0.415547139463659 0.282343368034501 0.390289668626248 0.347395827232894 0.386226856443091 0.442218308598288 0.569028255836251 0.439745953151122
0.607473645071285 0.429435791904732 0.134552884052576 0.337054315219203 0.244769494619849 0.363992260587646 0.393293784432536 0.531736478574154 0.490764888476503 0.497333334884134 0.697659677413129 0.858795915578332 0.761111745455072 0 0.528033432698869 0.633317102994764 0.393367467359548 0.330897967213676 0.422586166551836 0.531792812846833 0.289804282889415 0.222236229429995 0.399219527990385 0.529036213705718 0.341223552749827 0.31664554587611 0.658140285564793 0.631685607338901 0.444242007133251 0.453460552466542 0.556965584170963 0.57835518174074 0.182262860483352 -0.00892723132878381 0.11431467094337 0.370553798542226 0.210510741422263 0.368941376118604 0.148653971366168 0.339093227474847 0.56324596370248 0.604552407110263 0.480064249162078 0.41142975983784 0.386279920973366 0.427764546675865 0.420395339321124 0.40673377225707 0.406450248115942 0.293465603356635 0.323780838267076 0.225112359071734 0.43253472425519 0.253914498686939 0.572509285260022 0.480147113288613 0.588456272641784 0.572855740454606 0.0988062774021613 0.348273623831043 0.333824451205007 0.382682357077932 0.342046546219286 0.366791329538537 0.524965227472872 0.486978456697602 0.332435696182646 0.335172858053297 0.232520180527334 0.07909507759976 0.620260545582163 0.599756724867597 0.367268682106551 0.509786943825751 0.424503349752799 0.438555343630285 0.269516627448511 0.263039819178057 0.209510276279224 0.55273941223054 0.619068439648978 0.575077651188714 0.29057713750465 0.360302062150568 0.353842214532813 0.396178068603483 0.529892620422876 0.5903565753435 0.551591167580385
0.376959052717129 0.137116925641755 0.338004780562688 0.204665883292712 0.260946787805903 0.123765246030692 0.321310358688641 0.0675187274116742 0.473221844077433 0.26317017910352 0.494494816745422 0.359854341109179 0.594986137388367 0.528033432698869 0 0.624131578243822 0.107248517096647 0.0638964296407231 0.204788320785353 0.170148560949928 0.227657506488848 0.0382826355918422 0.658688661710117 0.38257214303305 0.602963729986568 0.465640067454086 0.256561505664229 0.197943025448419 0.354661927956819 0.18526677450374 0.3743645306169 0.179780558266923 0.401733219988875 -0.00270590766893327 0.277722259957768 0.18909491088386 0.17303052224456 0.230714988879551 0.219713691696105 0.195964456448155 0.282893083255527 0.224913299453954 0.209302892477073 0.0375464412668892 0.1495505497485 0.175653006500193 0.119853147165545 0.173540244655419 0.306950639597291 0.162853040295986 0.134407792809719 0.0835331095852182 0.265185662218337 0.0972379015473814 0.440322289348473 0.0593424786751642 0.391606275692746 0.127851628609471 0.454158479762538 0.27998639805433 0.320137319789473 0.135321654251158 0.144556878617529 0.147727554916478 0.343925792072107 0.209167630190784 0.217939498925654 0.104231288398675 0.24089893468287 0.0220456462492045 0.369757320277468 0.311022219071498 0.20110807499801 0.221713159887989 0.158116410848472 0.239498054156401 0.411429688580552 0.363146354617566 0.393816227393195 0.352966237664655 0.597998099446017 0.393981969340683 0.185510058544184 0.33130856432063 0.21554516924437 0.195043671222971 0.262542758216115 0.387517073437883 0.31217375657143
0.314702790520263 0.286371021148393 0.190016742045062 0.405522605551012 0.123524370319649 0.155365045482389 0.185579232368177 0.165822059519288 0.292177842269573 0.481902477194166 0.332142704694736 0.435277244821787 0.36111810960945 0.633317102994764 0.624131578243822 0 0.331467085805819 0.216965147876736 0.236278301896607 0.237236031314953 0.174888290638771 0.213181226319268 0.542160668555172 0.76316411885387 0.563145865478389 0.526447397884449 0.351167342472992 0.390820477189362 0.368570411013727 0.406016827301608 0.394417029934797 0.412830720986764 0.509542822736633 0.213025342239688 0.124881447254894 0.300690358486989 0.145682200179794 0.363258956704103 0.184352513000709 0.209696349711236 0.349049993532833 0.355726716001268 0.255722074468318 0.148736451190496 0.213389898999702 0.267460643800485 0.0305352576697068 -0.0321449618697136 0.190314178639747 0.0254573564408527 0.297503114180437 0.205558245393188 0.0648636936355681 -0.0665101764054382 0.368552077987886 0.272270707484894 0.259512680188138 0.127529103823429 0.42111428256615 0.585981250721219 0.276150892580838 0.286548414988293 0.236653886440267 0.181682380077633 0.279139588009031 0.186873896265972 0.0938392464949317 0.0622223712417286 0.233002576521912 0.136565111601715 0.383980856229172 0.305719371480265 0.299726814756671 0.389815820690272 0.260167144953703 0.424522269724252 0.432012921172998 0.514747603299648 0.342257922245167 0.545960703162955 0.421683633499365 0.452374734336567 -0.00511073358424305 0.128365448804202 0.015079621303765 0.0231978142417292 0.118881859044332 0.220894332449555 0.22650725684804
0.647053040672211 0.817291418485906 0.133329813222241 0.338230438973219 0.175399370068621 0.112197503635202 0.2633320499126 0.3494079135291 0.250073785305916 0.374563594275238 0.350972325101988 0.400200562536969 0.299747690535389 0.393367467359548 0.107248517096647 0.331467085805819 0 0.900837861267724 0.57498833281989 0.727494816707731 0.0272622292267727 0.0054401784734635 0.0890585967515708 0.277203548369014 0.0511636398253057 0.0384819734989297 0.706753121146439 0.789711750537977 0.36290530038328 0.308327285623726 0.551803500523514 0.655385524390406 0.0402703382024172 0.0934680654219068 0.062343380382604 0.287613491486442 0.21089108549308 0.423985139092095 0.211626596332966 0.109849296733556 0.424858322440853 0.522474823760169 0.383778285455466 0.442472416698574 0.62657554772757 0.581400422232549 0.311479028339046 0.220768406680128 0.489162772742539 0.389849971192276 0.822825236903969 0.750856546905705 0.392236425840194 0.303116179135724 0.308712885788887 0.264587988338533 0.533451793819446 0.375866170206823 0.0692542606566871 0.1755062100054 0.147280996890389 0.294271821280014 0.706598902578592 0.681262493799049 0.166271722277247 0.217465907436837 0.189808925994577 0.178760684778517 0.152700024767205 0.016092817271217 0.358947126126805 0.3003407411172 0.674720009736107 0.714722378141456 0.767398286571597 0.545934176253083 0.339968705529546 0.272092345125041 0.271786695100408 0.335792051589221 0.309570143927505 0.361403072325104 0.0414417388495698 0.122931893878964 0.211810143476028 0.206162173274324 0.257940323205018 0.374747382578431 0.27598166993982
0.605139054180607 0.863997522083712 0.133255114547892 0.294595965035736 0.143172955685273 0.0890710667019336 0.198834024839444 0.282268305515735 0.15144640924647 0.257277258227709 0.329173816345385 0.323393837900401 0.291344075448616 0.330897967213676 0.0638964296407231 0.216965147876736 0.900837861267724 0 0.574518285048158 0.762722266962622 -0.0243154143264976 -0.0409919094506586 -0.0216614546603413 0.145374465846095 0.00012537007774586 0.0225909283913958 0.663250238066283 0.755460324637456 0.29024841817935 0.21702459909324 0.524498045729007 0.586317298710229 -0.0360816120743621 0.0372584357985217 0.109151279208699 0.264937734964086 0.172826614781761 0.450237329332192 0.197792304609142 0.0868399417055636 0.384228687610591 0.483134336795909 0.361686490476257 0.433700986879781 0.658933757629705 0.608211039509808 0.35939192343335 0.259890736863345 0.545599354307595 0.469752685935996 0.852334242278607 0.843683242961866 0.452717054816899 0.36887066456984 0.191364682543155 0.110452392774245 0.572089338354952 0.373575980628438 0.0111004822360507 0.0591990765489402 0.106749805873117 0.269404924418243 0.732615099623463 0.71811507058695 0.109899770231302 0.166990231740738 0.167967156856035 0.150150617966655 0.138998831280572 -0.0507063506334271 0.285843905187512 0.246239747208207 0.637333936565734 0.632618356481853 0.791367483697419 0.56680702795582 0.274797227171829 0.236325508107985 0.290357901792258 0.303281659690571 0.269774945062443 0.303144973221707 0.0400546979612277 0.127013419572868 0.250208925175809 0.231988983606422 0.277960522023961 0.371931931328997 0.232059029272467
0.717241709350234 0.597528318189296 0.383601958796168 0.457170110971238 0.443059900753486 0.399571103594261 0.503121803576581 0.484319365824562 0.297070344270092 0.291738968433641 0.487704715429565 0.469837306478617 0.456095367704735 0.422586166551836 0.204788320785353 0.236278301896607 0.57498833281989 0.574518285048158 0 0.718563746712882 -0.0525388910908195 -0.038921839152189 0.291186362010837 0.220635793020018 0.0278905456580916 0.1039185292186 0.627309422600151 0.611159602973692 0.404550655773268 0.260214301222579 0.623227595349361 0.560483000797062 0.0977750333720429 -0.0441312927529385 0.0779194795144255 0.159654055110394 0.0231524477400682 0.144047580287733 0.0802360395458983 0.133187214172704 0.506000369674232 0.544043467190367 0.524217648637223 0.455819503631928 0.495750307495547 0.555075303891548 0.466025587860539 0.424241238547477 0.388996070174309 0.355154183123161 0.534660491872518 0.464014595527732 0.433586778937833 0.372438148666108 0.437031004422184 0.33361353410454 0.543286329675007 0.47684926548575 0.228393915550795 0.228127095464898 0.27503573033505 0.407561324465272 0.53656946223039 0.52193724903794 0.488342116011369 0.411211662700302 0.382884668409729 0.326484183200577 0.103297775997394 0.152708861197793 0.491171671610366 0.399523980287215 0.470405813441382 0.444479254126546 0.597230709430742 0.488826553721469 0.22488510713765 0.235142893799775 0.43489359521825 0.374739234803711 0.425200897755898 0.435046662655186 0.347841700799985 0.408830924418958 0.406848531367896 0.437123237882257 0.439656149877002 0.566923511135629 0.480322007416747
0.734037941638714 0.766962882464081 0.330508203927101 0.491361874009551 0.349135277155065 0.44393453136553 0.432243414106664 0.561260163748219 0.366561091123699 0.41510389996982 0.447382243750629 0.528868451362398 0.419366469916492 0.531792812846833 0.170148560949928 0.237236031314953 0.727494816707731 0.762722266962622 0.718563746712882 0 -0.00312429183755628 -0.0157670267330662 0.136605936876323 0.220231841469928 0.0324334587883023 0.0928375866708384 0.771350615480702 0.79517361183826 0.530900389207502 0.467077320239751 0.709672043228749 0.769606209822023 0.00535388898665314 -0.141855016429966 0.134623498037275 0.285526742644683 0.239371956858852 0.313440745465056 0.0774289770169399 0.215702290520818 0.570998829108272 0.62157991718329 0.559761179229904 0.578322802435368 0.674820235626525 0.687843856715175 0.649003832549894 0.583824663361507 0.62493416188092 0.48411331912898 0.710683271518998 0.64243266613413 0.614774609674237 0.528474072227779 0.343784954996357 0.311246449131663 0.71899594428934 0.694619654092898 0.0195988063520697 0.112797622947554 0.294148517060746 0.423244811928143 0.729845488300011 0.765969942258472 0.430095685904936 0.499763902503437 0.326576627808932 0.388830344409309 0.106915828772799 0.011773361908811 0.55791757002236 0.571758142891139 0.652477592037081 0.595124765968606 0.736951720622742 0.53596127577862 0.325796753030771 0.20150140332656 0.300423094597848 0.429044733123135 0.493264273140303 0.544709922848542 0.405378197760262 0.468197241652379 0.570076894308783 0.569630978908567 0.613672375363663 0.662252302528098 0.558089621484866
0.0750354153215732 0.000972886794533881 -0.0355832154646663 -0.0407372532154731 0.0327037054068749 0.0539606448902631 0.0516866195165295 0.0149002448512436 0.182335387632198 0.133634445753437 0.208195606916796 0.186850055791157 0.207605722403159 0.289804282889415 0.227657506488848 0.174888290638771 0.0272622292267727 -0.0243154143264976 -0.0525388910908195 -0.00312429183755628 0 -0.0115897584346845 0.202924218083884 0.106990391604771 0.17696829395446 0.17220607373221 0.142891350064781 0.0837105125340884 0.144273001713653 -0.00798654599209227 0.045859427973792 0.0394114411986487 -0.0189480891655927 -0.00998954696248137 0.055072179042376 0.0467362512864377 0.203473523911945 0.088022790445795 -0.0272101468251435 -0.0459893775048392 0.0728113956076868 0.151686317730832 0.0235168270355163 0.0507800905472237 0.0182789027038869 0.0366440943766689 0.00677109485986412 0.0233542720847901 0.0624233255235872 0.00135537170122883 0.0391117820528453 -0.00879792553214024 0.0754591078938461 0.0437546997784977 0.173811764764088 0.0648593748724937 0.11498189697242 0.0315922521366277 -0.0159208792698225 0.0767589255232238 0.0510743342012259 0.00390611706987896 -0.019515821635978 0.0444537128908391 0.0659756039279024 0.104564664453393 0.0773292718276167 0.0044913885436828 0.0808365287990648 -0.0729725394983002 0.10040914909041 0.115642225605847 0.133919240492804 0.157347846361396 0.0123452618081131 0.0433023303280608 0.184408054913808 0.0576628712790349 -0.0499998361864411 0.117753358941487 0.203978212399601 0.154285965939712 0.00159840522672057 0.023234086722502 0.00861198692281559 0.0293418980172011 0.0276266148257532 0.105039472763701 0.153133150808706
-0.0645807222541678 -0.0290215927667824 -0.119647948676482 0.0446605805577959 -0.000733100729558676 0.0594267818289697 -0.0129454046128487 0.147803431109452 0.0686628606948585 0.211968810470626 -0.00648636415802416 0.172201896865944 0.0279242048408599 0.222236229429995 0.0382826355918422 0.213181226319268 0.0054401784734635 -0.0409919094506586 -0.038921839152189 -0.0157670267330662 -0.0115897584346845 0 0.0640398073234932 0.24090476525655 0.205904972784495 0.275151964877757 0.0460593574947515 0.147672198958944 0.184213174595294 0.293580355521664 0.0473374465382883 0.0939171046973784 0.147965652861936 0.216296428234742 -0.131876309694705 0.141933143147824 -0.0693784745793011 0.0655960331564148 -0.0073737665661245 0.224972394738217 0.0315895494683713 0.0300981651381011 -0.0197158005730878 -0.0715085135126358 -0.13025383612725 -0.0680211174363356 -0.0748662788426001 -0.0780007311127017 -0.175813415173626 -0.0653603069319691 -0.101237718844296 -0.119481324918999 -0.15397154131905 -0.267810912308635 0.0674325537967854 0.226961065984993 -0.0795520197562494 0.0373656394357821 0.0557775693696877 0.217883538865885 0.0291684098242838 0.0232972972674886 -0.0656116359878679 -0.134950657866797 0.109644583673287 0.0209760113662098 0.0442714123802105 0.1812048561944 0.0977901656273139 0.0953623093336553 0.148599071851437 0.178420583133698 0.0267915210478603 0.137329323564265 0.0386907072921644 0.0741694367031026 0.00395387011838888 0.150750282927297 -0.0100159346852499 0.129549088475819 0.0467377230541509 0.087836918915621 -0.0858789740215227 -0.0789090851824973 -0.173355555092811 -0.0480467448812617 -0.00195614628012862 -0.00885840587580982 0.0291213996376929
0.435696754081077 0.116670396241675 0.663763910610335 0.52980459451136 0.384875786824371 0.218096802879287 0.630078680646862 0.334262889013142 0.552758996047818 0.384434952551228 0.38566315283376 0.286709915719551 0.444442078522833 0.399219527990385 0.658688661710117 0.542160668555172 0.0890585967515708 -0.0216614546603413 0.291186362010837 0.136605936876323 0.202924218083884 0.0640398073234932 0 0.643614917437317 0.647376799342268 0.479614263459349 0.150651822494813 0.165173177396765 0.493773598008323 0.383422392513557 0.422860791719566 0.274830713414664 0.638046999751406 0.142491115139024 0.179693470702148 0.147881191858215 0.150871158585811 0.0807578567421075 0.0580566677033058 -0.0675715457126207 0.311079940899487 0.213341839653417 0.354571102827335 0.0839720907481226 0.184517615815621 0.192243465601081 0.0859369543521525 0.0779645206292308 0.224624818830123 0.138384662905509 0.106698471126506 0.0661223252770309 0.218734477018935 0.138573347910198 0.658921152078337 0.301137871444896 0.363740996297902 0.193783272808152 0.713436407063832 0.566765756237351 0.630749035255226 0.417478592508454 0.172066546180714 0.119724429101528 0.394576741454673 0.239920658740522 0.15697366485714 0.0382806156037015 0.145661959875169 0.118940751530322 0.381493613462953 0.417314540033794 0.166802934888061 0.230911575391045 0.117147202771299 0.351771667868283 0.41748884622697 0.419572325473273 0.56476559890191 0.529684238392358 0.581003833959335 0.468140937771595 0.269776869674734 0.44666025632103 0.251490687274786 0.269276288755344 0.228700402745465 0.393279586135958 0.358723543669794
0.345529477011103 0.239019180872594 0.400423725584715 0.652952979043633 0.208067647492792 0.250297367201757 0.425794551561352 0.456165095741572 0.375427272763294 0.638626618699572 0.243012218092176 0.412412849580581 0.26249235451017 0.529036213705718 0.38257214303305 0.76316411885387 0.277203548369014 0.145374465846095 0.220635793020018 0.220231841469928 0.106990391604771 0.24090476525655 0.643614917437317 0 0.565961505747408 0.560366318539968 0.256933561751489 0.35023502962935 0.376986044343888 0.544092113450569 0.387753353225296 0.477215318099701 0.640894965533803 0.324891808303104 0.0678046642192903 0.274935095401302 0.182110605882301 0.315137249179003 0.117039430953901 0.041161067472068 0.334024010842185 0.294770562882557 0.341354344365897 0.181361811372566 0.212871844166669 0.278900939164281 0.0842770724261645 -0.0111614669400919 0.153562983953139 0.0857971853929135 0.243208964734545 0.157000620040138 0.0945456062761847 0.0451881165645602 0.508332712290847 0.540655483341148 0.278159248075667 0.227924933583824 0.585843165774024 0.815917323961105 0.517726528781696 0.506225694488964 0.262610454392692 0.213024539001958 0.340230109199003 0.215034744562578 0.00915789339346613 0.0351703630485707 0.148919811471082 0.0974797486063351 0.448087124950048 0.473781055316779 0.269860044140476 0.333389786735146 0.231113297022594 0.469593037953647 0.413188948474115 0.570556580130127 0.445411690454433 0.720549293258178 0.42766242100941 0.564570876538362 0.170832591355515 0.276801835367916 0.123932837207749 0.173898608789703 0.194446645016119 0.291854966750338 0.313224569645689
0.233752719547119 0.119565920691811 0.384595904246664 0.33622514642052 0.184858369821321 0.0129666380320854 0.350225706342547 0.103679118031531 0.439027022872018 0.333299196915142 0.149476094025999 0.109721230342246 0.254349027833146 0.341223552749827 0.602963729986568 0.563145865478389 0.0511636398253057 0.00012537007774586 0.0278905456580916 0.0324334587883023 0.17696829395446 0.205904972784495 0.647376799342268 0.565961505747408 0 0.676487031938602 -0.010137110797222 0.0354562889258615 0.258743716588357 0.201834900942091 0.242956211500684 0.128071730158183 0.675810738488961 0.119997344842411 0.159593210043642 0.31647699788817 0.237064132709973 0.260867089877196 0.18222072022565 0.0901489019799457 0.269288103612822 0.2134182584415 0.24685284445918 0.0274910668206872 0.116997223797868 0.17396342125502 -0.00285781154398659 -0.00186513075211486 0.181007618175035 0.155887877104698 0.0987989939266183 0.0929161708280271 0.106391061737501 -0.0538047275699757 0.413537443426242 0.196430107551318 0.0807853679758915 -0.112314636377849 0.656919113063606 0.589267004811873 0.501408261779546 0.312607639363592 0.187615549774578 0.104289129098039 0.285836925264726 0.155807074860404 0.0590997533006246 0.0541142213982895 0.273536586653114 0.0443106638633455 0.264193627250794 0.258508955870158 0.143628787112853 0.258644527878308 0.114435285766617 0.39648026404705 0.413032473289998 0.503813116498677 0.47479343573885 0.530436549271734 0.461743551585479 0.461921974896464 0.101402201460749 0.305097901086778 0.067228228514126 0.0967028584702014 0.11244428135403 0.211776027821472 0.20781320891497
