0 -0.0342237858004891 -0.0254014688625534 -0.0279499219338482 -0.0240634664588875 -0.00102784755427969 -0.0169620482744659 -0.0104948470005171 -0.0104604410373899 -0.0369229069921885 -0.00336634037679958 -0.0305688468106571 -0.0174390899095131 -0.0327480044660953 -0.0237299729974136 -0.0317801137333805 -0.0467601700618931 -0.00709408421680194
-0.0342237858004891 0 -0.0364010875306664 -0.0217940285102736 -0.0398352068742269 -0.0670112407066724 -0.0162188370087017 -0.0215370059332054 -0.0239875897224234 -0.0255518128778995 -0.00961268141745354 -0.0524800525319155 -0.06519334226536 -0.0147424960282616 -0.0169298942635669 -0.046011588786067 -0.0294754031740223 -0.0404648964356928
-0.0254014688625534 -0.0364010875306664 0 0.000642912394706609 -0.0549979929725741 -0.0292642449317112 -0.0544634705548787 -0.051145173210957 -0.042507261106217 -0.024398660727082 -0.0256846065685534 -0.0272947382221361 -0.0245936625286768 -0.0187834604174564 -0.0193289797164866 -0.0339192492249952 -0.0529413092510861 -0.0306923956146446
-0.0279499219338482 -0.0217940285102736 0.000642912394706609 0 -0.0199402883093752 -0.00558475064763372 -0.0288550790218128 -0.0124705559754271 -0.0419112410581673 -0.00468053154601724 -0.0247956336201403 -0.0328177481891069 -0.0442859314654968 -0.0028417190851606 -0.027494858139195 -0.0367384940305496 -0.0284972088492699 -0.0471884669523149
-0.0240634664588875 -0.0398352068742269 -0.0549979929725741 -0.0199402883093752 0 -0.0149475295381852 -0.0423675816333361 -0.0340067757151803 -0.0149677226014356 0.00185568230791391 -0.0011512370937979 0.00290267538100962 -0.0146974311292358 -0.00612530465718113 -0.0199583013232368 -0.0163629952630449 -0.0547901511374725 -0.032757921963372
-0.00102784755427969 -0.0670112407066724 -0.0292642449317112 -0.00558475064763372 -0.0149475295381852 0 -0.0500339255706954 -0.0660419450296076 -0.0214332694697594 -0.0132553791588284 0.0134353339250846 -0.00790327098071355 -0.0413049368321751 -0.0115804759711736 -0.0154970599485109 -0.0306251289158018 -0.0403093897246515 -0.0373297404187939
-0.0169620482744659 -0.0162188370087017 -0.0544634705548787 -0.0288550790218128 -0.0423675816333361 -0.0500339255706954 0 -0.0250382575178718 -0.0328500883529494 -0.0265549393996355 -0.00629493454489356 -0.0660760083560311 -0.0201537237821234 -0.0160726353615539 -0.00500509136599912 -0.064348642420033 -0.047536516353839 -0.033399924800891
-0.0104948470005171 -0.0215370059332054 -0.051145173210957 -0.0124705559754271 -0.0340067757151803 -0.0660419450296076 -0.0250382575178718 0 -0.0474082939238073 0.0115321070623507 -0.0151892825062169 -0.0236303491319955 -0.0109900904709832 -0.00229104445988334 0.00365620622896019 -0.0264709380664416 -0.0197238842940343 -0.0179447544888986
-0.0104604410373899 -0.0239875897224234 -0.042507261106217 -0.0419112410581673 -0.0149677226014356 -0.0214332694697594 -0.0328500883529494 -0.0474082939238073 0 -0.041533429291919 -0.0148451928254373 -0.0331102779445981 -0.0367600813343524 -0.0365724805863837 -0.0309413700528326 -0.0363088324429147 -0.0494054907981815 -0.0415312379620688
-0.0369229069921885 -0.0255518128778995 -0.024398660727082 -0.00468053154601724 0.00185568230791391 -0.0132553791588284 -0.0265549393996355 0.0115321070623507 -0.041533429291919 0 -0.0177373992623571 -0.0205540156385668 0.0252960596851966 0.040943913669292 0.00360302785147135 -0.00596993869492886 0.00435120474182898 -0.0352368349068945
-0.00336634037679958 -0.00961268141745354 -0.0256846065685534 -0.0247956336201403 -0.0011512370937979 0.0134353339250846 -0.00629493454489356 -0.0151892825062169 -0.0148451928254373 -0.0177373992623571 0 -0.0228058682714203 -0.047847141732493 -0.0168609977008486 -0.0173920806964493 -0.0208887107506046 -0.0412440964714853 -0.0434825265349615
-0.0305688468106571 -0.0524800525319155 -0.0272947382221361 -0.0328177481891069 0.00290267538100962 -0.00790327098071355 -0.0660760083560311 -0.0236303491319955 -0.0331102779445981 -0.0205540156385668 -0.0228058682714203 0 -0.04598978615489 0.00387379554396787 -0.0354610405541197 -0.0397064755359219 -0.0366920323411318 -0.0509731142869739
-0.0174390899095131 -0.06519334226536 -0.0245936625286768 -0.0442859314654968 -0.0146974311292358 -0.0413049368321751 -0.0201537237821234 -0.0109900904709832 -0.0367600813343524 0.0252960596851966 -0.047847141732493 -0.04598978615489 0 -0.0235230857876087 -0.00844396620729471 -0.0318460472457061 -0.0345613073908232 -0.033427568333557
-0.0327480044660953 -0.0147424960282616 -0.0187834604174564 -0.0028417190851606 -0.00612530465718113 -0.0115804759711736 -0.0160726353615539 -0.00229104445988334 -0.0365724805863837 0.040943913669292 -0.0168609977008486 0.00387379554396787 -0.0235230857876087 0 -0.0549020385890499 -0.0355983430627818 -0.034356642735618 -0.0481381147719637
-0.0237299729974136 -0.0169298942635669 -0.0193289797164866 -0.027494858139195 -0.0199583013232368 -0.0154970599485109 -0.00500509136599912 0.00365620622896019 -0.0309413700528326 0.00360302785147135 -0.0173920806964493 -0.0354610405541197 -0.00844396620729471 -0.0549020385890499 0 -0.0112199854385815 -0.0362040555827839 -0.0319245992912066
-0.0317801137333805 -0.046011588786067 -0.0339192492249952 -0.0367384940305496 -0.0163629952630449 -0.0306251289158018 -0.064348642420033 -0.0264709380664416 -0.0363088324429147 -0.00596993869492886 -0.0208887107506046 -0.0397064755359219 -0.0318460472457061 -0.0355983430627818 -0.0112199854385815 0 -0.0511274203339083 -0.0377466004257017
-0.0467601700618931 -0.0294754031740223 -0.0529413092510861 -0.0284972088492699 -0.0547901511374725 -0.0403093897246515 -0.047536516353839 -0.0197238842940343 -0.0494054907981815 0.00435120474182898 -0.0412440964714853 -0.0366920323411318 -0.0345613073908232 -0.034356642735618 -0.0362040555827839 -0.0511274203339083 0 -0.0654525928805928
-0.00709408421680194 -0.0404648964356928 -0.0306923956146446 -0.0471884669523149 -0.032757921963372 -0.0373297404187939 -0.033399924800891 -0.0179447544888986 -0.0415312379620688 -0.0352368349068945 -0.0434825265349615 -0.0509731142869739 -0.033427568333557 -0.0481381147719637 -0.0319245992912066 -0.0377466004257017 -0.0654525928805928 0
