0 0.8760152546421 0.640070902759889 0.578147766459 0.537406323334717 0.579456759252595 0.52669123972841 0.49655271794619 0.381544436870275 0.395738717924924 0.814842145325726 0.711293116511038 0.846435134426877 0.771846023690443 0.703193213914422 0.763807876083281 0.84684780589504 0.829757810439929 0.812946169513563 0.807987729838972 0.473078859922643 0.392860956744857 0.688417234751785 0.669539057889608 0.743329158798786 0.675445564291694 0.77699609738323 0.771454319226774 0.607502813740126 0.608644332602338 0.58532082530012 0.577396911441834 0.336232075094065 0.357633140443858 0.342714094444506 0.200608335133459 0.725351846371362 0.756783140338606 0.505441804947997 0.516543267380993 0.658487623757425 0.649306474070031 0.690441536714796 0.681503547640982 0.662414686457161 0.644163410935869 0.530122058893201 0.572703970036461 0.695003955540154 0.70662188651335 0.869818773307057 0.818595290532872 0.49902513242412 0.552874709778514 0.558394197998283 0.417367928350848 0.737963246005311 0.624366039695567 0.520569318843621 0.466752873816658 0.346900807294767 0.453294515665271 0.755447702601802 0.548430207812192 0.437710447011068 0.37751101569829 0.302907095159188 0.420136703733931 0.644733832800092 0.558857703293487 0.0240613818290739 0.1459032008987 0.756450768350034 0.727492002249902 0.789514153632637 0.814282893749198 0.716248178775871 0.741309291262011 0.737977176718663 0.715028589528031 0.351943779514629 0.525371289522167 0.252187977985218 0.0738979088678297 0.297830125307078 0.309018649360419 0.38112509306286 0.350223079013871 0.465814299469475
0.8760152546421 0 0.628907389452395 0.6002042366195 0.539728798204963 0.619060590851048 0.525554783911915 0.532254222687493 0.415341682188198 0.4596467064118 0.712077279925383 0.660696305912813 0.799983893748309 0.774002558085857 0.722093558636203 0.813310254232154 0.901225930205624 0.922779854936792 0.851103870844392 0.889200990114663 0.513412137842134 0.423278476961868 0.762601581707843 0.721177731923445 0.827345565882196 0.754833334348958 0.816470632250472 0.837461353570953 0.672709817296916 0.66532224659511 0.630575606712568 0.639703587695197 0.391497993796567 0.436080515428471 0.434639861892938 0.313429488179702 0.753296879358223 0.799049302500372 0.583884139802021 0.615075830011083 0.717567787436141 0.722956899698484 0.759389323721595 0.750759120201855 0.742949136971072 0.735211075883739 0.593997661581982 0.647489052917925 0.763958501478216 0.78976150953452 0.932795741107028 0.930414664983949 0.523033374551303 0.618654513578198 0.518447987790697 0.428715655212128 0.746610127834788 0.651472045552365 0.517642177192387 0.489392636196805 0.393803700606882 0.521336174974398 0.85014445733275 0.637027188139816 0.501171599056656 0.497911684199505 0.346218597206383 0.467393453515879 0.648690008775983 0.645432349138308 0.0521369067420455 0.200696358927935 0.819711203412583 0.838910799900141 0.838234396111686 0.864778446228008 0.793373064605287 0.807152025541145 0.76573398137816 0.744117765911096 0.365114593060617 0.581467496364201 0.292845405740453 0.0973089026616627 0.363774688364429 0.343591057265968 0.443015618885929 0.389715804873398 0.496546760948442
0.640070902759889 0.628907389452395 0 0.895205590642395 0.839448158555637 0.662011671583236 0.912276872152625 0.816824562073916 0.764626823492393 0.680984998662535 0.488230870716068 0.51346845035128 0.679675004942017 0.487789446469692 0.723356424163111 0.677307526530238 0.676922063737038 0.659434915096773 0.706426777709729 0.571568526661299 0.386208785069878 0.244787493961504 0.856108390966162 0.762851131112998 0.682894576863607 0.706074010038298 0.62077778974211 0.657517396273541 0.758409236337854 0.78189030465291 0.850914574842545 0.836530038573148 0.827439328128199 0.804773007263161 0.781951786959193 0.592421239464986 0.64225553377916 0.623324949293832 0.671364991233303 0.733633721378376 0.834999162177795 0.801609117189917 0.803903936884696 0.782073139649253 0.824474811423638 0.794525405555486 0.798382545955111 0.792418719121247 0.803147653388961 0.72485984877404 0.734344463432204 0.730482623605833 0.838938416115889 0.773763712694343 0.865009344991996 0.762773812826632 0.812852772679339 0.747219663426479 0.835994509202597 0.830023576245658 0.854369822967111 0.871232829819547 0.715174232554931 0.853752363239137 0.806908543305957 0.770531777604809 0.685026733314978 0.743408637885097 0.668244911930623 0.757706792790164 0.588819080513464 0.66567455027761 0.752504057448437 0.728439681424733 0.798262557007832 0.649250343399889 0.680252068703783 0.678392463333708 0.891591832883167 0.840750697561949 0.827884898207748 0.840874419186949 0.792277580739405 0.690259305036145 0.743159546422312 0.744808153727437 0.807184007167522 0.805232018966792 0.811983046139808
0.578147766459 0.6002042366195 0.895205590642395 0 0.78061044755599 0.679987217510164 0.837987693351814 0.872782377995118 0.70548110464972 0.732105192933231 0.371564744049297 0.515180687831427 0.560262359773081 0.486277960115539 0.62037278015538 0.663872478758472 0.613226053784151 0.610427674675325 0.644182565830261 0.547473408513166 0.300393026551471 0.122454024336467 0.780982201542863 0.819262756392276 0.617395360939955 0.684099817549166 0.533464540836503 0.602955544742321 0.709491504737369 0.757245765731098 0.801533294533411 0.831576593137915 0.8220708342769 0.821667065245841 0.739261973507326 0.537121897826695 0.56809058385024 0.564570295238432 0.570489963182658 0.642132508513023 0.826744106110689 0.793534900637075 0.803361674821038 0.79321661560136 0.813722587878354 0.796541658566319 0.797653383280235 0.791492551221782 0.783415783512923 0.702214088591667 0.695250427527107 0.692167590400231 0.820757105616694 0.77006187733311 0.824278027426992 0.865848348290966 0.721012778190661 0.7227877790516 0.742599925367169 0.911939672685792 0.833507686806818 0.896974553550513 0.677755632596516 0.827021627990498 0.789459143726032 0.722559341170562 0.64305096008524 0.692354863048394 0.57467648555935 0.719839257466987 0.601273040759228 0.680774970462004 0.706005691768598 0.715753619814667 0.753768855263675 0.641761789852551 0.616772241011945 0.662154045014571 0.81329636443337 0.853184625087629 0.802917600285105 0.839013526020717 0.802843085429609 0.684911645081884 0.747935325936767 0.736234705501475 0.783472803205922 0.776079025923933 0.803498812163196
0.537406323334717 0.539728798204963 0.839448158555637 0.78061044755599 0 0.610518786918833 0.842217911581127 0.782368373523388 0.868991176233774 0.710774468308137 0.465136629257737 0.480247218725945 0.649976770709627 0.48688828929722 0.711896865839165 0.646501409839629 0.58762478634101 0.573387719169202 0.660151477557303 0.528260395266806 0.368375235992502 0.218692652741989 0.779053290205023 0.659805050686251 0.569102571812978 0.592462548354484 0.595303240731587 0.631662469505213 0.732725799092843 0.716082857727313 0.806854292584711 0.780092089172027 0.781378659370938 0.710216395280944 0.700676580124203 0.548570552027863 0.524077292190816 0.502736120036597 0.615051707409534 0.643465133869317 0.755293522786173 0.731287606527935 0.717798759717335 0.684016250259841 0.728347969606558 0.707645256911808 0.705285971485443 0.698836867099074 0.689500687110041 0.615889226344921 0.624043169465334 0.602809813052122 0.745645211353831 0.6453837465587 0.815788893751077 0.743058450887882 0.701561436513202 0.690667510364262 0.68392830787991 0.7201368610941 0.770855362306479 0.769058724165692 0.590092895188597 0.754636931745647 0.751073546612286 0.751327167757112 0.654932617069728 0.705331942166537 0.582928833993286 0.708915788003183 0.5426655224011 0.62820421839672 0.673698628258729 0.688319272560254 0.700791193723468 0.55134503858373 0.596765384914728 0.595533554391868 0.752915287539366 0.721181975337217 0.773781772646106 0.765581163611091 0.739222827576523 0.66103465750135 0.699938731395563 0.700703109576523 0.72936079373156 0.755986426797973 0.752051531963887
0.579456759252595 0.619060590851048 0.662011671583236 0.679987217510164 0.610518786918833 0 0.634976955475149 0.687075802187671 0.548074561001471 0.749569077978559 0.482904215824889 0.585142943997386 0.591366411833287 0.626696215795008 0.539686557554177 0.748922355387691 0.67645152295463 0.664320980602379 0.65690245534282 0.657817119192023 0.397510004753922 0.326804179876678 0.702754147893126 0.667989074973534 0.724980320431962 0.603319701124832 0.638630997932854 0.72032062666053 0.723040220591637 0.72398954091027 0.671954236985516 0.681188116646485 0.53408588083418 0.49531203722885 0.574031977546725 0.428933634765079 0.679499447308534 0.645247877128413 0.513441321573933 0.555523782967382 0.739690769283178 0.740760381953632 0.738671304689809 0.734911652235726 0.738650907545202 0.731035613080051 0.669741731375229 0.693855228071354 0.711601793686036 0.680930853665747 0.685104632203172 0.660011860947493 0.607586362524855 0.626495723313955 0.555200725708756 0.588536372415812 0.654348273428017 0.657805287574586 0.458493039095993 0.581109670193432 0.555873741161468 0.629940460413944 0.619880223936385 0.627688512045284 0.609195874110199 0.541791781814601 0.445325472373198 0.526297387179569 0.512647813752994 0.674160891573653 0.351654622718209 0.474336240200651 0.706134856327723 0.690922012910527 0.706104234955119 0.618187102282017 0.595308137281506 0.623158414210637 0.673862772840652 0.648872527042171 0.550369803607377 0.681245484929542 0.543387922359148 0.387305717217373 0.572709584088813 0.562804484439566 0.602795614660802 0.564508099460323 0.627890485039395
0.52669123972841 0.525554783911915 0.912276872152625 0.837987693351814 0.842217911581127 0.634976955475149 0 0.920245370133579 0.863465744637564 0.777697327116905 0.398778207682332 0.477027972998075 0.589109440736276 0.413194904446609 0.556568319395197 0.570419546346952 0.62153695680646 0.587240094094029 0.64854970404715 0.52651223362668 0.291166649031958 0.120698236730948 0.738878724764908 0.616653655277712 0.510213639404879 0.51339653777743 0.623943260468343 0.653751930331094 0.76745762476355 0.78373138743065 0.91233261368458 0.893322615071543 0.841316715164641 0.814549414502406 0.847125879806443 0.685031030232198 0.533955284576505 0.510250029357935 0.727403854002206 0.745177990696212 0.836727774957427 0.799905683458721 0.792877322073349 0.760097870580488 0.801412667384223 0.773985215499424 0.824817988341118 0.790579535618635 0.766985446666428 0.651587335035247 0.650809392213757 0.630473241275831 0.859838576925888 0.763203410385737 0.869028942575364 0.820690758571778 0.797977996469107 0.830744849128392 0.641581729053824 0.778040242590048 0.884082510512941 0.904108171877702 0.635088093776295 0.900052086438392 0.881615809386351 0.856872890128204 0.809087035182267 0.842094520549631 0.640412191016862 0.764114430344739 0.741308465260269 0.809742295845457 0.728312181488899 0.706401032204021 0.753543592256377 0.543843893386167 0.544191441944532 0.541084268906608 0.778748423158087 0.759958761851729 0.87772469382256 0.867393189644721 0.862441748946414 0.793077267153432 0.873344165252329 0.859039563279278 0.88427741471563 0.885707257918457 0.892536190878243
0.49655271794619 0.532254222687493 0.816824562073916 0.872782377995118 0.782368373523388 0.687075802187671 0.920245370133579 0 0.818620926927145 0.870786097171248 0.370814468987233 0.588248600729254 0.549444934098595 0.515981404769076 0.491436631842115 0.603623116983104 0.606019433067098 0.588858489662731 0.610655479924516 0.564929788714397 0.259760736570734 0.0552263309341123 0.684645323839882 0.650063374393059 0.495518946303169 0.495929100807673 0.602085178029301 0.676058822597505 0.747355461952664 0.782405181711777 0.879188147834378 0.893509651855409 0.794050998641018 0.775109234104423 0.807298332908318 0.667818106114369 0.515530312309009 0.491901467982997 0.643007383539516 0.678731262451261 0.836482834073534 0.806428109184613 0.808308678770202 0.787096301572958 0.798409769119409 0.785164245437639 0.825845991686034 0.801029754781725 0.764939623056293 0.652296974864204 0.639683678516229 0.614620278331123 0.828854967950267 0.768788972074044 0.842704514788164 0.903217100032242 0.762567757379648 0.857515892354431 0.546088568299051 0.805402245301657 0.83407812802302 0.902016183840418 0.62750247452054 0.859669583442932 0.84428592421863 0.806430354690157 0.748033136587412 0.777548397365475 0.564104252110842 0.743801460902457 0.696107579349284 0.779566467903982 0.715781704063884 0.72444877790587 0.739558290007367 0.580626604075596 0.530282048042504 0.552074417160215 0.727569755395814 0.772895370888947 0.845265738304738 0.877965793479053 0.841149279321041 0.737515053858977 0.850387036791599 0.83032373298386 0.856335519860563 0.839655391279481 0.860910766157069
0.381544436870275 0.415341682188198 0.764626823492393 0.70548110464972 0.868991176233774 0.548074561001471 0.863465744637564 0.818620926927145 0 0.788109249310274 0.358926407816954 0.415162454149562 0.526273886537208 0.360542121479016 0.571041186234709 0.535264082057309 0.48709188851049 0.475390654573226 0.554720256248191 0.443091191280659 0.250198644261011 0.0591874884945026 0.675820536908535 0.527928858671961 0.430589296164246 0.434721421303997 0.533171209337672 0.576307310499548 0.678477917303171 0.670182219792473 0.812132928043691 0.786484104537258 0.791384309981169 0.710855839405031 0.779884388838947 0.680157482617855 0.383073141387839 0.35604746267597 0.656804663637854 0.653653714425312 0.736146642388231 0.705217135563321 0.690149788742889 0.654960627922786 0.703209693085756 0.680290328366178 0.747377810123593 0.703213407104614 0.648069995785044 0.540113193802658 0.527228207182954 0.510846496123817 0.765782417709322 0.645528956551989 0.815210220946862 0.759682473966384 0.66020884551943 0.710323159536251 0.543550413438773 0.661087208777275 0.796020723356801 0.776882737467183 0.510567281368288 0.785603498163074 0.803999272615256 0.793235457016623 0.727915634972737 0.758532720745203 0.551245889738531 0.702543377300544 0.681582847444818 0.755824848277278 0.61714014942585 0.633652754248502 0.636012150457862 0.424335799529329 0.489513653779933 0.458995764342487 0.653998335612915 0.63590198608827 0.835797946925127 0.788355094036421 0.817642073127308 0.773421631799371 0.800414993052137 0.786329269621564 0.792682013796921 0.8016516576209 0.78111634116856
0.395738717924924 0.4596467064118 0.680984998662535 0.732105192933231 0.710774468308137 0.749569077978559 0.777697327116905 0.870786097171248 0.788109249310274 0 0.340350079513595 0.530095080654041 0.491080807917543 0.507014715354296 0.444326190896726 0.644914646545321 0.563208126450876 0.559572561920005 0.543824334728213 0.532809468101356 0.233676997329914 0.10034027665964 0.643523540178931 0.569770809978609 0.514454404497543 0.465009179447833 0.563965506716827 0.681428013121363 0.720459638342986 0.739228139203404 0.779555449462166 0.795161509203014 0.710173748637301 0.660340576096032 0.706124163436711 0.613513668226679 0.525981490933106 0.451376834392874 0.615196567990289 0.604828531860153 0.781251854299088 0.757982269259634 0.762829187382236 0.73256974526339 0.751305625892004 0.736436562379589 0.759830574368796 0.749606748547983 0.724490905497176 0.619474939805011 0.582031979913626 0.556984211357522 0.719620675296665 0.686096344550036 0.735763751267978 0.79639668677074 0.689516404820415 0.76966418726555 0.459012572543427 0.680857416252672 0.722612274390426 0.778273257000892 0.53617431501964 0.751150288282284 0.746584192459737 0.71452142792211 0.66169319759256 0.681732299819665 0.550360301572825 0.737877388985251 0.603821183513932 0.711846073045116 0.669248024404476 0.669045582333982 0.695957722320829 0.531795711572611 0.519914330738987 0.523109737405433 0.672224970804729 0.676236901569329 0.761570924668925 0.818214132156471 0.768749131358114 0.656619929088508 0.769373957519045 0.763067441327588 0.773616213287454 0.767777384086763 0.768075555970405
0.814842145325726 0.712077279925383 0.488230870716068 0.371564744049297 0.465136629257737 0.482904215824889 0.398778207682332 0.370814468987233 0.358926407816954 0.340350079513595 0 0.746323606586939 0.887235805039653 0.761205586570671 0.693926576936462 0.654686455688134 0.673234532002725 0.667735554216407 0.734296578252566 0.711475744559534 0.390338936587439 0.489555534438704 0.543585061798448 0.50638772659541 0.612087494737251 0.552901471556372 0.690658441718811 0.674397900144599 0.457005405298335 0.444279037118319 0.40960931538615 0.382688963266333 0.191390355596762 0.169637063414168 0.163176723649092 0.0883987841852199 0.55995693094297 0.582373406654991 0.347589137763717 0.377518662988294 0.45380797837599 0.461583087072457 0.481577975074197 0.447766408865746 0.443378025142235 0.424035033993513 0.322631860887158 0.37042013059707 0.474711315748935 0.476344260059948 0.645807794887028 0.619761614378293 0.318746196433522 0.351692958620423 0.461995507590696 0.294739118009811 0.610181499132869 0.499521150650983 0.437361279164205 0.289285043292835 0.19296247317843 0.242130192768834 0.522324058957333 0.324612774900356 0.262901261233367 0.274216246120429 0.15194924494525 0.285896802083328 0.511078706806633 0.450471043876524 -0.0936500802641317 0.016360709716971 0.573843858253688 0.575665671285882 0.597253888696953 0.644910674648519 0.582969481433733 0.584340088790307 0.578146382902158 0.512491497153593 0.224181730284938 0.355984485064633 0.116948672886531 -0.0303914452042631 0.117160611188518 0.108331335043723 0.226249374256181 0.174386019644296 0.249224681072296
0.711293116511038 0.660696305912813 0.51346845035128 0.515180687831427 0.480247218725945 0.585142943997386 0.477027972998075 0.588248600729254 0.415162454149562 0.530095080654041 0.746323606586939 0 0.731984785553761 0.861413834273984 0.521733487098403 0.681252774789616 0.640856395643175 0.649056673600668 0.601070541479679 0.681876309559553 0.336651278768096 0.337390093709551 0.510119858692217 0.590338740862403 0.568971952603022 0.507511953445307 0.638581138836296 0.694070669619348 0.511953927989446 0.511830651890322 0.482042661561203 0.502506095873102 0.297156263377188 0.294764603869729 0.322232182379386 0.189201587496464 0.553225941434713 0.565620233103187 0.378303523797668 0.462185678117357 0.530638219697941 0.529578549712115 0.558258876661896 0.537014339629165 0.533724231231448 0.510180349220663 0.464158479411152 0.495421180106076 0.574779843564297 0.550342714760961 0.631035832563631 0.59558125093943 0.444923132150905 0.47940020414936 0.51909484426666 0.539546787035561 0.648193032743325 0.693028679127002 0.363477613738498 0.474244147024413 0.330388961248453 0.437389007808138 0.559533591825906 0.423239967229419 0.393274303982534 0.369480494460412 0.297480651513399 0.370451210241435 0.50609199897462 0.506171908280459 0.0596101594055971 0.195811566470905 0.586784121242161 0.59589646997316 0.62221121374355 0.670668939999709 0.562532483624606 0.571780770987385 0.592461570299197 0.61896526477041 0.370559057271174 0.537091579013502 0.286546266032266 0.126720665944999 0.261003040022198 0.258087590315925 0.369947300950507 0.335163970941517 0.367125968635452
0.846435134426877 0.799983893748309 0.679675004942017 0.560262359773081 0.649976770709627 0.591366411833287 0.589109440736276 0.549444934098595 0.526273886537208 0.491080807917543 0.887235805039653 0.731984785553761 0 0.841266859556492 0.852964727836887 0.815235986754092 0.805980022311926 0.799595215448071 0.821080065503777 0.775845040796107 0.534495506309233 0.494823183784379 0.752859157899228 0.698845865170293 0.753287331819115 0.719618476180122 0.803304736986943 0.794558073309028 0.662206712008516 0.653141481558684 0.60644476920016 0.573654624101612 0.379356437928674 0.369500083867581 0.349192815573609 0.278902621411559 0.693264187831922 0.747889153751556 0.537092272558024 0.562657366565755 0.64518514838463 0.650996156606819 0.659748304037278 0.625195508581185 0.649787400433649 0.632556412310973 0.483019916888412 0.549182828820245 0.662225812701304 0.679504797983096 0.778959376703124 0.758145174933902 0.461581768782479 0.49352312598877 0.606683769574709 0.445341904734916 0.773893195784067 0.636727589435484 0.603449294549592 0.484457007405013 0.363977223607836 0.446566404429707 0.662663472152131 0.512998488288014 0.443497697679596 0.455995307734037 0.328891264519939 0.435636388145184 0.62913567213434 0.626776226299862 0.0478788173583207 0.171204148398606 0.73416298891002 0.756077504122964 0.784932235551342 0.810392984798182 0.758254188230269 0.762012416997632 0.78524231327759 0.719351982335538 0.39671688676806 0.539340517524119 0.306146471097015 0.114794721636562 0.307942579048137 0.316756658011157 0.419691922639192 0.384220119850482 0.466068335155616
0.771846023690443 0.774002558085857 0.487789446469692 0.486277960115539 0.48688828929722 0.626696215795008 0.413194904446609 0.515981404769076 0.360542121479016 0.507014715354296 0.761205586570671 0.861413834273984 0.841266859556492 0 0.666924327921663 0.839742875008708 0.771722323712488 0.786915646338528 0.727802444292488 0.811656031593015 0.492367788081424 0.448290532972084 0.651451985544785 0.717720599912766 0.728033112106246 0.671022944322088 0.761380145788016 0.813231435831676 0.614122185667833 0.621495598684854 0.50801107631518 0.526358221988562 0.249535847619329 0.254541715988 0.260943396512054 0.186843026463564 0.686708026954319 0.713897567176755 0.455457724730789 0.466411460939704 0.590000041451575 0.605212750285029 0.61999044096533 0.595551783815615 0.603155330143073 0.591403942769699 0.439044920037671 0.509138523491369 0.629984116096271 0.663159337668464 0.733495964980732 0.694594860225782 0.346617639391686 0.420090720945714 0.433991177768488 0.419502467500911 0.684347574960053 0.640260737192001 0.397271641786405 0.417972558941361 0.23523454224967 0.375605081598655 0.619071209307796 0.394490947445321 0.35318189437169 0.346663541672031 0.244464928345633 0.341821779364716 0.562761800066493 0.564889554504932 -0.0805543742319922 0.0688145809355335 0.692159434964137 0.725889361861922 0.732192626743905 0.823886686154043 0.71625035461811 0.740494512869484 0.665967055314847 0.670557595952691 0.265397845716553 0.481002543194648 0.204073849755395 -0.0103776333776242 0.209766296919481 0.2232486591989 0.32529987407645 0.281557048664741 0.362498255491666
0.703193213914422 0.722093558636203 0.723356424163111 0.62037278015538 0.711896865839165 0.539686557554177 0.556568319395197 0.491436631842115 0.571041186234709 0.444326190896726 0.693926576936462 0.521733487098403 0.852964727836887 0.666924327921663 0 0.823956659589223 0.717683722725153 0.72807537345755 0.779014679107027 0.677179088466117 0.584103315594552 0.425840416562831 0.852276497298313 0.778697181822857 0.797089051575404 0.805522138970506 0.675038047139957 0.695419891802096 0.649060124837861 0.651180532342629 0.614331341838075 0.568579142548435 0.513697746030054 0.467434967524393 0.389567621106698 0.311318477785745 0.621527345251842 0.652328413923553 0.508123202205202 0.525758666930809 0.659969309446165 0.661737664088364 0.659095677042197 0.638185135431551 0.666559503855588 0.655246777786737 0.50684195942647 0.575525660820449 0.640489053282352 0.661811234533843 0.722728246601878 0.729873032335807 0.491229059570502 0.505141364032801 0.596634402860884 0.438778467831704 0.683079428185156 0.517661970179206 0.754592788463824 0.533331318313269 0.455580607510478 0.487811406418922 0.642362890187929 0.539233164236486 0.467151818244925 0.469960428299787 0.311519133785569 0.415439330273886 0.596138755017441 0.612196195899503 0.115475874882464 0.2248480196294 0.699432693147414 0.723910380934458 0.737562637238349 0.735471456611002 0.818938459485066 0.799619049667857 0.806192329984202 0.712716850528662 0.45115369702891 0.54528871826625 0.400203862848284 0.229262163194842 0.344580847104841 0.368867733818841 0.45903005183254 0.415178574363381 0.501068453358363
0.763807876083281 0.813310254232154 0.677307526530238 0.663872478758472 0.646501409839629 0.748922355387691 0.570419546346952 0.603623116983104 0.535264082057309 0.644914646545321 0.654686455688134 0.681252774789616 0.815235986754092 0.839742875008708 0.823956659589223 0 0.833604197404145 0.842072188436121 0.812581825675552 0.815429546997245 0.555523529392155 0.403095276851461 0.845771256102895 0.852729837820056 0.880089444523342 0.814694575762645 0.786036969829081 0.855166841768217 0.742565759788953 0.753304451265937 0.676548065856553 0.669819892190387 0.499944190872445 0.482446468635714 0.472965152401029 0.355686014028248 0.757375335751513 0.752974022411552 0.576241811628195 0.584060268052365 0.770909034156734 0.777588966650829 0.782373061921859 0.765810875459627 0.774702267183867 0.767199404047859 0.61987243798558 0.679812255674917 0.755315529454544 0.775149160089316 0.837267934272475 0.825277460221407 0.541419596941645 0.60155089294368 0.591135901281064 0.532217123674253 0.760161054676815 0.664498993927427 0.618351177555822 0.579976002490279 0.467665168099045 0.564800985974785 0.755885932208841 0.618269675076774 0.544895839809409 0.490915770809321 0.359853806879842 0.447444740228778 0.654856294106867 0.699186160982848 0.124322728336718 0.287508390454359 0.818671989640608 0.824967103120868 0.839225925941318 0.843030504920918 0.845615596873189 0.873654719315133 0.823707168892681 0.793369634066029 0.465209624924682 0.655745481733917 0.428342739792116 0.22334765412675 0.419543902981555 0.454083822825949 0.523320273031472 0.486330917398964 0.563735729191338
0.84684780589504 0.901225930205624 0.676922063737038 0.613226053784151 0.58762478634101 0.67645152295463 0.62153695680646 0.606019433067098 0.48709188851049 0.563208126450876 0.673234532002725 0.640856395643175 0.805980022311926 0.771722323712488 0.717683722725153 0.833604197404145 0 0.976412960213776 0.855277111145984 0.876687049557074 0.61603630502859 0.424153524969346 0.806914728181255 0.70849246074597 0.841636348705261 0.766568859519903 0.932077376806236 0.934738405493233 0.814526137636891 0.804932576243652 0.755738858104755 0.759927579120647 0.439776850472488 0.470215087769432 0.522169517666982 0.42326171606723 0.801106053729108 0.837949017828455 0.702289594720332 0.706580709109723 0.802121384443836 0.808659005065606 0.809814457978957 0.788311107646638 0.805488321152072 0.803786246935111 0.624843633958642 0.674122595689764 0.806915492437068 0.818315556007021 0.934602301742858 0.898058202831458 0.543277732908977 0.608949629969634 0.551899026368669 0.46989630446851 0.8241443867251 0.75671573190604 0.527060776345055 0.50735686887964 0.447258688483874 0.572868518825701 0.809857855938158 0.692859080691836 0.595308848853754 0.570611338587727 0.476377404268798 0.584842581917857 0.706721702768626 0.710293279948278 0.201583491997693 0.340095921931421 0.94158369134643 0.912898478346876 0.922449076983594 0.877177065491752 0.803111647196514 0.798264930728399 0.804500486565899 0.753704487266859 0.435805198046665 0.629199857274379 0.391299140993034 0.183895559560025 0.50101944746328 0.503669059151578 0.571574981022312 0.530977591349605 0.644108291249583
0.829757810439929 0.922779854936792 0.659434915096773 0.610427674675325 0.573387719169202 0.664320980602379 0.587240094094029 0.588858489662731 0.475390654573226 0.559572561920005 0.667735554216407 0.649056673600668 0.799595215448071 0.786915646338528 0.72807537345755 0.842072188436121 0.976412960213776 0 0.837676982908089 0.874662568150719 0.590709279564902 0.41491514719429 0.808490599738531 0.721243010508069 0.855348947640973 0.781207815703467 0.902476208401924 0.932776848086096 0.786115514578425 0.77657218464722 0.716853597144266 0.728638444250547 0.435155871406218 0.464700354003911 0.487456987014646 0.406379995040801 0.805811709153596 0.836120260604962 0.66967407406199 0.693679293648789 0.789672305915796 0.797572703957805 0.806326922656883 0.785044926896657 0.805317806643262 0.803735132735097 0.606413385251195 0.66181132255138 0.801644699080659 0.827080422978855 0.938593026116546 0.925759626655815 0.51707436567099 0.614032925966155 0.537020650873345 0.457244047002104 0.813760991272434 0.736580356994465 0.536588124468699 0.504784571443219 0.423374185331283 0.555299435605377 0.809847404362016 0.669766757852077 0.577963757857911 0.554791401306799 0.447296073253671 0.564065020224488 0.698238635421187 0.724275752408706 0.151251909803028 0.306735419013405 0.919533307653175 0.927158790690911 0.917087465663329 0.900121803089934 0.805930371203103 0.814624413177565 0.804089579601255 0.759271514478775 0.413686045357235 0.61546921532918 0.371359710146821 0.151533615568361 0.465732413683175 0.458578973161809 0.547911828677271 0.493184211556169 0.607744466339609
0.812946169513563 0.851103870844392 0.706426777709729 0.644182565830261 0.660151477557303 0.65690245534282 0.64854970404715 0.610655479924516 0.554720256248191 0.543824334728213 0.734296578252566 0.601070541479679 0.821080065503777 0.727802444292488 0.779014679107027 0.812581825675552 0.855277111145984 0.837676982908089 0 0.906723317160204 0.565456046743813 0.460038948138121 0.830815641358724 0.716106126364585 0.784583617687853 0.730692842881168 0.836134202777725 0.849850509145409 0.758680130373753 0.753452698108236 0.760787442888921 0.73639162154456 0.502306513789512 0.480873063707268 0.495574276979008 0.362868341795608 0.694762612130852 0.703856859360414 0.614373618275853 0.576968069390006 0.755005757056124 0.767000534348464 0.770552933677071 0.739734294613807 0.73041787932876 0.725751931996681 0.61682932632457 0.642273218793905 0.701609254014876 0.689014432962759 0.846030809858316 0.815404944586252 0.57683694343016 0.593046072584466 0.585510581224309 0.481964902602648 0.762863435083617 0.672919340411747 0.585766731824368 0.489925290589823 0.507388686134374 0.56689466957784 0.776757258725537 0.671137399540412 0.593104547127439 0.584411205116486 0.447672098347645 0.5398989186514 0.686460863512734 0.667082479105044 0.170208874242096 0.314710612873127 0.831454516154008 0.831434355132561 0.834088957697188 0.775242446262335 0.78666036826988 0.775972952983951 0.772255117183007 0.689714535753425 0.477976151917168 0.602697189766191 0.423434234274754 0.256742561050389 0.47535428986702 0.481646157194741 0.562552877245939 0.501836025829746 0.612191120800328
0.807987729838972 0.889200990114663 0.571568526661299 0.547473408513166 0.528260395266806 0.657817119192023 0.52651223362668 0.564929788714397 0.443091191280659 0.532809468101356 0.711475744559534 0.681876309559553 0.775845040796107 0.811656031593015 0.677179088466117 0.815429546997245 0.876687049557074 0.874662568150719 0.906723317160204 0 0.569118323605546 0.453361837435088 0.755500398619743 0.684373496144572 0.774999445336308 0.680052494828888 0.868206153449087 0.89243415559385 0.741162326437686 0.737099075204782 0.68489766334484 0.692203986130579 0.363838814468882 0.367068655693879 0.411480960763714 0.322200672949427 0.702479596748655 0.698338196753098 0.596059879641604 0.544516983551022 0.719880685688655 0.73296977372475 0.750932650975348 0.728831631740398 0.704200269649216 0.704273579786929 0.579814642735478 0.614967079142374 0.704432337383279 0.706098300113763 0.857710707068099 0.806614060551379 0.478991517975672 0.545219350663989 0.474271116114801 0.430462186877945 0.730073417707374 0.695951092826655 0.429087238702357 0.391495582980443 0.369934191799251 0.476999198764702 0.803663656272667 0.590973009127711 0.512672253342168 0.502141576858476 0.369512734719695 0.482161217816021 0.624670012684436 0.63335268179691 0.0546642568457295 0.216628468942066 0.824413580985339 0.831118815882899 0.814615433700211 0.797910265231059 0.771585241395921 0.754323734529666 0.696517873249833 0.636201677258169 0.366367957479674 0.543186738338316 0.315572199683773 0.105406234439098 0.384735782440229 0.384283164613194 0.48266710836787 0.401814612810277 0.516914998646235
0.473078859922643 0.513412137842134 0.386208785069878 0.300393026551471 0.368375235992502 0.397510004753922 0.291166649031958 0.259760736570734 0.250198644261011 0.233676997329914 0.390338936587439 0.336651278768096 0.534495506309233 0.492367788081424 0.584103315594552 0.555523529392155 0.61603630502859 0.590709279564902 0.565456046743813 0.569118323605546 0 0.394097403607283 0.575240775874887 0.486615384409175 0.571086997305002 0.576991517107401 0.609975641652658 0.566397194793905 0.58043682518063 0.580500807480188 0.470829774830569 0.445028699190493 0.244931924573503 0.214135457542254 0.253240549036993 0.21272909505663 0.499783623225442 0.487950344025278 0.434897652626884 0.351606172538502 0.430830562783979 0.451065867438096 0.421590521558355 0.40819529977361 0.404661478679259 0.434151868301922 0.231380886764095 0.293061106352074 0.371001311993644 0.423745932203501 0.494765864346685 0.464057343758598 0.17482761440942 0.212017428451455 0.229823510266812 0.191178480430939 0.476346732878819 0.389594879863469 0.373528460125378 0.215870563448829 0.17957317537718 0.241309336600339 0.429552946567685 0.326619028938098 0.305717578575773 0.311273072041601 0.195768718012777 0.298521999122868 0.382527818743642 0.354215277359316 -0.00109030978488707 0.126642069135498 0.613891126898393 0.561381889619618 0.564676799392753 0.541544497056906 0.572028914246214 0.496375413588247 0.491203624640922 0.379672986168435 0.184875954491823 0.262634314142942 0.18652870080372 0.0102673686524517 0.220364132878856 0.222966369568644 0.314713010775118 0.257120878052425 0.398813686833093
0.392860956744857 0.423278476961868 0.244787493961504 0.122454024336467 0.218692652741989 0.326804179876678 0.120698236730948 0.0552263309341123 0.0591874884945026 0.10034027665964 0.489555534438704 0.337390093709551 0.494823183784379 0.448290532972084 0.425840416562831 0.403095276851461 0.424153524969346 0.41491514719429 0.460038948138121 0.453361837435088 0.394097403607283 0 0.392052546323622 0.372643382716458 0.469806959557972 0.464160426796863 0.447806698595112 0.41098141695096 0.317767065377223 0.265882156921603 0.160957930121096 0.14992362077374 -0.0191674059244353 -0.0245166961020542 0.0431093808345088 -0.000808394671623267 0.420411537802572 0.447878568711719 0.300167676873775 0.243771667856008 0.169099832340119 0.183026892671238 0.177912994852926 0.172342240079394 0.180009254810199 0.175903703747882 0.0561680666639979 0.10818828186348 0.234951482164228 0.286699305732046 0.369879270936674 0.372975028938553 0.0439927628580732 0.0861969887958864 0.0688204169376314 -0.0291362511611044 0.299611403063549 0.194268687496262 0.244362398064582 0.0233111134301665 -0.0065579065425094 0.0186513952911209 0.243153761829833 0.0667707953038096 0.0933052627155733 0.168049801404005 0.0505767908139064 0.131318466995261 0.346937923756173 0.252023649505473 -0.221849109872046 -0.14527350342999 0.325171351251778 0.294941649745358 0.330230258676209 0.390838431240755 0.464420146922647 0.418429920370589 0.329840665194241 0.23901665859979 -0.036435306231388 0.0853507879288464 -0.0767095571764501 -0.15944813500344 -0.0591632584245089 -0.0332297653722428 0.0308689827911015 -0.00121222506541113 0.0294193986315366
0.688417234751785 0.762601581707843 0.856108390966162 0.780982201542863 0.779053290205023 0.702754147893126 0.738878724764908 0.684645323839882 0.675820536908535 0.643523540178931 0.543585061798448 0.510119858692217 0.752859157899228 0.651451985544785 0.852276497298313 0.845771256102895 0.806914728181255 0.808490599738531 0.830815641358724 0.755500398619743 0.575240775874887 0.392052546323622 0 0.863909238819412 0.847587048365374 0.836126616358545 0.766448438920171 0.805769581233166 0.8565380571895 0.85552438085386 0.820941468875534 0.797905485738284 0.712539090143724 0.662572317482678 0.638061867336291 0.529781594983125 0.724714754934355 0.698950885842884 0.672053872511962 0.690324514315705 0.840221560752921 0.831308564460075 0.822024795116177 0.798692450968358 0.837577473398529 0.829091318446968 0.726179064514568 0.768876736758278 0.805455806933704 0.790916578810882 0.828721139883051 0.811140687401711 0.668783210036947 0.675007297283102 0.694568457267928 0.600313101834121 0.812103617705082 0.697154414787561 0.765340863775759 0.6717698847052 0.668709776107531 0.717494577468485 0.746332092932117 0.749040743750452 0.699851442406165 0.69365181680513 0.557622218348872 0.644361341362902 0.693683140518038 0.783693692443788 0.365043897827288 0.484756252441145 0.842580416460232 0.84294729745007 0.870204449146749 0.779487070932589 0.835701442953335 0.815306036738668 0.896891152905622 0.806781010498722 0.635449116170096 0.745434777368064 0.623241578140001 0.452731886864242 0.617141082690511 0.626937376725506 0.687244765010426 0.672236717907689 0.729563333098823
0.669539057889608 0.721177731923445 0.762851131112998 0.819262756392276 0.659805050686251 0.667989074973534 0.616653655277712 0.650063374393059 0.527928858671961 0.569770809978609 0.50638772659541 0.590338740862403 0.698845865170293 0.717720599912766 0.778697181822857 0.852729837820056 0.70849246074597 0.721243010508069 0.716106126364585 0.684373496144572 0.486615384409175 0.372643382716458 0.863909238819412 0 0.788610566262087 0.839228260669837 0.628764642182603 0.687557276394893 0.693495512579599 0.724307599359283 0.660109679918611 0.686125064006754 0.604577350965879 0.618601748523362 0.529318899836338 0.373412248631511 0.647180911157612 0.676828609588689 0.53064249859159 0.583469485537378 0.750511104879617 0.74074354072452 0.739301915462187 0.738647048845816 0.761265249823242 0.756245995618085 0.656457711281885 0.705900803346826 0.761443905088921 0.752595920299293 0.757141508073019 0.747355215032432 0.596574652704041 0.614548952407507 0.649930536310676 0.642529548326289 0.741058238300388 0.637422832595538 0.718502153214841 0.749229995864952 0.576993883168224 0.671008146911326 0.684574782417663 0.629599568849126 0.586794850103395 0.545646126434855 0.415217882860402 0.505429456853837 0.607092500853085 0.684408047896017 0.252734618653721 0.366882743993938 0.731385415609192 0.74211156907421 0.782288752214338 0.798727970724925 0.802589505710433 0.853598469152316 0.845165231589894 0.864429207504619 0.571430762023689 0.691976702981204 0.553438033769521 0.360561641024294 0.47549683716305 0.508646695916519 0.569386439637229 0.552721511817093 0.60013795017647
0.743329158798786 0.827345565882196 0.682894576863607 0.617395360939955 0.569102571812978 0.724980320431962 0.510213639404879 0.495518946303169 0.430589296164246 0.514454404497543 0.612087494737251 0.568971952603022 0.753287331819115 0.728033112106246 0.797089051575404 0.880089444523342 0.841636348705261 0.855348947640973 0.784583617687853 0.774999445336308 0.571086997305002 0.469806959557972 0.847587048365374 0.788610566262087 0 0.886152409709565 0.77308016235828 0.823923064274783 0.743067396422488 0.735087251673027 0.611097135123723 0.616519960144519 0.42917640014991 0.444430571116354 0.462781366089552 0.347402834007257 0.808070859011719 0.826013072247921 0.563178730322423 0.617853961209862 0.732404038101902 0.740636346342294 0.751076386903421 0.740379177464131 0.752190766612962 0.743260816942447 0.588446123552641 0.661955333059636 0.766574703967339 0.791466773763593 0.845885546638476 0.848801973637312 0.508805154706381 0.614160491883433 0.50339897372583 0.417514712584087 0.726088710652279 0.596580118609297 0.649430891468153 0.538981687859684 0.426562267133776 0.519178784050037 0.756999258534096 0.581155706412228 0.519930084384586 0.456688173534673 0.323348769590559 0.431047830855792 0.677792033583918 0.691584569778576 0.0849424076104591 0.2183767598288 0.808039216891849 0.789881950726659 0.818221361971809 0.820813677121666 0.850789308938629 0.863962558475953 0.825672824678348 0.752523405387749 0.405068768068024 0.602193176147794 0.352387246387508 0.142823643310269 0.365936659361803 0.39434909669426 0.483024343240133 0.430485019106196 0.520793891292412
