0 0.0163102163425301 0.0092105081714396 0.00663059057854759 0.00520918419328839 0.000798928850688131 0.0131876620651292 0.0116811240955883 0.00802102769928179 0.00762503249916742 0.0152462130805289 0.0129733883424857 0.0141076061418574 0.0129743073406031 0.00532430672634612 0.00545886601178741 0.0130218917374664 0.0120500238888183 0.0151195253736773 0.0101403334476128 -0.000766712147741535 -0.00383172181763158 0.00753694519343732 0.00175708851832848 0.00121022894465929 -0.00130431358024731 0.00838005006687326 0.00903074111350751 0.00282328953020673 0.00312579815840564 0.00623538799614764 0.00605425074227104 0.00511464071486664 0.0026026141191383 0.00153941580820052 0.00251199006866421 0.00363267844280949 0.00246337002603195 0.00233047769156567 0.00296874531721083 0.0159987726769489 0.0167059208858484 0.0164478461795422 0.0206267007386449 0.014119567200315 0.0132973797928125 0.0187429666194929 0.01991128199387 0.00934729762341865 0.00943697394091747 0.0193139160156206 0.0166248601622375 0.0199730267820888 0.0227151504299501 0.0171636801245007 0.0114542391972921 0.0156285396530591 0.0151822085907628 0.008351125065246 0.00926019880531317 0.0116713682775964 0.0110533487699895 0.0170021428987321 0.0188395900809474 0.00763650644551008 0.00774589542518081 0.00557562769570931 0.00619378145326764 0.00400540820507367 0.00592661080855941 0.00605733646528091 0.0048701727655027 0.0129644931520889 0.0145233378497375 0.0104555588073314 0.00790969391739891 0.00323913040272651 2.23530080035108e-05 0.0110938436628329 0.0109776750864365 0.00953709824060744 0.00768359662032714 0.0104945590391388 0.00929083192133356 0.00799563418563583 0.010085307283999 0.00913703609308882 0.0117529187389801 0.00606914244704991
0.0163102163425301 0 0.00935433674950642 0.0101305522612759 0.00523977054406637 0.00257289547626954 0.0119288227077026 0.0134138692745908 0.00575413689214787 0.00708235586563042 0.0107591681974651 0.0135213862791103 0.00818935195635885 0.0109035688859278 0.00249968660899308 0.00617148697975864 0.0147770344181683 0.0153973950502451 0.0163776368246816 0.0132016102546462 0.000363104960129719 -0.00302907832701439 0.00667766847273513 0.00383673126403061 0.00239907233180581 -0.00060795133355802 0.00810754575967007 0.0105207767148949 0.00425246377258646 0.00498256670484711 0.00791902097476043 0.00756437169013395 0.00742908302245143 0.00587070373831466 0.00188254042296526 0.00412852097923119 0.00330301508381193 0.0022973967996553 0.00158910780636282 0.00471624213760101 0.0211708808676467 0.0214742945868539 0.0236126392129409 0.0290031892938502 0.0187359524360087 0.017505794889195 0.0245908122906753 0.0248713608349741 0.00924277142437036 0.0123504826697093 0.0245742980187874 0.0215158652537058 0.0183249693453326 0.0233926318916452 0.0107506871635816 0.0112578607666557 0.0136458911521358 0.0171394801023938 0.00486389970333305 0.00822570559723078 0.0126841713442771 0.014083100467767 0.023015174197202 0.0244745285789737 0.00718428491131582 0.00771644953113743 0.00576149869053894 0.010579526667543 0.00459619271602319 0.00835852288601701 0.00670162345813588 0.00485074881126814 0.014940181332142 0.0156185810863681 0.0121880719328225 0.0105077936827616 0.00319344677250147 -0.000330463252641603 0.0095924492411412 0.0119053054054069 0.0086453314387822 0.00783070582135027 0.0129168608634784 0.0107950977511674 0.00990725861499038 0.0122632752124682 0.0109078287897895 0.0120509818145522 0.00822315662892603
0.0092105081714396 0.00935433674950642 0 0.0114386723596075 0.00816490438712093 0.0062127798833929 0.0201553605377974 0.011495405619381 0.0117124948635885 0.0110035747606239 0.00755822897229239 0.00486760947743808 0.00983947347420924 0.00788621535910992 0.00930490038409016 0.012936149384298 0.00573282721483424 0.00565589262148353 0.00847713615278087 0.0056967102763507 0.00146329675653119 0.00165192023593187 0.0159439986535659 0.0145528311545091 0.00647324209205604 0.00503129657271787 0.00480838503693547 0.00378473028312103 0.00570863121626838 0.00513665850109432 0.00723872900925802 0.00499306830144795 0.00956672798236416 0.00806219551267141 0.00323920761190883 0.00305255207151878 0.00518963001541611 0.00311181586969909 0.00195695434429897 0.00267949165500626 0.00926216334584106 0.00597304232249438 0.0112545888510267 0.0095915356871171 0.00770562154315937 0.00849810550972174 0.0129914997758644 0.0127145842139222 0.00577145847071668 0.00605350448397142 0.00952337494365488 0.00776112859428078 0.00834829030505874 0.0101480644109698 0.0200915129515457 0.0220993638309643 0.0161448637742488 0.015473756783075 0.0323351664576045 0.0297111573404291 0.0136013082749067 0.00913447077776842 0.0113947493392465 0.0168947289351111 0.00639535251015539 0.00868911321147116 0.00417513884754809 0.00466918604470646 -0.00292222347265233 0.00381779353789885 0.00463184587149511 0.00474821170487344 0.00846037559802889 0.00986141118207065 0.00870480370934675 0.0101885627656706 0.00578136637483074 0.00510967592731393 0.0131005872672047 0.0139111183653005 0.0102723899075029 0.00853395105145539 0.0153288172158549 0.0153383559747434 0.00471631740760679 0.00672451540108242 0.00608165809207951 0.00813741022791552 0.00549927290989827
0.00663059057854759 0.0101305522612759 0.0114386723596075 0 0.00488912397739414 0.00834115044584557 0.0120754021837864 0.0149655564209825 0.00456567339185113 0.00948340223915482 0.000496810259506675 0.00722517553478019 -0.00087342156524402 0.00696951431000582 0.000530269515482744 0.00985046043117887 0.00751844946320721 0.00807846915003818 0.007072593899374 0.00883668400035619 0.00264743592749609 -0.00174137229905123 0.00691174942002671 0.0134979146491288 0.0025342387862107 0.00248970363337833 0.00416147766836417 0.00688012369619924 0.00664967239730785 0.0078786009977065 0.00758536318505445 0.00807063828475188 0.00578818014085371 0.0104038408296808 0.00135291567973756 0.002971342735034 0.00274630966743838 0.00198842251376485 -0.000204574507512533 0.000994190771360148 0.0122997504454764 0.0102052132743634 0.0144061999078056 0.0142023867179608 0.0107311291002932 0.00915241314133671 0.0137764520593949 0.012540620179282 0.00453842987556057 0.00647745446097919 0.0108048131316357 0.00956420772163875 0.00947573810787222 0.0124228851214529 0.00878787682192575 0.0183932848140178 0.0102727006492288 0.0189200716258948 0.0108413606040436 0.0234020574088706 0.011535966552672 0.013208263198426 0.0118412731415614 0.0137619824496374 0.00499163885568992 0.0060269141935087 0.00407555890507229 0.00860441255209199 -0.000204026265026937 0.00932593390128353 0.00547170823678152 0.00596296393091114 0.00874111240704047 0.00888679483936706 0.00897929185171606 0.00972090701525618 0.00204207786676589 0.00300048610818365 0.00668640507772164 0.0140077858946294 0.00384678017573423 0.00616250649516814 0.0106319515488153 0.00641741631455142 0.00555740157647801 0.00581917693401642 0.00748199633099788 0.00678015044571173 0.0053474928190311
0.00520918419328839 0.00523977054406637 0.00816490438712093 0.00488912397739414 0 0.00468680722202883 0.00681432840818535 0.00452924925188284 0.00660754175501471 0.0054110916551522 0.00531638264984016 0.00476407290586367 0.00568666335994782 0.00503387957518059 0.00562957568093593 0.00719821660935814 0.00338835493523985 0.00274583785010842 0.00403786979137283 0.00329135381777608 0.000706691154438004 -0.000666445345414211 0.00737500972806877 0.00620843138745485 0.00311744399884037 0.0015370281432821 0.0028916419599233 0.00286774791247782 0.00152499973444191 0.00111680527207275 0.00250704219817183 0.00214792654371419 0.00443440474207031 0.0047196585755004 0.000419848945992024 0.00198913557279496 0.00217549556826124 0.00149947245132652 0.00159662303295946 0.00183038971561568 0.00497882705700815 0.00333475197574644 0.00569549461828277 0.00668083382591377 0.00425047650366606 0.00387177563743843 0.00795869078517676 0.00839671496587479 0.00281533959496995 0.00350934261976371 0.00484677608749746 0.0052474166613204 0.00498033023440543 0.00766172106797677 0.00889863954485398 0.00910994416389845 0.00893606961840879 0.00858437693903223 0.0146839669696601 0.0104790329178485 0.00503647432407846 0.00406513051171297 0.00588995939332627 0.00878315491931829 0.00219821332186273 0.00299211491879206 0.00115842284750748 0.00239152622947285 -0.00276926933500438 0.00378925890968317 0.00309103268145125 0.00270379828168897 0.00243423024061389 0.00365761337318197 0.00409461476055857 0.0046309532912991 0.00295473266139429 0.00343844746499361 0.00662522221793072 0.0066923844088893 0.00568628311159978 0.00461439892796039 0.00689900989254819 0.00610039521939515 0.0025367819426582 0.00296951768514054 0.00312670842095786 0.00340574578206111 0.00174218008119795
0.000798928850688131 0.00257289547626954 0.0062127798833929 0.00834115044584557 0.00468680722202883 0 0.00392899038465957 0.0072342597437047 0.00252895375583262 0.00525955827891147 -0.000352621857091467 0.00421980610859605 -0.0012128255910052 0.00538147480853051 0.00230510975575372 0.0111796011837615 -0.00148736693624585 2.55005621921608e-05 0.000350600209448925 0.00237278692333207 0.00241833009066476 -0.000492560407401042 0.00538844571146103 0.0112150285807805 0.00261977798480347 0.00378595982222853 0.000138729314644719 0.00226508283548235 0.00286647224307328 0.00318492861737745 0.00415670819207003 0.00327015529119224 0.00506505324574862 0.00894475451322056 -0.000999126024765038 0.00243051595951294 0.000861851991230256 0.00195593387606736 -0.000376560238319774 -0.00104125234627368 0.00520240561604873 0.00223841599098184 0.00635214471885657 0.00571685763085618 0.00398673006899706 0.00199577775602555 0.00604723782224445 0.00622511610824097 0.00149044149295617 0.00276453641511904 0.000585727215297641 0.00100790524026485 0.00194660874695706 0.0053402864351447 0.00375661822912346 0.0110663910764429 0.00529243004547485 0.0105657788729769 0.01150883196682 0.0162793999242557 0.00607494969288566 0.00752368463562709 -0.000233995026873885 -9.45198388585534e-05 0.00158082102525628 0.00307196457416637 6.68297971282818e-05 0.00457598144791619 -0.0055521268272147 0.00724612528835382 0.00266687940547257 0.00281967411605958 -0.00203949465542855 8.44213648882546e-06 0.00273442972544334 0.00518685221014549 0.000582007456631332 0.00375034158801508 0.00377907659892139 0.00931652714180206 0.001756720369398 0.00392585727380057 0.00433204526104371 0.00152764135877264 0.000713721894627259 0.000461988514513361 0.00294951352747537 0.00143515193770019 0.00145711014997131
0.0131876620651292 0.0119288227077026 0.0201553605377974 0.0120754021837864 0.00681432840818535 0.00392899038465957 0 0.0194727121595681 0.015601397497551 0.0149411473973042 0.0117958556724059 0.00550277395195016 0.0158022825347324 0.0108145018921554 0.00480278951172443 0.00862847014627934 0.00998310412443356 0.007438685944045 0.00999780772170106 0.00570651470763059 0.00198409987914152 -0.00110908749400476 0.0120289231715656 0.0125827097882886 0.00443929966879742 0.00434871879569592 0.00631752364506314 0.00584856293145976 0.00731801163564384 0.00758440915148364 0.0108552445510084 0.00877425606067956 0.0116466615908333 0.00750768008033212 0.00350326931756907 0.00502053423367895 0.00589439623190023 0.00433531965721199 0.00205418264559641 0.00444055240696823 0.015490184861309 0.0111473126573708 0.0170528059754268 0.0152201284488079 0.00981858623716073 0.0117611514980405 0.0148165400270709 0.0147666914716018 0.00661307178377903 0.0078624932002486 0.0135845688549518 0.0121583186401858 0.0179998383129127 0.0171087155030348 0.0290232418379404 0.0291673697549547 0.0174390444512362 0.0187717052942974 0.026755746684269 0.038463678333165 0.0210149118910572 0.016975377760926 0.0168593280709741 0.0221599707228345 0.00895067281920862 0.00981269494990066 0.00541481707926592 0.00693234702576296 -0.00467924288905535 0.00427455449036283 0.00641665589454054 0.00649138041922749 0.0107397003523249 0.0127045241702978 0.0121836094521328 0.0103308084831402 0.00415926410942142 -0.000653312138263149 0.0133281301012871 0.016474118913444 0.0129926739949228 0.00936656665533413 0.0207279515196462 0.0182684260000729 0.00754447049705103 0.0105660094131071 0.00896370511375179 0.0131933602070172 0.00760267502425486
0.0116811240955883 0.0134138692745908 0.011495405619381 0.0149655564209825 0.00452924925188284 0.0072342597437047 0.0194727121595681 0 0.00847560868280801 0.0147504050022871 0.00627387291335738 0.00940364765411099 0.00644783271865266 0.0127732520511112 -0.00145875568410597 0.00723339150434495 0.0111580508444571 0.00991960460311531 0.0109606796356617 0.0099011682466181 0.0029738246787335 -0.00571527893657655 0.00527760928682036 0.0116681968868676 0.000782903432694599 0.00138066256018485 0.00647096426237953 0.0098151870028062 0.00594192323087754 0.00960277126389635 0.00946094663840219 0.0104362562435655 0.00453230949828283 0.00710278018690292 0.000798890867875554 0.00373440008948165 0.00382035323120676 0.0030412190399175 -0.000916677186900961 0.00234874588341595 0.0180258714956326 0.0163996016688731 0.019602394693441 0.0191819037471022 0.0158939579338619 0.0135216059041362 0.0154740564473544 0.0129856615845662 0.00569766191949553 0.00833374441788281 0.0152502336796629 0.0136703545140405 0.0172473905205207 0.0197420854557649 0.0169716790407185 0.0289500927804141 0.0130266991981462 0.0232814182511208 0.00737206346776117 0.0319538136939064 0.0160825976680853 0.0189828175424546 0.0173743919744167 0.0189934132046669 0.00874957826037505 0.0090958660327602 0.00567803838254953 0.00945875285763251 -0.00236132427861045 0.00773865634796789 0.00634071341836873 0.007597444795981 0.00982689530322254 0.0135597642630299 0.0110493351624879 0.00927743845379183 0.000955733660384364 -0.0025441659572277 0.00784491333136806 0.0160380658244567 0.00681306511102283 0.00745568495023608 0.0150899990544779 0.00963931335703222 0.00871197823342111 0.00944713193284814 0.0103647470587594 0.0120712606499075 0.00731159765453594
0.00802102769928179 0.00575413689214787 0.0117124948635885 0.00456567339185113 0.00660754175501471 0.00252895375583262 0.015601397497551 0.00847560868280801 0 0.00918649681499262 0.0106538486818197 0.00565146393252882 0.0129243444357045 0.00798430538823543 0.00732019848165887 0.00669881851474899 0.00500013738346454 0.00329352060953484 0.00571442948551887 0.00285343608261927 -0.000495204046763163 0.000491339269663026 0.00889003963853801 0.00541169834590649 0.00276885120558327 0.00103989301274026 0.00401937259225847 0.00355078760502141 0.00160535606204626 0.00101551357195075 0.00362603962716421 0.00308258886876403 0.0037443973837257 0.00103137365327976 0.00166973470189349 0.00274054518076007 0.00339864643057561 0.00184921922193535 0.00181444599388677 0.00346192301618143 0.00596379936980447 0.00398693233374021 0.0061390283442604 0.00551184244981226 0.00380671550106097 0.00444590907200725 0.00797753456444839 0.00724775202949023 0.00291410107672462 0.00276484319642439 0.00581421978341694 0.00550794346165051 0.00787079689523446 0.0091626018064381 0.0187208863271356 0.0159813447055338 0.0123737924226511 0.0107050166050912 0.0185689414959787 0.0170039649991862 0.00790290961156424 0.0040348557775873 0.0087318654326484 0.0133536566483269 0.00552789642596981 0.00529533976062889 0.00180931139892227 0.00111023599713992 -0.0033072277266365 0.00424970989050973 0.00395919997517697 0.00336065702994924 0.00332756299408566 0.00353129129829201 0.00517773568705241 0.00480662670568753 0.00298803432455089 0.00086874694002619 0.00935172644989336 0.00747532328345054 0.00960045669751186 0.00600064169670294 0.0115508979903007 0.011797197718813 0.00299884674279274 0.0046851892085088 0.00302148677287613 0.00597527435180124 0.00382159967841999
0.00762503249916742 0.00708235586563042 0.0110035747606239 0.00948340223915482 0.0054110916551522 0.00525955827891147 0.0149411473973042 0.0147504050022871 0.00918649681499262 0 0.00628189390722285 0.00586044976118595 0.00756499142297789 0.0108059899236006 0.00308653220409932 0.00909626209609624 0.00615142405304504 0.00420137108932526 0.00585650147782859 0.00595434729874762 0.0015176084931418 -0.00302142989792287 0.00568110035448929 0.00971742569852445 0.00127142258903745 0.0017033461558785 0.00423480644029514 0.00536163570824185 0.00219180153287119 0.00446357566857237 0.00509038246593522 0.00472431948286812 0.000805405165269651 0.00274053563862185 6.83704793440091e-05 0.00235900140789707 0.00261878032725572 0.000958954624420142 -0.00122026123270138 0.000530142871914872 0.00851802259158001 0.006272784915389 0.00926866364118499 0.00904824947910328 0.00698882561654462 0.00591290392689981 0.00766039652835606 0.00613390549534189 0.00259406605303742 0.00291454549064103 0.00762200390123655 0.00763166540218663 0.0111460636582964 0.0133579395009326 0.0161609422796171 0.0243270700821161 0.0118415294608133 0.0161231235944806 0.0102172943856292 0.0227651084780915 0.00926978936668017 0.00865552443779869 0.0113765799960692 0.0131461263319961 0.00638185152944934 0.00571537729468042 0.00177487391206644 0.0037650551603259 -0.00237572396692335 0.00575378755625099 0.00397208404789541 0.00456650915920511 0.00407044467573033 0.00728993691721974 0.00593905706820916 0.00522194105986 0.00141939177270688 -0.000628220411694364 0.00651949179385478 0.0100738822372658 0.00618942449725898 0.00665723239316196 0.0138230343375186 0.00941942476862513 0.00564780971504376 0.005930798317478 0.00603066562113026 0.00821326063550283 0.00441703329250001
0.0152462130805289 0.0107591681974651 0.00755822897229239 0.000496810259506675 0.00531638264984016 -0.000352621857091467 0.0117958556724059 0.00627387291335738 0.0106538486818197 0.00628189390722285 0 0.0148857166278091 0.032626647905195 0.0189805428469425 0.0110530570848263 0.00713295479692862 0.00658962169026863 0.00302196270471263 0.0102249419831096 0.00365097742790985 -0.00230758752997219 -0.000682169221676624 0.0106465505266647 0.00138520662802274 -0.00171057972006365 -0.00192237458987005 0.00709000576964236 0.00449880332012162 -0.00296790149826485 -0.00233974072251801 -0.00108977901274341 -0.00151339504580439 -0.0016142754629149 -0.00924985436450131 0.000134889893079097 0.000219116612778371 0.00197033462762043 0.00200353966745049 0.00349628980346009 0.00285348997418096 0.00757750745528921 0.00852143525604949 0.00291852956788865 0.00890543512223502 0.00590521946970717 0.00623620330429436 0.0087190182888951 0.012119951498292 0.00795187676690307 0.00441496916757997 0.00921490213737293 0.00904424838013244 0.0114003477806069 0.0155049515943023 0.0243371382633264 0.0140563726279796 0.0195702771465492 0.0116800824156762 0.0100367801272089 0.00758108554671444 0.00257368624327133 -1.11069036309463e-05 0.00786819269107591 0.0117958898058073 0.00799019979725764 0.00857932852191553 0.00430143295416987 0.00156675601245472 0.00426999838007533 0.00485254828268769 0.00435568245408595 0.0011513662849762 0.00581413644785698 0.00659754507910841 0.00507091420485609 0.00484869884398184 0.00326592533056003 -0.000823388287402053 0.0129483379733057 0.00740743496204368 0.0130607967585391 0.00800088997898044 0.00635889529578208 0.00633736763223923 0.00310011190398539 0.00624319714746103 0.00509589791404224 0.00954793228563107 0.00342452587132508
0.0129733883424857 0.0135213862791103 0.00486760947743808 0.00722517553478019 0.00476407290586367 0.00421980610859605 0.00550277395195016 0.00940364765411099 0.00565146393252882 0.00586044976118595 0.0148857166278091 0 0.0130321417574353 0.0166441721875596 0.00377686759322499 0.00957668200227983 0.00685960227607089 0.00864075008948224 0.00904792276558435 0.00774998497733999 -0.00152814864348714 -0.00342813249557445 0.00739179057100425 0.00334714833653952 0.000662518417513383 -9.01746421771613e-05 0.00549165683194688 0.0090024148396741 0.00266699239453491 0.00320490185488636 0.00343547869935208 0.00418377461582423 0.00277240357363804 0.00221957160893465 0.00104840903628702 0.00159141861936574 0.00112930389965784 0.00176552487805887 0.00172002983134512 0.00280658451349671 0.0109530699745202 0.0123502433693189 0.00973087468781681 0.0132905238326296 0.0108549780586204 0.00857572008258639 0.0163890352238598 0.0161826874394002 0.00820956309304281 0.0077157040546208 0.0115932737571028 0.0115926443827642 0.0149019405979854 0.0210193509143834 0.0123370322800018 0.00883480687132374 0.0113245947244823 0.01600833843658 0.0037433655940981 0.00451250858403143 0.00510341667478336 0.00609314540740351 0.00791437516564022 0.0103784599553479 0.00498290578028769 0.00667752762260417 0.00431964352677835 0.00775152794361695 0.006550205804817 0.0123457035634856 0.00572742876853672 0.00557724032753908 0.00704154452137866 0.0101331765130443 0.00679146893793931 0.00807818472498153 0.00139995449648856 0.00194002350662546 0.00754916306173956 0.0103359011096909 0.00686059748073285 0.00851184864224143 0.00473725114677689 0.00283974439150911 0.00489145502716607 0.00533696663278539 0.00728885074959026 0.00714192128219795 0.00425221622451809
0.0141076061418574 0.00818935195635885 0.00983947347420924 -0.00087342156524402 0.00568666335994782 -0.0012128255910052 0.0158022825347324 0.00644783271865266 0.0129243444357045 0.00756499142297789 0.032626647905195 0.0130321417574353 0 0.0194495926175866 0.012702975686205 0.00781792661880664 0.00348032766436921 0.000434328629464785 0.00543890910750673 -5.99345061767815e-05 -0.00119202141775404 -0.000916548705233933 0.0132770842256791 0.00320679939790921 0.000569189820781688 -0.00014008547197927 0.0052768115757746 0.00207654155815661 -0.00183486939372226 -0.00124831417439699 0.000438484703383331 -0.00215957147165799 0.00147298572895141 -0.0101172953612409 0.00136521320594527 0.00208677589293692 0.00241962631867922 0.00327283116992553 0.00294743270852653 0.00399480638287757 0.00474580625325472 0.00210400834708532 -0.000216599226957933 0.00169201211508874 0.00204562398133473 0.0020855113669368 0.00569946293197222 0.00812657218161278 0.00733155026519761 0.00333389899560172 0.00442437851308074 0.00579169155405887 0.0119461410301394 0.0147476529299467 0.0297065572404958 0.0173220567177666 0.0181732711177864 0.00795182576469885 0.0197312976820575 0.013978038282962 0.00445002819034055 -0.00102973589933695 0.00592624911957676 0.0107359767484431 0.00857891326033268 0.00965933419928056 0.00454661698223703 0.000571696986570629 -0.000225250774129203 0.00312759272959679 0.00335760540899364 0.00237908654162138 0.00569377370443814 0.00456317939942302 0.00310858618828453 0.00317792972719097 0.00318687466767292 -0.00182415245892926 0.0131760740276022 0.00696733361909402 0.0152517150086754 0.00885963401188552 0.00773678390714443 0.00834180990622751 0.00163515069101224 0.00446541882309719 0.00419265364007155 0.00860040130028811 0.00190060399636048
0.0129743073406031 0.0109035688859278 0.00788621535910992 0.00696951431000582 0.00503387957518059 0.00538147480853051 0.0108145018921554 0.0127732520511112 0.00798430538823543 0.0108059899236006 0.0189805428469425 0.0166441721875596 0.0194495926175866 0 0.00572246460801589 0.0120965395919064 0.00617559034696127 0.00507715770433545 0.00742406052784944 0.0059969298655389 7.49763654757635e-05 -0.00284642692983474 0.00913029065958201 0.00753740063165473 0.00050468779926678 0.00135060750254705 0.00609756395790045 0.00747246756474091 0.00205840659604163 0.00385204855176316 0.00397234578334412 0.00332139783157845 0.00142879488043982 0.000800812753494233 -4.18363063849887e-05 0.00245938183022343 0.0013043166081719 0.00246565733302262 0.000973810168095635 0.00263691043007464 0.0102767728868305 0.00925474021706559 0.00821874620632626 0.00992480954044108 0.00898733225376216 0.00603554240825657 0.0110658527091145 0.0106112727701362 0.00719321280084162 0.00535665314816681 0.00969448913522525 0.00936953719450323 0.0142568282192733 0.0183402691283325 0.0186320384726316 0.018688569550811 0.0153481581163246 0.0177187874513559 0.00920906635324811 0.0162105387524155 0.00611926082888335 0.00567877306263396 0.00772406581737695 0.00921559458723476 0.00756189682064884 0.00800437861226064 0.00402512861765988 0.00532352363633313 0.00336487562739088 0.00888633496860123 0.00537885446657678 0.00448791702296346 0.00590225374827345 0.00891369788941692 0.00653413254133839 0.00700868812775471 0.000808741357308272 -0.000177459134608057 0.00919709730560277 0.0115903840269625 0.00900578479031365 0.00898510397033007 0.0076124293403822 0.00443266368403167 0.00499717026072478 0.00512214136331063 0.00681821532390246 0.00927114794088104 0.00350209787046846
0.00532430672634612 0.00249968660899308 0.00930490038409016 0.000530269515482744 0.00562957568093593 0.00230510975575372 0.00480278951172443 -0.00145875568410597 0.00732019848165887 0.00308653220409932 0.0110530570848263 0.00377686759322499 0.012702975686205 0.00572246460801589 0 0.0102655326904991 0.00176072841959716 0.00112246735171539 0.00299901248228175 0.000211872023604216 -0.000420388248645027 0.00295055436204217 0.0114020577702642 0.0043205748322727 0.00415903273107996 0.00174645255888977 0.00264315435922215 -2.02079174004925e-06 -0.000739540922686314 -0.00160980753614758 0.00023236947144996 -0.000810277387770749 0.00277989304668103 -0.00056172559306884 0.00199759031403693 0.000409822866679772 0.00272309239921 0.000783765249652016 0.00364363086334292 0.00201479769345463 0.000149834637004505 -0.00153771018023225 -0.00131243411239738 0.00123003725910246 -0.000640524539224895 -0.000134696265812219 0.00353425220740418 0.00556624991199121 0.00352758933480359 0.000953518595424965 0.00141290185648653 0.00135840536858139 0.00031896553804892 0.00254956571570575 0.01171941221882 0.0050259784695656 0.0114641548326917 0.00269765554600074 0.0239288165255536 0.00705366292881532 0.00202257091463227 -0.00317693074868653 0.00195776488617486 0.00387273737063415 0.00303119542161638 0.00287202184616696 0.000596953074211297 -0.00187899270712719 -0.00275424510364437 9.61768492116683e-05 0.00167585907546432 -0.00124518919164109 0.00228939119090862 0.00141992540122337 0.00128073701350527 0.00281881340346159 0.00499227765458746 0.00626471510683909 0.0098362573489126 0.00453074548363963 0.00800468149952381 0.00435023575889506 0.00545266818757968 0.00733041955299999 -0.000160386035353483 0.000448622531764625 0.00036096390055913 0.00157737423686188 0.000414998383253853
0.00545886601178741 0.00617148697975864 0.012936149384298 0.00985046043117887 0.00719821660935814 0.0111796011837615 0.00862847014627934 0.00723339150434495 0.00669881851474899 0.00909626209609624 0.00713295479692862 0.00957668200227983 0.00781792661880664 0.0120965395919064 0.0102655326904991 0 0.00347379303780616 0.00354296328309235 0.00279731549853563 0.0048989337837001 0.00157823391497444 0.00101308326783316 0.0131870855229736 0.0156972904133064 0.00522803013516455 0.00570306694196055 0.00415001726651426 0.00467004845496485 0.00540398367534817 0.00465164951490028 0.00539237390078644 0.00480006718890727 0.00394854725820984 0.0082669114787346 0.00112895282829826 0.00327184197712367 0.00265102739620395 0.00318930827527231 0.00327363956741568 0.000901386574448548 0.00483379682969129 0.00234061997035842 0.00479649090705201 0.0047747358547438 0.00472181878005016 0.00237049189557056 0.00877814652245523 0.00843891791272507 0.005225178559068 0.0033172852999778 0.0049612694945319 0.00384613444805793 0.004344641964081 0.00704225168894907 0.0121786703851306 0.0147625991632861 0.0154472358745872 0.0156510032351069 0.0235873463347073 0.0210377398021016 0.00585056556708969 0.00473599088796002 0.00223381910358999 0.00390624033051546 0.00457604283556006 0.00493357949602192 0.00194047998398796 0.00589317232230626 -0.0024899485817605 0.00891721439260757 0.00302823221638642 0.00325140128993694 0.00516442797163042 0.0058236617334305 0.00623302805549944 0.00897195535438692 0.00299637439332252 0.00836993214468003 0.0107458153178241 0.0145229070936969 0.00699965175887719 0.00862674464744656 0.00718912850161023 0.00568413821921215 0.00237676430858034 0.00162355848021939 0.00373939642249022 0.00397278504554039 0.0018518207268066
0.0130218917374664 0.0147770344181683 0.00573282721483424 0.00751844946320721 0.00338835493523985 -0.00148736693624585 0.00998310412443356 0.0111580508444571 0.00500013738346454 0.00615142405304504 0.00658962169026863 0.00685960227607089 0.00348032766436921 0.00617559034696127 0.00176072841959716 0.00347379303780616 0 0.0200001015784182 0.0132808104958371 0.0132750300539564 0.00010951601610027 -0.00535017005634338 0.00339108380612961 0.00172231344339262 0.000834358737636556 -0.00222692902165909 0.0112523074585623 0.0127864295323438 0.00467382619063031 0.00582286924061365 0.00757719958400849 0.0106934283356008 0.00385686622205385 0.00471114133143518 0.0019031884090252 0.00245994538704114 0.00432046263762659 0.000992434380757128 0.00436761996825014 0.00589520771926201 0.0181859009423494 0.0199554932279762 0.0222781004553234 0.0282862728887531 0.0173845409288695 0.0171164002637441 0.0196706087362545 0.0165085453882107 0.00705405758465974 0.00920260514605265 0.0242553064931162 0.0178859413000778 0.0134829945698266 0.0120258571291862 0.00468131596320371 0.00456175796855336 0.0172699670779167 0.0163607436633637 0.00282975176999049 0.00426189978602367 0.0105520736937643 0.0112553092019131 0.0223363318013295 0.0250183940009435 0.00718586275626108 0.00422426370471892 0.00534923938962037 0.00764231678433138 0.00769693657595959 0.00330707284745831 0.00588133351540237 0.00462574103054369 0.0180075315990036 0.0191426041785607 0.014936611931147 0.0090637113961744 0.00386664548309016 -0.000771696370357825 0.00894274526284828 0.00966834471656513 0.00568287625666761 0.00400436467000883 0.00900422582003809 0.0058676562786002 0.00999420441062838 0.0109153400240462 0.00737244974755207 0.00993896501052153 0.00673155083763356
0.0120500238888183 0.0153973950502451 0.00565589262148353 0.00807846915003818 0.00274583785010842 2.55005621921608e-05 0.007438685944045 0.00991960460311531 0.00329352060953484 0.00420137108932526 0.00302196270471263 0.00864075008948224 0.000434328629464785 0.00507715770433545 0.00112246735171539 0.00354296328309235 0.0200001015784182 0 0.0124753356976731 0.01301184668864 0.000278621320171 -0.00519067118201861 0.0035614599207577 0.00213138722742813 0.00201987084782698 -0.00137020769199884 0.0099005277287963 0.0127513264264421 0.00579005084210361 0.00578673590085679 0.00822274628201397 0.009640945217844 0.00476671208013076 0.00571122828058441 0.00246778831185019 0.00248427893617526 0.00371274212362607 0.00154713691558656 0.00408410208626126 0.00619948394832536 0.0190120167321635 0.0212499182493312 0.0224080577477684 0.0271761715130473 0.0173278800369378 0.0170120263674743 0.0187270140068422 0.0169387595827663 0.00710540956174609 0.0096095016478735 0.0223347406538445 0.0176787635530263 0.0122633090425604 0.0120849153015701 0.00259764196413621 0.00320187589239525 0.0112488419471054 0.0141687717720402 0.00219102886833266 0.00142406075878913 0.00867575085957406 0.00941320993416708 0.0211832325695699 0.0243753632487338 0.00636080320036406 0.00462344563328262 0.00600139957961245 0.0106442962632665 0.00801951888141133 0.00898101598343507 0.00564135854594662 0.00433120963096797 0.0174879348115895 0.0189082737220944 0.0135658905257801 0.00978986909003733 0.00295257259340992 -0.000351917198618681 0.00769602143232978 0.00925487651610476 0.00538753083906693 0.00421390848873151 0.00723592368359912 0.00529209035884969 0.00883029657533206 0.00931343346544865 0.00707467783498159 0.00816527502629473 0.00626774331470792
0.0151195253736773 0.0163776368246816 0.00847713615278087 0.007072593899374 0.00403786979137283 0.000350600209448925 0.00999780772170106 0.0109606796356617 0.00571442948551887 0.00585650147782859 0.0102249419831096 0.00904792276558435 0.00543890910750673 0.00742406052784944 0.00299901248228175 0.00279731549853563 0.0132808104958371 0.0124753356976731 0 0.014663944002831 0.000655016939860289 -0.00287293820416645 0.00480515258929479 0.000141010996352481 0.000419244359075667 -0.00276156358603251 0.00860708873409615 0.00943045248656723 0.00190698694414053 0.00363366279237059 0.005708606351412 0.0068519279183621 0.00224060179317085 0.00236145912935097 0.00077185973209978 0.000810720445941246 0.0021637639984222 0.000279668827562358 0.00036195535451832 0.000105015061711509 0.0156394174696528 0.0190603195334917 0.0182457638833545 0.0238607173059535 0.014498759023081 0.0150230325328751 0.0156946119653039 0.0146678957883673 0.0056406221135978 0.00780197732180996 0.0206703663766005 0.0158703576110336 0.0141381584345565 0.0169375993251871 0.00759580354036251 0.00614012780978741 0.0142781793886951 0.0125545395205593 0.00188215884297039 0.00303269025744074 0.00998751387392875 0.0105953466012412 0.0221652531756794 0.0208134752530937 0.00805705473010554 0.00719033956326599 0.00548318886451522 0.00653099983088683 0.00382140895638456 0.00407127770871738 0.00571374744156595 0.00358619660968271 0.00921870286206327 0.0117807724329663 0.00900033715093013 0.0057792997684676 0.00285676200988548 0.000393954894229816 0.00799662650164077 0.00744748942055756 0.00599080797010279 0.00419719270516648 0.0104655249025048 0.00999368142915709 0.00848004181136765 0.0114107474303972 0.00867613193392324 0.0112091310774958 0.00733984749348686
0.0101403334476128 0.0132016102546462 0.0056967102763507 0.00883668400035619 0.00329135381777608 0.00237278692333207 0.00570651470763059 0.0099011682466181 0.00285343608261927 0.00595434729874762 0.00365097742790985 0.00774998497733999 -5.99345061767815e-05 0.0059969298655389 0.000211872023604216 0.0048989337837001 0.0132750300539564 0.01301184668864 0.014663944002831 0 0.00202877234184239 -0.00358910672511866 0.00288961288174416 0.00313506744138088 0.000538916015286172 -0.00197618296785914 0.00797508310945698 0.0101578753735707 0.0038558767557263 0.00469619287208583 0.00635416073532094 0.00820974020200185 -0.00166531162353958 0.00284988135269314 0.000145264883133651 0.000783516645009705 0.001671101715922 0.00110335267237541 0.000770036596462208 0.000602632191795466 0.0121326328273974 0.0148040930956439 0.0141723606148683 0.018967328237736 0.0129099671431862 0.0129852886128153 0.0137553165666725 0.0112200006538571 0.00500762580632135 0.00726683603810051 0.016670687578835 0.0131356704472426 0.00982476532850118 0.012403985300037 0.00230950055603242 0.0044614408948935 0.0118590641317621 0.0133483088512981 -0.000509462929357339 0.00102802596247197 0.00514647932391798 0.00729874420065363 0.0191398228721348 0.0179598248581693 0.00627766736732966 0.0054400298439581 0.00537613604653601 0.00937698515658854 0.00612810610686692 0.00751584347210399 0.00578608771471338 0.00410100572564075 0.00956754459457369 0.0116456155221844 0.00887422128044119 0.00677992181615815 0.00205478918116911 0.000277615124288945 0.00573184651718365 0.00750177645180443 0.00385130564315404 0.00390205483757495 0.00532147494271794 0.0033775258699961 0.00682547346304763 0.00817516351477272 0.00653410836043756 0.00695137678485079 0.00511396137369742
-0.000766712147741535 0.000363104960129719 0.00146329675653119 0.00264743592749609 0.000706691154438004 0.00241833009066476 0.00198409987914152 0.0029738246787335 -0.000495204046763163 0.0015176084931418 -0.00230758752997219 -0.00152814864348714 -0.00119202141775404 7.49763654757635e-05 -0.000420388248645027 0.00157823391497444 0.00010951601610027 0.000278621320171 0.000655016939860289 0.00202877234184239 0 0.000128369776156302 0.00110126899947646 0.00358325053770203 0.00177354014499246 0.00186561227276798 0.000543219368115732 0.000624066713233178 0.00240941986299263 0.00196604653404071 0.00263266165698548 0.00194814559031673 0.00127950314150479 0.00282553659860434 -7.27545954373551e-05 0.000602144669002959 0.000148527370943403 0.000142743789291464 -0.0021844169151817 -0.00106088820195041 0.00343830516559433 0.00231258533686984 0.00497888486559455 0.00463849351761357 0.00210158303079243 0.00138065124526026 -0.000256898478323247 -0.000626858559308687 -2.12569653472218e-05 0.000397095132812982 9.90769200144922e-06 0.000253224341767557 -0.00148912342402624 -0.000545982104733763 -0.00111733670740972 0.00410791772900959 -0.000251126961652151 0.00129856995066456 0.00303270219404132 0.00453256031736067 0.00329034042818302 0.00393175730178468 0.00208754386611097 0.000998909644663781 0.00291770955666845 0.00253129296567334 0.00201138844247999 0.00354486066780192 -0.000958246915344452 0.000594717905604042 0.000904213098157824 0.000723958450307205 -0.000613186551055646 9.77175119267286e-05 0.000529692870003507 0.000163071577975837 -0.000197300001992377 -0.000318144742905803 -0.000532212364378013 0.00117052365849028 0.00115794827864725 -0.000255586829925356 0.00291726441487702 0.00183697697879412 0.00114315812580358 0.000199009476338722 0.00181326523610093 0.000895879512004918 0.000544586355890488
-0.00383172181763158 -0.00302907832701439 0.00165192023593187 -0.00174137229905123 -0.000666445345414211 -0.000492560407401042 -0.00110908749400476 -0.00571527893657655 0.000491339269663026 -0.00302142989792287 -0.000682169221676624 -0.00342813249557445 -0.000916548705233933 -0.00284642692983474 0.00295055436204217 0.00101308326783316 -0.00535017005634338 -0.00519067118201861 -0.00287293820416645 -0.00358910672511866 0.000128369776156302 0 0.00222639894327588 -1.65210994392289e-05 0.00192661725824055 0.00223850953604445 -0.00240099184940799 -0.00395598543127427 0.000425782477373942 -0.00166226311706027 -0.00143228739072937 -0.00292382391710531 -0.000210390965436468 -0.00183620716036858 0.00140067947419977 0.000304770292958396 0.000365587044791336 0.000539446039956108 0.00175271790446887 -0.000370195419265466 -0.00325548744784562 -0.00483270742568775 -0.00341026124213316 -0.00376283409782771 -0.00413026739378272 -0.00370738187335779 -0.00164864012049989 0.000157537685146049 0.00019405333772073 -0.00177411873096747 -0.00510853693244086 -0.00425201870808883 -0.00612768215631028 -0.0040650865375008 -0.00213572392788309 -0.00458436097190279 -0.00456178827892508 -0.00624240707697062 0.00263992275672799 -0.00141557408047242 -0.00101356718967317 -0.00322008967936146 -0.00393798332485093 -0.00509670252983498 -0.00155725400785484 -0.000260103090681045 -0.00111134571557112 -0.00220630381843875 -0.00341482833790619 -0.00188367919233834 -0.00163386733810298 -0.00315540019831325 -0.000863778988635747 -0.00345766826232846 -0.00238116560176618 -0.000364337795889223 0.000584341044285245 0.00287316609721135 -0.000786265351232105 -0.00124245405786001 -0.000685407473998686 -0.000369374571750011 0.00110681103566357 0.00345588240036904 -0.00222969194543841 -0.00236835228165617 -0.000438159300609546 -0.00120690378146316 -0.000862970002439371
