0 0.0519261138791335 0.0328238938990423 0.0238147158187767 0.0152788193089784 0.0117818722397757 0.0299607610562306 0.0209036037263173 0.0179516997284134 0.0152885938656302 0.0476815090201133 0.0392382070137185 0.0423270818686739 0.0309771484816067 0.0181575343414715 0.0232114660936907 0.0523154464747793 0.0559787123568064 0.0347762020402667 0.0265059016877209 0.00976095514229082 0.00373841484942033 0.0234611696844357 0.0217734608358699 0.0122510049482563 0.0148151465476047 0.0227367144439668 0.0288726592456182 0.0131146094231843 0.0131001260710167 0.0241407968854728 0.0198512754676031 0.0163361247465154 0.0108930881968222 0.00876171945878118 0.00590546218516935 0.0128103835220644 0.0124218362671745 0.0150563927855326 0.0112266394326919 0.0488319535498585 0.0373474725719221 0.0495634846725113 0.0399473348681444 0.0446950348623032 0.034283690071924 0.0410536543286281 0.038722451532769 0.0303215000039018 0.0261975158644525 0.0714043544177316 0.0631461765627471 0.0382397972997267 0.0376688661770964 0.0468297179407613 0.0253301505329915 0.0396396174261647 0.0313789237584254 0.0442297855587408 0.034463958772089 0.024731393122498 0.0240630616431734 0.0301875072288737 0.0346472108628447 0.0130943504159324 0.0109230608398189 0.0129498270443229 0.0128064206241054 0.0194743721483708 0.0162532819759797 0.00595394000333652 0.00634701769957164 0.0534453287116976 0.0378308128958562 0.0501245517537395 0.0464450268348459 0.0208170643684298 0.0203534191886714 0.037330182081861 0.0367364227588532 0.0246604286192536 0.022558201881684 0.00246675175502179 0.000161460326611647 0.0119134391432029 0.00484623627747737 0.010407230168059 0.00908857779786332 0.00547391176221342
0.0519261138791335 0 0.0270456767762752 0.0236116983937846 0.0141518548444637 0.012447569257819 0.0242608168932579 0.0219620755225265 0.0136728197085946 0.0174506355686308 0.0427521977088325 0.0412883313420638 0.0380870117465874 0.0356286572968347 0.0157524760344909 0.0243756724492359 0.0537077235321154 0.0619581101290312 0.0339653496707981 0.028474613902877 0.0107715599648334 0.0018216299568692 0.0217537357059412 0.0226527713078019 0.0123384555067831 0.0154261138371847 0.0223493545432639 0.030635412601547 0.0108115033178219 0.0130592447773239 0.0210479754585304 0.0185770587452083 0.0106462941863512 0.00858136965770753 0.00970045097632085 0.00517302743456427 0.0126367761623754 0.0138274639957109 0.0151097615877622 0.0116287954264468 0.0519505186452934 0.0422342196097263 0.0549785595099545 0.0460263496784513 0.0493420603882843 0.0392225608037733 0.0431091011074906 0.0422822453293704 0.032585257987698 0.0297640693138152 0.0754893765692711 0.0703492917018623 0.0354626393361906 0.0382507132763609 0.040800967112554 0.0275339386495978 0.0349738923802102 0.0324768129868714 0.038485563488986 0.0347547099557187 0.0197670320819611 0.0222119322240705 0.0326191470404457 0.0365258121244157 0.0120817058858762 0.0106777338694904 0.0103861865785863 0.0124996449489627 0.0145397631068837 0.0159517379990251 0.00346761930682488 0.00493463438285353 0.0555361248016818 0.0409779478036351 0.0531805156781599 0.0526059105356399 0.0219712642722549 0.024253441144352 0.03467735400508 0.0402861459651327 0.0217127254207437 0.023991507520792 -0.000213425661002161 -0.00175476535271636 0.0105935405272733 0.00124139374596844 0.00916924495776749 0.00657021085958297 0.00350849230136788
0.0328238938990423 0.0270456767762752 0 0.0359879768433291 0.0252194497960514 0.0178172816246154 0.0456705770078877 0.0356217412264385 0.0276798548371338 0.0241216784674695 0.0271990695055279 0.0251987347326442 0.0370625487229669 0.0239762766238666 0.0237146426339165 0.0289517928468437 0.0254952273712233 0.0274391912263049 0.0275082609242393 0.0150895835504227 0.0142444441629404 0.00773699848855042 0.0377435870599447 0.0320422541861044 0.0187105000546153 0.0205975964204767 0.0157892914228339 0.0199969992275644 0.022294373102199 0.0230481724415872 0.0311724121825175 0.0244950709758635 0.0462272363416649 0.0239169710805178 0.014506230124788 0.00974967937072895 0.0154735778389145 0.0128949468626588 0.0108542071890497 0.0135137230659509 0.067026637483862 0.0517312852683582 0.0526352569843786 0.0455444570342184 0.0502089236633572 0.0446243253767463 0.0599389415595704 0.0564315957980983 0.032056016949984 0.0245724526028105 0.0408140243223351 0.0415959335407759 0.048260022913465 0.0448234205127415 0.0555865292245107 0.0411683015784728 0.0358937311707035 0.0323454706618568 0.0759759234661403 0.0626029179419879 0.0506646358750073 0.044694875604983 0.0180727636507299 0.0281767110689982 0.0216615874257802 0.0190805302800389 0.0168727884541238 0.0168639128426329 0.0167031157397067 0.028180058601085 0.0211732187789744 0.0185209312396653 0.03989903830314 0.0328445191234881 0.0361952045317857 0.035636205732092 0.0185650309417826 0.0203056459178434 0.0419449499296065 0.0446333953188432 0.032993890945816 0.0316147311060675 0.0326011414811132 0.028772324064183 0.0250767526168009 0.0141269515562944 0.0250150327525768 0.0220242994154563 0.0195465493159412
0.0238147158187767 0.0236116983937846 0.0359879768433291 0 0.0201567251794898 0.0156474760134171 0.0303943597403843 0.0335291352540956 0.0225547739208677 0.0230528845900897 0.0195127235430565 0.0257301034478074 0.0271977914039194 0.0265088393375555 0.0201011777346456 0.029087268309427 0.018909531720893 0.0239646835460559 0.0205902870554928 0.0134062179971515 0.0113471727726836 0.0056384979896347 0.0301446129018224 0.0314614085966926 0.0156261480015281 0.0188957818565351 0.0129124482612601 0.0176694471420072 0.0170102935523087 0.0210782422058376 0.0209124975929635 0.0178393417063817 0.0331519763593317 0.0144495198364332 0.0141145658095658 0.00504582656613862 0.0140597627838871 0.0112340826859972 0.00870385817723311 0.00811185928735893 0.0522419737289418 0.0404918421318347 0.0406460173862747 0.0370535542035645 0.0415552843868944 0.0360446954741889 0.0486365567807998 0.0458418793509708 0.0276187676841697 0.0202169625429499 0.0337220796652124 0.0337856830796373 0.035552478369033 0.0353003332680216 0.0437766424996621 0.0440250722036062 0.0222956748334736 0.0236504637837487 0.0603477327718017 0.0610305776232627 0.0366832276170249 0.0364260446130649 0.0126012722098717 0.0208814068209263 0.0177872466913446 0.0174062683349003 0.0121230682574393 0.0139242067431725 0.0107484698150671 0.0222658018090946 0.0129303418144411 0.0125601362836032 0.0322007420906571 0.0285558304521925 0.0298237128840127 0.032134643408649 0.0150612736197586 0.0203436247872775 0.031029943937626 0.0421798354551586 0.0254310590654979 0.0283020970701771 0.028450768497683 0.0219422956784078 0.0173389130465179 0.00279382850879624 0.02038154172712 0.0154897361936749 0.0119961784561055
0.0152788193089784 0.0141518548444637 0.0252194497960514 0.0201567251794898 0 0.0224262047527594 0.022095104860024 0.0237906267147577 0.0190188661284651 0.0278276526860149 0.0135430419985163 0.016739272924577 0.018950069183467 0.0192650383954434 0.0113186120643964 0.0236062685725837 0.0162944828251354 0.0160988031045122 0.0119274378113183 0.00778049235079624 0.0126477983737465 0.00388618162386006 0.0206546567749886 0.0212949464871789 0.0158681108426332 0.0168549696704343 0.011245553578891 0.0146667423857708 0.0158119928085081 0.0178560872161041 0.0164784893597839 0.0141853373744646 0.0219112085123197 0.0100845030458114 0.0116024293140474 0.00199206162217237 0.0122505575876667 0.00933008531314949 0.00811878673499011 0.00663320909245413 0.0455694966329909 0.0365382300955328 0.0357855768630989 0.0319343891298086 0.0350681502247785 0.0313044916259562 0.0397942139688563 0.0373257063059687 0.0235564079847702 0.017587679486901 0.0233234075760744 0.0224112481610907 0.0275859587920454 0.0264534145579243 0.0326704834655333 0.0316367356241439 0.0214473437661452 0.0211428356139563 0.0396273433375875 0.0397163973463886 0.0286063550778816 0.028200029670206 0.00802817671910439 0.0138605932647116 0.0136480322144372 0.0139076467992262 0.0101458171560012 0.0124901850704584 0.00261787465105938 0.0242678830245055 0.0131370671912131 0.0127434404432506 0.0278880796473448 0.0231358899787387 0.0234845836591087 0.0212060358866617 0.014408578245634 0.0140969467945253 0.0232787319603279 0.0270840535626919 0.0191933339323302 0.0210263044869409 0.0199097919108126 0.0150238280937251 0.0157757420614224 0.00409608970070776 0.0176314284700999 0.0138444307710413 0.0117618351496542
0.0117818722397757 0.012447569257819 0.0178172816246154 0.0156474760134171 0.0224262047527594 0 0.0153599464549813 0.0259687053183553 0.0127060445854973 0.0408119680713059 0.0105038483243736 0.0183480293257951 0.0131278827228587 0.023939704710766 -0.00127287886827511 0.0274864287193001 0.0181460621302171 0.0154510702683917 0.00934869717267036 0.00958192257529815 0.0167416969517267 0.0077174006268994 0.0148960662763866 0.0223720507030576 0.0185745031889551 0.0196124227498741 0.0138771690848572 0.0195031673046257 0.0197070084803675 0.0218370834272182 0.0163441353411262 0.0157854029777595 0.00763038298058935 0.0047028362237188 0.0159559687737632 0.00106234362451166 0.0144976974282191 0.0133822149611002 0.0119646339532082 0.00601107369763083 0.0498777454710224 0.0411908419343082 0.0397292024531914 0.0399364746218609 0.0409172738308905 0.0352618743456228 0.0476141170779601 0.0471761528390482 0.0303282999488323 0.0229287604991718 0.0194722529003271 0.0179444481697048 0.0270991519424079 0.0284516484227252 0.0256238837602248 0.0345904580576561 0.0205545144907052 0.0286644572468338 0.0184901210129606 0.0362358646159398 0.0261420749572782 0.0303964039456735 0.00377782918927592 0.0104094274447612 0.0152703292877684 0.0181731155761711 0.0117198175002223 0.0184759720534101 -0.00819185080525636 0.0321603310369157 0.0150160958403982 0.0153324943457886 0.0322424159731058 0.0287818742573591 0.0251796698316225 0.0220066966092191 0.0172893863296243 0.0157998579093216 0.0178271103248526 0.026073051010356 0.0180737209683715 0.0250610897663918 0.0196234021319301 0.0101821511902893 0.0190923703831583 0.00136041834446986 0.0218437458899989 0.0159894426022192 0.013787233664217
0.0299607610562306 0.0242608168932579 0.0456705770078877 0.0303943597403843 0.022095104860024 0.0153599464549813 0 0.0398072714306307 0.0299055377757993 0.0237280959594995 0.0299361394363226 0.0259885013570314 0.0372535713309206 0.0239606069931839 0.0177292963228232 0.0227011811071534 0.0230926559476561 0.0253008117954874 0.0288329896629412 0.0159704525149097 0.0113069903949857 0.0066717363525158 0.030872042828781 0.0258491189386933 0.0110384876605153 0.01389077663738 0.0171963556971132 0.0220044457576858 0.0220453248735567 0.0209887077935244 0.0343736950666943 0.0259527622873975 0.0391673729792627 0.0215751591411622 0.0137635689339947 0.0105153462108588 0.0119118677620733 0.00803770395148507 0.0106889204582048 0.0137974766586121 0.0569141741851212 0.0440308477329962 0.0412360026940674 0.0360863688535632 0.041620408704794 0.0365342373316159 0.052034529591761 0.0483856861591422 0.0254842586279182 0.0176328043922181 0.0358789298547857 0.0362991548263214 0.0498191654716088 0.0426896564150289 0.0553860317058877 0.0414475021026078 0.0438373507042421 0.0480198659657465 0.0548395267054455 0.0515152237749095 0.0489644618937479 0.0432979469953157 0.0177381029793905 0.0294761197701009 0.0231862051924719 0.0200879782238252 0.0180438142423797 0.0177879685046708 0.0226977660658862 0.0260738991726635 0.0246189466446213 0.0226491558286183 0.0365733204752233 0.0278638384876487 0.0317800726208277 0.0295018196049611 0.014359997075803 0.0143015227089773 0.0377436847823103 0.0357826258639454 0.0330529008194091 0.0283498348772424 0.0363703230333633 0.0304985681886111 0.027247334423861 0.0178221732204325 0.0281292809236627 0.0254053899046898 0.0217647218458697
0.0209036037263173 0.0219620755225265 0.0356217412264385 0.0335291352540956 0.0237906267147577 0.0259687053183553 0.0398072714306307 0 0.0261457580581277 0.0382410632196573 0.0221514217580814 0.0335257009581211 0.0292665956763646 0.0347663826960434 0.0097806323758876 0.0305686034029182 0.0192584150421026 0.0238569950952875 0.0227935632875194 0.0168469586790091 0.0137682239793897 0.00676040007403888 0.0263119995378426 0.0278146770644059 0.0143421354422643 0.0172224391864954 0.0178545446502443 0.0272868880455711 0.0222363927996427 0.0259363219951114 0.0285020572850864 0.0236736460693157 0.0236109714116145 0.00777395814679802 0.0182050692653055 0.00581650371263523 0.0157011411486045 0.0117169290434906 0.0112971553164456 0.0100361795052795 0.0636267237814056 0.0518263477118815 0.0447717484646765 0.042539653622918 0.0479146209480857 0.0425055711951648 0.0566003150610445 0.0551811992826135 0.0310635306326046 0.0212897010089225 0.0280938855372339 0.0303239608676539 0.0437441158466199 0.0404883827766897 0.0485836818201077 0.0580148988801376 0.0345660284570831 0.0545037261686062 0.0408727683302502 0.0609838996386448 0.0418485986408512 0.044667131285035 0.0103060963958899 0.0236589062294481 0.0220392877463956 0.0232176625700938 0.016103737028675 0.0212261073328073 0.0124241331094912 0.0324070746668716 0.0219457575472148 0.0217462205298777 0.0352023366812693 0.0305445360431217 0.0293100576320886 0.0311651279808122 0.0142651612673108 0.0185933709954095 0.0281750537273247 0.0391398977294811 0.0294728733410951 0.0341353184387268 0.0361303370650057 0.0256579551231063 0.0253891580846555 0.00527323594415946 0.0306666451639065 0.0233216151712332 0.0183001376595305
0.0179516997284134 0.0136728197085946 0.0276798548371338 0.0225547739208677 0.0190188661284651 0.0127060445854973 0.0299055377757993 0.0261457580581277 0 0.0219099071118821 0.0198213299294286 0.0193042981138544 0.0245391818139809 0.0178458407285651 0.0161556218417807 0.0188332877584697 0.0146451294492984 0.0160724244228848 0.0151900064375769 0.00811892256227529 0.00760417134228534 0.00207788553741319 0.0200372504424979 0.0174354252909152 0.00894101611764838 0.0113220695224296 0.011321489691228 0.0141275686504908 0.0144837751918079 0.0148690632880609 0.0192868077574746 0.0150128090354585 0.0241022967511299 0.00982994745417205 0.00910023320207955 0.00434086611452118 0.00900227565007729 0.00540856842781296 0.00810546844728245 0.0077635213111128 0.0380309047759664 0.0295886955418014 0.0259052356089884 0.0224510863402676 0.0270747028405165 0.0248505408731019 0.0335117275950912 0.0305597257555128 0.0166754352286943 0.0109965473937467 0.0213632024101029 0.020551319936783 0.030037156786146 0.0254108951423907 0.0396550783697118 0.0329151221833088 0.0261451600145095 0.0278258408043055 0.040666871223694 0.0383968688334316 0.0298685741982954 0.0262401860877213 0.0079944781760778 0.0153675349418362 0.0141305479485053 0.0125395234984968 0.0113443647319353 0.0110726375451447 0.0133608036711303 0.0192248261857918 0.0139212306264238 0.0124413674387455 0.0228999759395138 0.0179604769679605 0.0182345939119889 0.0171235506945385 0.00967053311203772 0.00981275084375608 0.0231408285206531 0.0238982441027185 0.021586836689666 0.0186198722543286 0.0247293559261674 0.0200211947243219 0.0162055406370939 0.0078568341871734 0.0180475018574358 0.0152512722340035 0.0128242448782829
0.0152885938656302 0.0174506355686308 0.0241216784674695 0.0230528845900897 0.0278276526860149 0.0408119680713059 0.0237280959594995 0.0382410632196573 0.0219099071118821 0 0.0137583327790527 0.0265524714116551 0.0179017548185834 0.0311506017920082 0.000978596699246188 0.0340998660542888 0.0194565444569803 0.0213568226662248 0.0161396584918039 0.0147652402813237 0.0188194818933678 0.00464438081339926 0.0201097380248077 0.0265938644332164 0.0190659436676321 0.0214580179767987 0.0160325310034707 0.0255267656583542 0.0237786854984225 0.0262893167543581 0.0222682044997208 0.0207023703895442 0.0093181205362084 0.00148589962744522 0.0201524944943866 0.0013308992757644 0.0165638725538815 0.0135678987570508 0.0135658363227118 0.00678051406127764 0.0622203501209357 0.0515517767219489 0.0442229538726704 0.043171023462784 0.0477968731488924 0.0421997198045266 0.0554821983031665 0.0556810756252479 0.0333163736843701 0.0225410724536434 0.0244368215044783 0.0219222312808121 0.034477554741321 0.0339010198936045 0.0366844216149785 0.0498492391954496 0.0285805354889674 0.044864196948026 0.026383922983813 0.0488560896319411 0.0329914903161149 0.0366644522207005 0.00675808310088671 0.0145071197501253 0.0192684416140874 0.0236716513954534 0.0165116281715625 0.0239389659602069 -0.00689192739838963 0.0380937078009468 0.0221166014373935 0.0212749085312657 0.0362260347202355 0.0331834875959809 0.0261266010325044 0.0238634272412202 0.0168408976815132 0.0183082895753331 0.0201090161205683 0.0313771574313273 0.0248491224940013 0.0321182131571371 0.0306005896802266 0.0185002899166765 0.0246768700197089 0.000645009996608786 0.0302342550960067 0.0202026239608945 0.0174975858562641
0.0476815090201133 0.0427521977088325 0.0271990695055279 0.0195127235430565 0.0135430419985163 0.0105038483243736 0.0299361394363226 0.0221514217580814 0.0198213299294286 0.0137583327790527 0 0.0430471976681051 0.0445924120632577 0.0319987812872091 0.0180768353054463 0.020404630344277 0.0477917430909933 0.0505710277062227 0.0320530136664282 0.0254308646837051 0.00726577396906055 0.00367373863452437 0.0190173796556682 0.0158343044989282 0.00842685606102624 0.0103567646687055 0.023843569715417 0.0300057211720091 0.011626110719496 0.0107217237591245 0.0223824737942845 0.0168590083188872 0.00804490113080813 0.00141409012296517 0.00735535171074871 0.00318129204604046 0.0096739878698602 0.0100421732410307 0.0115890687157427 0.00855552352511071 0.0369829640787958 0.0280862936052879 0.0361671223005041 0.0271994064800535 0.0331683081016738 0.0245683694220954 0.0289370019508523 0.026477648857183 0.0230815321592791 0.018720360462868 0.058118173311217 0.0509653927171484 0.0318855858212692 0.0296680558788161 0.0457114308532214 0.027997954637201 0.0430857849326387 0.0398189110354008 0.034718656707472 0.029801580846202 0.0190539395840147 0.0199740088671081 0.0223549555670323 0.0268348015191962 0.0123042418297908 0.0105553772531365 0.0137554117987704 0.0134433206633953 0.0210465433953374 0.0146387550835983 0.00654248695106016 0.00492780304379258 0.0458132690088332 0.0296641404803378 0.0398538453008543 0.0378032381285155 0.0166296633680129 0.0145127817650439 0.0320411725995008 0.0296899843500297 0.0217727979502141 0.01877089672759 0.00206408374198024 -0.00104202516011392 0.0091205535795251 0.00187813607579663 0.00955297005584322 0.00788615873307599 0.00352968677642811
0.0392382070137185 0.0412883313420638 0.0251987347326442 0.0257301034478074 0.016739272924577 0.0183480293257951 0.0259885013570314 0.0335257009581211 0.0193042981138544 0.0265524714116551 0.0430471976681051 0 0.0399271903839054 0.0429280621853575 0.0121420635373577 0.0272898628404144 0.0411729683157859 0.0483137591381819 0.0297827703713829 0.0267150836293137 0.0103156246008192 0.00363305169588225 0.0180217936948814 0.0190148925248649 0.0102911629868187 0.0134490312761265 0.0234658436672752 0.0341415945065877 0.0128612788812008 0.0141323042205262 0.0196793460630851 0.0163136193789528 0.000442634583859777 -0.00673339159110673 0.0112716749142217 0.000948722919095728 0.012763976030489 0.0126503234203351 0.0125678488641312 0.00830644355804079 0.0456292907383109 0.0356506609453612 0.0397784222135316 0.0334284274540924 0.0391823146098176 0.031310977168703 0.0366061476373013 0.0365626629323885 0.0275221794885775 0.0214290034918857 0.049645132071456 0.0471288295159292 0.0326017609487673 0.0338618540321789 0.0457208525431709 0.0464870461943841 0.0372060593843474 0.0513867136195106 0.030493051110092 0.0443032179064524 0.0188336552800255 0.024717654318458 0.0173516528466071 0.0223675342635123 0.0156045642824459 0.0155951540438616 0.0147241579498442 0.0190214042263998 0.0144406704544967 0.0213339524729829 0.0107350582203088 0.00979494110026763 0.0435914018986292 0.03116185769766 0.0359238735017186 0.0404060136604392 0.0149290833139426 0.0189360740025609 0.0260315102990805 0.0374081028398173 0.022536140741546 0.0265294122315792 0.0085894954304708 0.00278186262341727 0.0107727396442932 -0.00477806286271132 0.0156023882338634 0.00952864800838851 0.00324940408019565
0.0423270818686739 0.0380870117465874 0.0370625487229669 0.0271977914039194 0.018950069183467 0.0131278827228587 0.0372535713309206 0.0292665956763646 0.0245391818139809 0.0179017548185834 0.0445924120632577 0.0399271903839054 0 0.037638777444791 0.0275075552417952 0.0306395173824794 0.0391130675669262 0.0424014956042727 0.0287941184338089 0.0215927126684073 0.0110174086605207 0.00659450135082193 0.0314887445992019 0.0274550428193108 0.0156700641028743 0.0161596960035526 0.021821217102559 0.0273765175948872 0.0150173080340475 0.0153359023399664 0.0246393297233834 0.0185367276171123 0.0228912803216806 0.0111982579094361 0.00886174810198188 0.00569575282171616 0.0124859955624736 0.0134388377774895 0.0112797083093116 0.0106149908748969 0.0493683768150533 0.0378044488983637 0.0450673943787122 0.0353959854097706 0.0406170592860357 0.0331775121690792 0.0411401596161224 0.0381158596534341 0.0292151369378158 0.0244061876213948 0.0533670407034184 0.0504495699139553 0.0369866637206124 0.0351855735638077 0.0535958202107014 0.0362912118858909 0.044297485594222 0.0376228518962797 0.0584085357184219 0.0458003249174795 0.0300510936154265 0.0294200418032577 0.0195307383569518 0.0275784431784662 0.0144660617266484 0.0114973184768474 0.0123605697752232 0.0127317887185632 0.0174398638246102 0.0198847068480116 0.00858841190050593 0.00746992800234144 0.043518773784436 0.0305594623998879 0.0417152814312805 0.0425489253546727 0.0221572783372886 0.0210505891249999 0.0410387910659181 0.0413078508818569 0.0272012481628868 0.0245934806737084 0.0106569999724304 0.00843800589613986 0.0124334080399951 0.00344600416683124 0.0131230111910397 0.0114780106678886 0.00733473491646939
0.0309771484816067 0.0356286572968347 0.0239762766238666 0.0265088393375555 0.0192650383954434 0.023939704710766 0.0239606069931839 0.0347663826960434 0.0178458407285651 0.0311506017920082 0.0319987812872091 0.0429280621853575 0.037638777444791 0 0.0160900682270571 0.0381342548482919 0.0341100720026873 0.0401969320866097 0.0232198860297287 0.0238536226183562 0.0146996100814788 0.00624918840220584 0.026373622536997 0.0315316387214481 0.0179527823117041 0.0193432142593372 0.0213904996829737 0.0321461567711694 0.0167708261925971 0.0214491112323758 0.0200119319443587 0.0176385277226032 0.0108272870480986 0.00163819006609931 0.01365663874766 0.00248891185323159 0.0158198934020953 0.0160346822940404 0.0124563515630551 0.00658912994643646 0.0538480421602453 0.0440394741402242 0.0481683686688247 0.0413262673459372 0.0452964515209484 0.0380271861504572 0.0450252803346164 0.0444006620123092 0.0340889980389133 0.027986952001804 0.0449419486100369 0.0423444388518788 0.0287727590502671 0.0311555002883018 0.0412130470017436 0.0448525250403724 0.0367015146089965 0.0442595984678276 0.0368392876090501 0.0471291169313587 0.0218948523097831 0.0287775043916672 0.0143596973585303 0.0222140445594818 0.0147323218172249 0.0158594709246155 0.0103855129197333 0.016222189593343 0.00363374401639667 0.0241653711180004 0.0074628049439669 0.009104603366091 0.0409670977199955 0.0317853393857142 0.0399909726049047 0.0440923069882535 0.0219161415074993 0.0253341445005359 0.031026004774705 0.0426507785883405 0.0220249402466145 0.0288947968703918 0.0108028310669439 0.00273803806484487 0.0127552565168929 -0.00457741079436321 0.0160374909671054 0.00969596624826025 0.00642854402162499
0.0181575343414715 0.0157524760344909 0.0237146426339165 0.0201011777346456 0.0113186120643964 -0.00127287886827511 0.0177292963228232 0.0097806323758876 0.0161556218417807 0.000978596699246188 0.0180768353054463 0.0121420635373577 0.0275075552417952 0.0160900682270571 0 0.0210508582705511 0.0140744556521026 0.0167696892858686 0.0112071106511097 0.00707218715841249 0.00479830980567379 0.00142999069193044 0.0273261497622908 0.0223035356137096 0.0125942482118897 0.0110280907824447 0.00732737747363429 0.00652262446541042 0.00535567610216617 0.00834628980779241 0.0107655006543603 0.00782023857139788 0.0330518308671801 0.0160093705739942 0.00138989500850933 0.00298727419087412 0.00582024974805048 0.00646394848401789 0.00279819285707597 0.00372067772068406 0.0218205780952572 0.0171717271118235 0.0204635215955989 0.0134026239930399 0.015832897909212 0.0155523685963543 0.0160811533433936 0.0130363404185633 0.0115672364912236 0.0114816643297623 0.0250914903141 0.0235829532023255 0.0109375910578915 0.00958178552307163 0.0269698534595058 0.0125674041693137 0.0187244767183819 0.00142312121752008 0.0581207839274035 0.027606346956757 0.0161610214301024 0.0115196635543807 0.00926957996604941 0.0116394011857245 0.00451638650017403 0.0012940632312808 0.00265411609457466 -0.00100495103719382 0.00769316720224253 0.00460161333281194 -0.000796482994503303 -0.00150502700397548 0.0162251766513196 0.011749661535303 0.019150291297657 0.0203426740577147 0.0128331408598682 0.0128714931261651 0.0265885668814987 0.024226619083708 0.0112946476839426 0.00905092228023419 0.00671976972539383 0.00711861506682907 0.00323002741100604 0.00375264888851854 0.000570649665836314 0.00122830373311575 0.00442090124771011
0.0232114660936907 0.0243756724492359 0.0289517928468437 0.029087268309427 0.0236062685725837 0.0274864287193001 0.0227011811071534 0.0305686034029182 0.0188332877584697 0.0340998660542888 0.020404630344277 0.0272898628404144 0.0306395173824794 0.0381342548482919 0.0210508582705511 0 0.0248992406069111 0.0281423587477981 0.0193764051998755 0.0189007775830367 0.0182618243816876 0.00730657756430671 0.0348658706476036 0.0400796773081334 0.0251895359833095 0.0250224451856098 0.0162683477929379 0.0246230836749949 0.0198109667868888 0.0254738836837715 0.0203335136675959 0.0163669608763042 0.0264601233414227 0.0120088180438114 0.0161030043201532 0.00152477843467338 0.0173667067583759 0.0161589492947858 0.0118415490766779 0.00537240282376351 0.0555612004345625 0.0435634110409203 0.0437762461330473 0.0382909898635317 0.0432871265066904 0.0384829121018786 0.048798993266002 0.0473087658064232 0.0339094175594939 0.0259854065599432 0.0369377658289227 0.0331590414548997 0.0279187506845927 0.0279411381712664 0.0399631227359414 0.0383393330077129 0.0309825785286626 0.0263634168018043 0.0569653568153388 0.0511110993389396 0.0300877803584069 0.0309363699714629 0.0113133401916058 0.0174548872551652 0.0156516422867358 0.0176841959018196 0.0109237743224509 0.0164069892164791 -0.00375531823878753 0.029135409978142 0.0107147639846809 0.00925372939321126 0.0360719093020981 0.0315617743268014 0.0349107831778809 0.0364771183764608 0.0252934983181762 0.0283421434143594 0.0336793273353663 0.042457262468407 0.0224352321144695 0.0296183649328566 0.019648154382505 0.0112680700506454 0.0139539096142076 -0.00484584110829238 0.0173682391883254 0.0107706350978493 0.0098180814182048
0.0523154464747793 0.0537077235321154 0.0254952273712233 0.018909531720893 0.0162944828251354 0.0181460621302171 0.0230926559476561 0.0192584150421026 0.0146451294492984 0.0194565444569803 0.0477917430909933 0.0411729683157859 0.0391130675669262 0.0341100720026873 0.0140744556521026 0.0248992406069111 0 0.0681713114805601 0.0346607812625603 0.0287921581187885 0.0132236402557753 0.00223891626247809 0.0198482989685053 0.0209216953430995 0.0141883745671581 0.015977281784198 0.0317364638857136 0.0398330237981507 0.0157429650535504 0.0175727492144102 0.0224969715620433 0.019001217942184 0.000965416345013211 -0.000172624995996818 0.011241025378049 0.000881815060635314 0.0153120868063559 0.0156880235101862 0.0189469032466649 0.010906460399557 0.0540606266916978 0.0420004116351076 0.0547802179983004 0.0464110385232514 0.0538779988642932 0.0412527801769972 0.0434179138031523 0.0402592677745327 0.0378768103242745 0.0317522085636175 0.0764680974622354 0.0674523412098645 0.0359028524765619 0.037978553393719 0.0405573684747976 0.0242865065541883 0.0420080342407067 0.0371065973772379 0.0328818645606315 0.0275560932964737 0.0174829090306897 0.0212434529542967 0.0283194828341266 0.0343947654817942 0.0115513987235364 0.012232232118964 0.013245157920239 0.0161365838288864 0.0135015803285106 0.0200843684099337 0.00679188451669771 0.00709378759772047 0.0686948610902025 0.0483163402887813 0.0612900601557505 0.0533771437085288 0.0261332541913581 0.0241368239802833 0.0365999896470053 0.0361441516654114 0.0219428953320672 0.02406670389865 -0.00790120256152153 -0.0129785544277414 0.0103766732417505 -0.00211571647818587 0.0102886558886451 0.00703663860244877 0.00297013165380672
0.0559787123568064 0.0619581101290312 0.0274391912263049 0.0239646835460559 0.0160988031045122 0.0154510702683917 0.0253008117954874 0.0238569950952875 0.0160724244228848 0.0213568226662248 0.0505710277062227 0.0483137591381819 0.0424014956042727 0.0401969320866097 0.0167696892858686 0.0281423587477981 0.0681713114805601 0 0.0384183511681231 0.0322670824232574 0.0124585854300053 0.000570257072589732 0.0226274465521003 0.0241646530129416 0.01377600023997 0.0166248481923115 0.0306972474647045 0.0430446530559267 0.0146377590816956 0.0175891728420757 0.0232553563835562 0.0190027226420059 0.00260371941366855 -0.00200057112627164 0.0109425213728915 0.000989208970495545 0.0154183783348896 0.0156142612818878 0.018978884987125 0.0109053266482711 0.0568502764204567 0.0446609233196307 0.0576322631591019 0.0491196975076299 0.0565349133696487 0.0439685765537652 0.0452948221740321 0.0439935957441854 0.0383622496874507 0.0333841977612124 0.0849204735935951 0.0775397398954007 0.0388673993014308 0.0417024832380221 0.0462308530473859 0.0307879158316987 0.0430637575907239 0.0436126506514016 0.0389507104095634 0.0339203027484084 0.017689207921514 0.02137938840128 0.030927364742836 0.0368093436212899 0.0122659959093919 0.0128398135749521 0.0131235892161083 0.0168861156712222 0.0169601921111845 0.0203657066230791 0.00634237363468063 0.0058316604169068 0.0676280716585489 0.0490673869731228 0.0617875726760823 0.0597990507063777 0.0244802112739067 0.0270649427953204 0.0377719647061006 0.0421349070776551 0.0234082659727867 0.0276080668979777 -0.00526105872573463 -0.00919533514787915 0.00940988482538359 -0.00533019017431539 0.0106715735275659 0.00657348950520475 0.00103321551689265
0.0347762020402667 0.0339653496707981 0.0275082609242393 0.0205902870554928 0.0119274378113183 0.00934869717267036 0.0288329896629412 0.0227935632875194 0.0151900064375769 0.0161396584918039 0.0320530136664282 0.0297827703713829 0.0287941184338089 0.0232198860297287 0.0112071106511097 0.0193764051998755 0.0346607812625603 0.0384183511681231 0 0.0256604071891624 0.0095956019119404 0.00282666756070833 0.020185846141001 0.0179247597547753 0.00811275173167498 0.00991302568590856 0.0190875146073015 0.0264601628150689 0.0144821050597094 0.0127432219505072 0.0231463782844066 0.0141632815779629 0.011184826133589 0.00206222527027009 0.0140271200939761 0.000869751513912138 0.0109779757062208 0.00855913107831268 0.0111819620690243 0.00603998304317648 0.0443386352130659 0.0331735807013746 0.0333411698522872 0.0274709378202607 0.0371713340991893 0.0298065227658249 0.0374776384023525 0.0353451383540375 0.0241092979593548 0.0150535454814187 0.0451258501138385 0.0394663251924858 0.033272206312075 0.0328050868945998 0.0363863229167359 0.0241517988049683 0.0302464819405607 0.0319118953635463 0.0339695500256485 0.0288888041890721 0.0261295296698886 0.0241634637328116 0.0221105675949869 0.0255843849524008 0.0166906470526526 0.0189435928527059 0.0168714615858007 0.0187208977153433 0.016831002860535 0.0174785501777108 0.0164659720907382 0.0120175621481427 0.0404237633396437 0.0307707512453744 0.0341538350791495 0.0316653445054319 0.0152008999869991 0.0183835579437733 0.025710579921567 0.027244538937041 0.021439768427479 0.0237159405579074 0.0128181573384881 0.00892430701258132 0.013795480805018 -0.00354272070674205 0.0181271561855333 0.0120421787964271 0.00694205815542648
0.0265059016877209 0.028474613902877 0.0150895835504227 0.0134062179971515 0.00778049235079624 0.00958192257529815 0.0159704525149097 0.0168469586790091 0.00811892256227529 0.0147652402813237 0.0254308646837051 0.0267150836293137 0.0215927126684073 0.0238536226183562 0.00707218715841249 0.0189007775830367 0.0287921581187885 0.0322670824232574 0.0256604071891624 0 0.00808867076791435 0.00201294215026893 0.0146128466841917 0.0152243913554599 0.00729098151631648 0.00804643404582264 0.0153580606893596 0.0226773621118096 0.00980013534114038 0.0101979871911297 0.0157607187283582 0.010174602950614 0.00285860019090349 -0.00320476431084765 0.0100760810452758 -0.00181498451249596 0.00895929781287069 0.00767940525544044 0.00810876559553242 0.0015871550127728 0.030424334344024 0.0232437731781291 0.0245607757144779 0.0192839386898169 0.0259190338061333 0.0201853425042528 0.0241713640463227 0.0238929022897381 0.0182277962863661 0.0121437203790435 0.0334325825813893 0.0277399073358656 0.0178122644565983 0.0184827839680434 0.0239358970829602 0.019490866145939 0.0235992927705199 0.0270671915525784 0.0184475593765591 0.0186680019443053 0.0115807570230709 0.0135997083156925 0.0158529608511155 0.0166841697347188 0.0105754126964286 0.0134975155135264 0.0129963223890126 0.0160194105200411 0.00587244165297233 0.0135594639076208 0.00826512733309061 0.00570015824397079 0.0294180668908332 0.0217639624260005 0.0252249007499024 0.0247096595607847 0.0121487380262891 0.0148952849949622 0.0157925442052973 0.019482143175493 0.0125606772456293 0.0167824414408299 0.00217787850562636 -0.00283210890820521 0.00559149286699822 -0.00860451805887496 0.00960903914032669 0.00351080580201759 0.00102953699704869
0.00976095514229082 0.0107715599648334 0.0142444441629404 0.0113471727726836 0.0126477983737465 0.0167416969517267 0.0113069903949857 0.0137682239793897 0.00760417134228534 0.0188194818933678 0.00726577396906055 0.0103156246008192 0.0110174086605207 0.0146996100814788 0.00479830980567379 0.0182618243816876 0.0132236402557753 0.0124585854300053 0.0095956019119404 0.00808867076791435 0 0.00411064416783652 0.0148060006925038 0.0169971700660376 0.0119957832573357 0.0125045100570824 0.00896670893014282 0.012368996995225 0.0131898289631897 0.0144302525146445 0.0118143032227751 0.0099912093034185 0.0113434585631085 0.00848729310083225 0.0101805955826228 0.00142747399825344 0.00890455433998177 0.00843743065329527 0.00589026558282586 0.00425063290935445 0.0326356427712777 0.0255959293521591 0.0247009613281225 0.0210441272989732 0.0246036947225622 0.0211483678706957 0.0264380804135545 0.0274364035881892 0.0184543428380556 0.01359411014318 0.0166387979917485 0.0152685993672182 0.0147617434514788 0.0151451012378544 0.0164393604050575 0.0174390854286226 0.0139894637686744 0.0145905590621873 0.0228932130777599 0.0254485994533981 0.0173585565841314 0.0190132368381369 0.00523505546884665 0.00786183341885664 0.00880463472431441 0.0105374432104582 0.00708862704097763 0.0113633831355473 -0.00174212070302616 0.017350160901068 0.00937126183701513 0.00944139547332575 0.0222536480021081 0.0189806580493514 0.0171792558277575 0.0157977474811754 0.0127132421623408 0.0120585045318865 0.0142653809668333 0.0183120700276287 0.01185308408151 0.0156314287925704 0.0091378683047132 0.00384747121178252 0.0103779354934453 6.25753232984028e-05 0.0116534300800731 0.00739245401065063 0.00812582942308564
0.00373841484942033 0.0018216299568692 0.00773699848855042 0.0056384979896347 0.00388618162386006 0.0077174006268994 0.0066717363525158 0.00676040007403888 0.00207788553741319 0.00464438081339926 0.00367373863452437 0.00363305169588225 0.00659450135082193 0.00624918840220584 0.00142999069193044 0.00730657756430671 0.00223891626247809 0.000570257072589732 0.00282666756070833 0.00201294215026893 0.00411064416783652 0 0.00612938192299689 0.00763493696977681 0.00574232631497092 0.00618813317490205 0.00302350706826917 0.00376675598181161 0.00542688118189062 0.00489621523632549 0.00536983190118159 0.0036813680588167 0.00674830807708169 0.00606682593840646 0.00543480841471687 0.00392122478496651 0.00462893365975253 0.0060793388518727 0.00462370372762976 0.00250984869530543 0.0124921809934291 0.00872108965864465 0.0108700295861394 0.00921736941272322 0.010019379591305 0.00856731644526204 0.0132123422067269 0.0135116806452335 0.00898591693159384 0.0072976527329182 0.00316226213384961 0.00404814764569454 0.00785914350535389 0.00894733009676516 0.00963499658728265 0.00870066837909619 0.00697394417822614 0.00408600080353149 0.0128124376166732 0.0135834384837098 0.010747601753768 0.0121991450053452 -0.000508606965054936 0.00364259367095206 0.00518175563052591 0.00523916547993507 0.00328376569497535 0.00353171771122411 -0.000631915606464629 0.00684361251540547 0.00344124610707789 0.00439241516933212 0.00753347518220481 0.00762743298313668 0.00824519496949325 0.00910981545976938 0.00704955128890387 0.00760836096467602 0.00919998547054175 0.0109273288658519 0.00690915883362945 0.0078897272574437 0.00654616675007665 0.00335440356052585 0.00510633935807771 0.00132583933842819 0.00717690804484942 0.00653898949322565 0.00418314564304939
0.0234611696844357 0.0217537357059412 0.0377435870599447 0.0301446129018224 0.0206546567749886 0.0148960662763866 0.030872042828781 0.0263119995378426 0.0200372504424979 0.0201097380248077 0.0190173796556682 0.0180217936948814 0.0314887445992019 0.026373622536997 0.0273261497622908 0.0348658706476036 0.0198482989685053 0.0226274465521003 0.020185846141001 0.0146128466841917 0.0148060006925038 0.00612938192299689 0 0.0376755172191827 0.0215957335057868 0.0210556753764938 0.0134408173206647 0.0173059734944641 0.0195021141449641 0.0227615519620874 0.0236348216768575 0.0179407011924908 0.0453968381227463 0.0227820084693774 0.0118669898261358 0.00535044287721493 0.0143657431701603 0.0126331300869179 0.00872408861929377 0.00787270620306635 0.0518234454625295 0.0405193473253602 0.0425430482629738 0.0349896066549352 0.0373792190895388 0.0346261190775959 0.0433086808839279 0.041488925882104 0.0268114034718015 0.0216174494027632 0.0339509837550061 0.0324986535700934 0.0274346947902058 0.0263386467361439 0.0400969207471863 0.0312962635572461 0.0307467236134706 0.0191163128592995 0.0732012829331914 0.0510176131739578 0.0362214836640479 0.032856279878362 0.0130902346347633 0.0198966784564863 0.0152656806905271 0.0143042204466553 0.0109715497340915 0.0121545442666819 0.00676796826672515 0.022682076744551 0.0113649674001627 0.0100014567838341 0.0313331963790062 0.0262177177441677 0.0315877880486329 0.032837047792394 0.0210375521565791 0.0227195825289766 0.0370350911922535 0.0395169044488904 0.0224274830634614 0.0242110979088855 0.0203310142312838 0.0166123518469038 0.0147717152069896 0.00398985759448184 0.014965485352177 0.0111667063222895 0.0122260274378806
