0 0.530366553788902 0.655685148916576 0.43207518490993 0.723593680533511 0.571473107512765 0.739590089201505 0.863109840391263 0.622117822727996 0.711630931605189 0.707613393921482 0.710594130743859 0.181194938610601 0.590069246003259 0.59490492124028 0.715571328334653 0.367686032465689 0.641981256019095
0.530366553788902 0 0.67456604876797 0.55226047652966 0.571549615887331 0.621255877454048 0.612389077732157 0.678277624045852 0.700609912751083 0.581851530100212 0.511355687861361 0.536331755883011 0.22970426690315 0.348074833413568 0.492935800728844 0.539898734261114 0.282787260437463 0.343840523611821
0.655685148916576 0.67456604876797 0 0.756311487768627 0.776154349121371 0.54340427216542 0.737302913572595 0.799674368499292 0.702982581983538 0.761404528532922 0.44467642779067 0.673546052240231 0.0909105086618891 0.333980792994323 0.532838684250362 0.626868959816706 0.38556112029513 0.463296374484596
0.43207518490993 0.55226047652966 0.756311487768627 0 0.605225412294349 0.380509774268696 0.607002583930282 0.565179407954189 0.550669750090299 0.626377211271594 0.398925825291453 0.537656284906781 0.0315973693230972 0.284109918352973 0.376285694829262 0.489411304485922 0.275923915575421 0.319661725195226
0.723593680533511 0.571549615887331 0.776154349121371 0.605225412294349 0 0.441490494525345 0.598639670973531 0.814086119334951 0.634896543857756 0.73749314706506 0.63208254198029 0.715182721624161 0.322274039781715 0.518035897281627 0.531562160137937 0.606604703367555 0.344111083364099 0.506016742690415
0.571473107512765 0.621255877454048 0.54340427216542 0.380509774268696 0.441490494525345 0 0.541826515787181 0.750404983209707 0.694560239467312 0.411584798123827 0.514015358316852 0.6023184741903 0.0814190468400263 0.488457832247343 0.361818756343006 0.611785743624102 0.400752664346125 0.503974810923384
0.739590089201505 0.612389077732157 0.737302913572595 0.607002583930282 0.598639670973531 0.541826515787181 0 0.823905878307161 0.619124334188691 0.790707575865377 0.570343376085668 0.64348256469363 0.0269792203486968 0.406587080756906 0.529023612771574 0.709688077538014 0.458258762439468 0.506287852374239
0.863109840391263 0.678277624045852 0.799674368499292 0.565179407954189 0.814086119334951 0.750404983209707 0.823905878307161 0 0.743911052085703 0.840529685094406 0.723877431166659 0.82044480620526 0.114113638163061 0.568947648828498 0.646325796264127 0.805025120314982 0.564525808929061 0.594737023767649
0.622117822727996 0.700609912751083 0.702982581983538 0.550669750090299 0.634896543857756 0.694560239467312 0.619124334188691 0.743911052085703 0 0.680289644267907 0.542085802621671 0.613218919098867 0.04227756518378 0.386416190232327 0.533838431275292 0.610068467414299 0.369431447454405 0.363911204201393
0.711630931605189 0.581851530100212 0.761404528532922 0.626377211271594 0.73749314706506 0.411584798123827 0.790707575865377 0.840529685094406 0.680289644267907 0 0.542422037499978 0.604279925976229 0.0659329091297623 0.417296808409758 0.540301674685854 0.617970734667431 0.404323703714336 0.451497250657225
0.707613393921482 0.511355687861361 0.44467642779067 0.398925825291453 0.63208254198029 0.514015358316852 0.570343376085668 0.723877431166659 0.542085802621671 0.542422037499978 0 0.707197037714656 0.423650791812967 0.507911975585874 0.53115621278298 0.597308225560522 0.469378883906742 0.496839919039558
0.710594130743859 0.536331755883011 0.673546052240231 0.537656284906781 0.715182721624161 0.6023184741903 0.64348256469363 0.82044480620526 0.613218919098867 0.604279925976229 0.707197037714656 0 0.159759597156742 0.594206038411146 0.535695749434022 0.785543095608167 0.43953603828594 0.650250597699608
0.181194938610601 0.22970426690315 0.0909105086618891 0.0315973693230972 0.322274039781715 0.0814190468400263 0.0269792203486968 0.114113638163061 0.04227756518378 0.0659329091297623 0.423650791812967 0.159759597156742 0 0.265725354464444 0.241231339734489 0.137537539438336 0.345429694075818 0.109258442941522
0.590069246003259 0.348074833413568 0.333980792994323 0.284109918352973 0.518035897281627 0.488457832247343 0.406587080756906 0.568947648828498 0.386416190232327 0.417296808409758 0.507911975585874 0.594206038411146 0.265725354464444 0 0.395376214755343 0.551813894111287 0.339403468281251 0.715965333151981
0.59490492124028 0.492935800728844 0.532838684250362 0.376285694829262 0.531562160137937 0.361818756343006 0.529023612771574 0.646325796264127 0.533838431275292 0.540301674685854 0.53115621278298 0.535695749434022 0.241231339734489 0.395376214755343 0 0.64188851909096 0.48718148606982 0.412534188366275
0.715571328334653 0.539898734261114 0.626868959816706 0.489411304485922 0.606604703367555 0.611785743624102 0.709688077538014 0.805025120314982 0.610068467414299 0.617970734667431 0.597308225560522 0.785543095608167 0.137537539438336 0.551813894111287 0.64188851909096 0 0.6005955917616 0.609852492084174
0.367686032465689 0.282787260437463 0.38556112029513 0.275923915575421 0.344111083364099 0.400752664346125 0.458258762439468 0.564525808929061 0.369431447454405 0.404323703714336 0.469378883906742 0.43953603828594 0.345429694075818 0.339403468281251 0.48718148606982 0.6005955917616 0 0.375921157996841
0.641981256019095 0.343840523611821 0.463296374484596 0.319661725195226 0.506016742690415 0.503974810923384 0.506287852374239 0.594737023767649 0.363911204201393 0.451497250657225 0.496839919039558 0.650250597699608 0.109258442941522 0.715965333151981 0.412534188366275 0.609852492084174 0.375921157996841 0
