0 0.0453642331695994 0.0231949904541749 0.026652280488256 0.009861919456273 0.0134652423742548 0.0317355179686451 0.0328290043877562 0.0173218157006313 0.0169828551882438 0.0514248152289351 0.0376766713518301 0.0380169598110134 0.03863561549184 0.0200630748284458 0.0213818340591466 0.0436582314738196 0.0544680442509688 0.0265527790253906 0.0229044328572712 0.0113367609611683 0.0135348755729428 0.0160028987866425 0.0163094824251407 0.0192266972914239 0.0111235942101983 0.0202804529501258 0.0335871766573764 0.0114460763668826 0.0157142977373494 0.0310821823438619 0.0221621699207498 0.0322562640305587 0.0294130972195212 0.0262217257454503 0.0112963030313826 0.0219226497822804 0.0123232612894879 0.0200279886700301 0.00833949011013632 0.0535272933991772 0.0425459985829842 0.068906066462906 0.0714478437767344 0.0575626811904362 0.0455491720794743 0.0591010565963059 0.0614869873355418 0.0398585148477423 0.0335384835710504 0.0685753107336043 0.0686189842882685 0.061906779534664 0.0716024715208895 0.0502652792287751 0.0433129520929559 0.0528386419216375 0.0543368332532989 0.0298579698411531 0.0443486838991906 0.0408475833827018 0.0409176898647661 0.0407486553150101 0.0436721128830741 0.00777499531522408 0.00022875843614835 -0.00194250174119895 0.00232590246685351 0.00143352543878155 -0.000187616505112972 -0.0075220317391047 0.00837084918430727 0.0333479499180124 0.0511944754885229 0.0492332062115824 0.0459233960737775 0.0202812450079906 0.0289090519801959 0.0379854012521531 0.0525304630565025 0.0237426555491623 0.030225221646483 0.00107580869528125 0.00442244289859655 0.0213995455163675 0.0119268728011385 0.00698506384823977 0.0120657159222508 0.0124674813755836
0.0453642331695994 0 0.0200578347457867 0.0208642120116149 0.00623384863925103 0.00573687261066472 0.0230793108901093 0.022113358066598 0.0120937594081742 0.0102331053159017 0.0470684887136961 0.0333541975675065 0.0334369490107747 0.0315766426893936 0.0165002709455474 0.0182540259443236 0.0411870754467166 0.0532397659709955 0.025132816504225 0.0274165754974168 0.0112706265560586 0.010568963244285 0.0109450713981439 0.0136415793334831 0.0173085597932026 0.00897063047630751 0.0188196860035823 0.0303804493778308 0.00562697510663931 0.00855050090589612 0.0196310480910149 0.0165828696209591 0.0115820271668664 0.00363543293076111 0.0174014543776928 0.00934698583866376 0.0149265383339474 0.011148195633456 0.0220539219058088 0.013560574505345 0.0369697479576707 0.0292029114392223 0.0556723470982605 0.0579658773049645 0.0476499069984937 0.0376838575345409 0.0461789716998321 0.0486842830660211 0.0330972184636205 0.0324822478161489 0.065824438571402 0.0704615446901481 0.0460482604805213 0.0575729347803567 0.0341860976373492 0.0308453193105034 0.0445269880351238 0.045819895361663 0.0187843570696462 0.024316997918852 0.0227028445414237 0.0225216694614889 0.0421827192518854 0.048615448133959 0.00536845052027409 -0.00184551486178905 -0.000325220538271834 0.00487551077283553 -0.00411943972982737 0.00302824933099912 -0.00750286112386858 0.00210263610206344 0.0343615167532362 0.0381083658012757 0.0459763505066644 0.0442309608698696 0.0213455927637674 0.0288793488376129 0.0348944349514842 0.0441989626676738 0.0206229281417544 0.0231747649187002 -0.00999808867261859 -0.00715603260029255 0.0131280182995267 0.00599968421617396 -0.00361696133937693 0.00238099317488254 0.00860777465544292
0.0231949904541749 0.0200578347457867 0 0.019261316235202 0.00970967881821456 0.00624849962526386 0.0224054263364751 0.0182944861165251 0.0120012504918844 0.00863121440701208 0.0209409261933748 0.0160669899000304 0.0196952919402044 0.0178640932749558 0.0154435315506573 0.0160908592223565 0.0224525600012172 0.025591074499365 0.01423778547511 0.0101544058973211 0.00981957906518344 0.0120972204878392 0.0170382425335356 0.01383017307033 0.0131188293520796 0.00884310952843112 0.00936414882708268 0.013450913661529 0.00961652815129128 0.012331745441204 0.0192120705108869 0.0152485392133443 0.0349136329148183 0.0230418645458754 0.0137853720136925 0.00843622931031545 0.0133254813975692 0.00819719481762715 0.0127645013955843 0.00528138624677417 0.0310907836184601 0.0264227244448938 0.0373418002501779 0.0340625950861219 0.0287604532005411 0.0242468313337281 0.0364388187921864 0.0356511972967303 0.0210170866703785 0.0172823356755349 0.0329754150972704 0.0331915228457889 0.0304176227717073 0.0345774779258189 0.0262170509744268 0.0189530248012657 0.0259212396884001 0.0214448852213411 0.036604944006568 0.032447625405941 0.027756877122222 0.0245864674849737 0.0198620449799371 0.0223669671562436 0.00909701456756751 0.00390091904689912 0.00483987275099587 0.00556360913810268 0.00265170949779856 0.00107214393320445 -1.05352004291163e-05 0.00598145635896782 0.0170735601915557 0.0253279436553021 0.0254669755629449 0.0225431160277469 0.0138510128735662 0.0159162514885913 0.0283160786471128 0.0296196673212357 0.0166080638028612 0.0166352968212489 0.010375887146398 0.012196160667115 0.0127892286137537 0.00985254903828243 0.0074973372960617 0.00899909576226257 0.00852623461243896
0.026652280488256 0.0208642120116149 0.019261316235202 0 0.0110244185143936 0.0141643539954534 0.0278138433903941 0.0316096886920997 0.016277503377636 0.0167726418645999 0.0261713688586367 0.022760685181425 0.02450723349132 0.0268664724974661 0.0194326107920194 0.0249646172188803 0.024438455259505 0.0298195196784859 0.0145956686500661 0.0082202228091595 0.0103410985654063 0.014793104679303 0.0183975928991155 0.0178070465919121 0.0123159519184315 0.0104906193927191 0.0120515246368946 0.0188895820190177 0.0119745766368786 0.0172794746671973 0.0248916907704431 0.0181150535918796 0.0405101385283092 0.0376987080063108 0.0178361581174474 0.00884139270967435 0.0166600614173149 0.00730240465271815 0.0143375735067245 0.00538251134444415 0.0360159037612111 0.0315084449295459 0.041405839526243 0.0405120948644854 0.0335325125587106 0.0280122188855489 0.0410932043157336 0.0403107769315048 0.0246868231730768 0.0180397142181808 0.0374179398016024 0.035779145150103 0.0362348124857304 0.0401355635517571 0.0327506361422678 0.0310686371502639 0.0294674486543927 0.0282265163326456 0.0365616557760827 0.0460132209519464 0.0351378152215502 0.0343715292264177 0.0212160288001992 0.0211035787899133 0.0123561161098484 0.00537967247785638 0.00458380471882464 0.00632035252959528 0.0062814006707864 0.000889349843724418 -0.000988845341101566 0.0107248272641215 0.0180390454643527 0.0330164535594573 0.0284579469673025 0.0270009317946 0.0138402597225318 0.0168880229286258 0.0281499931538041 0.03825631590765 0.0185151128980296 0.0218898338616182 0.0215700469148198 0.0190272719134564 0.0192119541490109 0.0135825899090486 0.0122079634484077 0.0143502425564816 0.0112122377977599
0.009861919456273 0.00623384863925103 0.00970967881821456 0.0110244185143936 0 0.0141452402277081 0.0149560032129554 0.0151608287533976 0.0170421099526325 0.015895833451085 0.00862399156134963 0.00689007235002493 0.012128096985751 0.0106028457019478 0.0100060227167035 0.010269389835436 0.010635432072976 0.0119947002836192 0.0058781113538446 -0.000374831399853002 0.00407446487187054 0.00691032700458374 0.0125559611676232 0.00871265603320319 0.0107217470114451 0.00648565603817464 0.00366478458799118 0.00845240749748816 0.00670672816323012 0.00954635122133588 0.0161702767302685 0.0087880283785814 0.0280532882736717 0.0251891255844938 0.0108459652798238 0.00386464569946745 0.00940331446211935 0.00386073660105116 0.00627791960007096 0.00302823404816248 0.0183255949442355 0.0156095721776877 0.0169339603760245 0.0187602191499472 0.0137779596412176 0.0114654569912273 0.0173395924498775 0.0173968969664311 0.0105652094537403 0.00424257690661919 0.0139568575199739 0.0122467279848513 0.016502469020521 0.0176323946948956 0.0170777612903365 0.0176680694654408 0.0120904316813844 0.0121317492925889 0.0233973440086695 0.0232330429398242 0.0206144418458609 0.0189604833010994 0.00712592317306197 0.00703145441138639 0.00481741051006615 0.00675154634917099 0.00255434749961894 0.00434835947526269 0.00535349711857661 0.000415968521739441 0.00131637937111363 0.00572201821752594 0.00250848375357751 0.0204235055752436 0.0125034567895052 0.0104427623359982 0.0053987199308324 0.00549546481269396 0.0138248801805082 0.0161067671225372 0.00869412979803274 0.0102416011236234 0.0195457703979409 0.0215472427712708 0.0145792421733367 0.0113975660056655 0.0125872963656327 0.0122554890911378 0.00749849156540902
0.0134652423742548 0.00573687261066472 0.00624849962526386 0.0141643539954534 0.0141452402277081 0 0.0169950270171517 0.0254270112193073 0.0210132800194718 0.0261001629987776 0.0136725976933817 0.0112580676655378 0.015200262170551 0.0170388140807643 0.00926702215008013 0.0111797510874278 0.0135060355770515 0.0157246932517562 0.00517340765378575 -0.0027851100140476 0.00135752283347939 0.00714054415241718 0.0109951618630086 0.00804634769094107 0.0110550466525206 0.0076241534106149 0.0066617257612209 0.0150742263354323 0.00940827102179261 0.0154580265317875 0.0230101518588427 0.0111999390899165 0.0354239689890265 0.043819917675672 0.017932091394521 0.00401065730033822 0.0149712871631483 0.0036727513220394 0.00418798111809989 0.000953309064304447 0.0321674807370313 0.0256842771686741 0.0304552537411235 0.0319847383154293 0.0241674132984552 0.0190268936033383 0.0268835501613749 0.0295514642537846 0.0171671309382662 0.00617465248259434 0.0168875072898532 0.0115767098029182 0.0270186532718453 0.0266726687440336 0.023859720742558 0.0283507679429338 0.0147543156913794 0.0210788194674435 0.016751051176637 0.033303741842544 0.030646846378516 0.031404821260515 0.00613816797421314 0.00338426292665314 0.00771891314861337 0.0105399208653607 0.000183361355481903 0.00435606395919835 0.0145512999560365 0.00181852557612881 0.000904111469418466 0.0101746560944997 0.00221957337993702 0.0315842318279213 0.0143774357006731 0.0123989372587586 0.00439174154432296 0.00633069383341559 0.010636912931955 0.0232287316276073 0.00908262094535425 0.0174775542183194 0.0272805085939504 0.0259943371367443 0.0230112325270107 0.0152482618923619 0.0214624142936918 0.0190128402040388 0.0107262954927333
0.0317355179686451 0.0230793108901093 0.0224054263364751 0.0278138433903941 0.0149560032129554 0.0169950270171517 0 0.0344538781855721 0.0220470529725471 0.0203932742868872 0.0311337707691937 0.0246734601404311 0.0301415784022174 0.0306954124397401 0.0225558966551072 0.0239436631084488 0.0309299806084273 0.0350302785464799 0.0179534874100878 0.00902771768438956 0.0107656568356898 0.0149238031563346 0.0225667718941081 0.0177737567037141 0.0153351987000851 0.0108724127867571 0.0155498697696328 0.0236611612553414 0.014730695028386 0.019446977141574 0.0307852487713957 0.0211180908349963 0.0475493015265647 0.043395417340767 0.021402325449279 0.00989302777029934 0.0188197422643754 0.0082093839456513 0.0121530256336552 0.00633511544753854 0.0445807712270463 0.0365493903628684 0.0489628844175006 0.0481891109548308 0.0393109427271887 0.0322341059609672 0.0466319670079371 0.0460029960743621 0.0283978635252922 0.0187357597372062 0.0431534987061574 0.0393148550738667 0.0434963665516283 0.0478524489833473 0.0423662586271714 0.0398729370416596 0.0366837349758166 0.0369954828417373 0.0442839350615363 0.0501591778304193 0.042461499004264 0.040573177924715 0.0233116883843825 0.0233536734134455 0.01384035279421 0.00809670187751716 0.00537782512576861 0.0075957473735331 0.0097981597399101 0.00217867242606372 0.00157086294844653 0.0132323438471176 0.0214560303741601 0.0427481335605086 0.0321536451936332 0.0274115020522693 0.0146722807481618 0.0166460688520992 0.0308682923791844 0.0390391091450232 0.021467444123433 0.0232488223222016 0.0239256446566517 0.0245109454347658 0.0239438283317732 0.0175882377885283 0.0164022505683617 0.01852277471841 0.0129205888219981
0.0328290043877562 0.022113358066598 0.0182944861165251 0.0316096886920997 0.0151608287533976 0.0254270112193073 0.0344538781855721 0 0.0255478825125274 0.0288038219481508 0.0332492759918845 0.0316306077358696 0.0311718487498811 0.0392521042488286 0.0220327533961253 0.0267542959568128 0.0292880276777437 0.0356327979867395 0.0164044781080843 0.00740986012114676 0.0081532334947375 0.0153488771681569 0.0188571626174242 0.0189016832911419 0.0140181849982983 0.0115812329147776 0.0159752846187441 0.0272396936556487 0.0146341944390945 0.0224708922305308 0.0320066024757347 0.0228500774004402 0.0480819726909424 0.0532207152542203 0.0246144560208954 0.00908873257550659 0.0215870663668845 0.0081483803303649 0.0105396498586803 0.0041030614918868 0.0515829672040491 0.0435350531691531 0.0537289286626953 0.0555441842002295 0.0449478836514305 0.037939945756236 0.0535469753294044 0.0555812058141775 0.0319045158865987 0.0207510950438248 0.0432362830528338 0.0387618794755546 0.0517637710509783 0.0544672655511932 0.0476024497402028 0.0531616066525627 0.0371779918655996 0.0428238233382056 0.0380388644698408 0.0626231357028976 0.0470616070413007 0.0488115702111614 0.0223797211780674 0.0219889652079394 0.0143660882970166 0.00934069170683704 0.00257221789064849 0.00674961845115096 0.0147964116813818 0.00160468047105529 -0.000182147423756067 0.0148344123160163 0.0196890908675155 0.0480575845752211 0.0334651919185564 0.0302133676085026 0.0143190600300951 0.018528606524454 0.0303095677910941 0.047448507017518 0.0218412746950345 0.0286548165004788 0.0295002159354695 0.0251541530524856 0.0283661749166336 0.0194352625499888 0.0221238110068222 0.0221198651018325 0.0157425452028291
0.0173218157006313 0.0120937594081742 0.0120012504918844 0.016277503377636 0.0170421099526325 0.0210132800194718 0.0220470529725471 0.0255478825125274 0 0.0238424534217094 0.0174067906230861 0.0150580058091958 0.0196387673126695 0.0194210360094072 0.0144537180007568 0.0150289335927208 0.0175556829634272 0.0204296804064303 0.0101056480776777 0.00163730980667794 0.00312274761527281 0.0091944059604502 0.01520115628094 0.0111085793687246 0.0124759554618772 0.00827718074730632 0.00792469447395507 0.0158111741828509 0.00911641302468624 0.0138512880942992 0.0214655660094563 0.0123260685998377 0.0316250033639089 0.0329374643542829 0.0149913215810697 0.00445124332074377 0.0138047991018208 0.00539203588532369 0.00719956343459512 0.00450881209244373 0.0251181382382182 0.0212682440029575 0.0227565651558537 0.0255097478419929 0.0199865139495912 0.0171518395710224 0.0238648986550627 0.0238078611374477 0.016681281914628 0.00744899771679989 0.023665168875601 0.0208018380065594 0.0255977162990699 0.0272403171490228 0.0267060336760378 0.0311066208702825 0.019575588211307 0.0208935088661969 0.0271864912993017 0.0322243952341807 0.0270373675663777 0.0259089320166815 0.0119607978251675 0.00982220349751986 0.00713324468732494 0.00802160533367771 0.00317063852793096 0.00541036615436343 0.0113980673309871 0.000630789389816951 0.000821650469735737 0.00710419948414474 0.00689967339848465 0.0312251231513426 0.0199445541952106 0.016526718209991 0.00774564342080135 0.00866626580951691 0.0177882155609179 0.0229818839437354 0.0119693242233967 0.0147586033349409 0.0242563632226006 0.0239996792277473 0.0200960097529638 0.0145270685476474 0.0157054912586 0.0152234341420025 0.0095511114152114
0.0169828551882438 0.0102331053159017 0.00863121440701208 0.0167726418645999 0.015895833451085 0.0261001629987776 0.0203932742868872 0.0288038219481508 0.0238424534217094 0 0.0175555839668959 0.0163751756726092 0.0183874085055747 0.0230138319099375 0.012773236036974 0.0166490871157797 0.0177462826642722 0.0214897373239205 0.008094681672633 -0.00020720133212954 0.00268885429179612 0.00954185729258796 0.0136201651588798 0.0113490761275767 0.011978014836895 0.00861281468738917 0.0083710079465439 0.0182249531542742 0.0100526178533243 0.0164621494883683 0.0243083824443106 0.013980841099843 0.0364065055490988 0.0427981347475952 0.0190039158582653 0.00510646793296403 0.0155656276161785 0.00536594643325061 0.00512275050662103 0.00208370154560402 0.0344837345957027 0.0284673885322905 0.0328037437917479 0.0355755207695832 0.0257307296516393 0.0222548542713172 0.0304639153034133 0.0331863455179702 0.0184261930062158 0.00824488307709764 0.0236092502209678 0.0193876517047182 0.0304017877966757 0.0323214256968012 0.0260778719473335 0.0335967109992454 0.018605741050657 0.0242954170891925 0.021241025738876 0.0351461571153752 0.0313069288136832 0.0322480847732847 0.0107830983915879 0.00821419111955638 0.00783856935915147 0.00985636037832118 0.000999838602488929 0.00390596312390241 0.0120767929940143 7.03937777011719e-05 -0.000490712162069673 0.0101897451285277 0.00614313363174723 0.0354856990522277 0.0199603483723484 0.0169311034743509 0.00684357137581544 0.0086513273720288 0.0147387192877557 0.0265032601392246 0.0113380018429645 0.019347977474985 0.0277260528134022 0.0253664019821701 0.023916579297999 0.0160988849273468 0.0214158863181511 0.0191448984600936 0.011964768901929
0.0514248152289351 0.0470684887136961 0.0209409261933748 0.0261713688586367 0.00862399156134963 0.0136725976933817 0.0311337707691937 0.0332492759918845 0.0174067906230861 0.0175555839668959 0 0.0441447112869002 0.044345356620423 0.0464415277738896 0.0224225891064199 0.0250250729602999 0.0453210629426307 0.0590957374620471 0.0278072841665638 0.023582067031314 0.00864441503819999 0.0126983727035722 0.0138665290236452 0.0160522752941652 0.0192214960231686 0.0112600348884758 0.0230586546153922 0.0382349848976655 0.0089886277437799 0.0148234797970323 0.0297594459297984 0.0211844195872965 0.0234695001757946 0.0262675830731405 0.0235342354436068 0.00991139910944606 0.0209971265025874 0.0118359506880657 0.0186415529601878 0.00954200680889986 0.0456624400823812 0.0380883832811666 0.0601534716713119 0.0659596779202866 0.0530428050811943 0.0429164283840477 0.0546091503704035 0.0554621634405612 0.0385895791593429 0.0325939520120384 0.0686790786070844 0.0703510975527911 0.0605858435435497 0.0704522509104819 0.0535176187326634 0.0468289620368039 0.0599732706789842 0.0615161813005771 0.0280368928987098 0.0457986115294418 0.0354121530769794 0.0381626750641438 0.0415562225870032 0.0392331885891724 0.00463191319122177 -0.00281559092742503 -0.00293602891941468 0.00171295018139865 -0.00138249180896392 0.000470349324125747 -0.00986526085851725 0.00446497102487994 0.0339136107005577 0.0500742174824729 0.0498512292330162 0.0486071951988782 0.0202026376278956 0.0300112239096896 0.0379877552054936 0.0542961962646657 0.0226437022684775 0.029448822686201 -0.0047402973283514 -0.00274629852136392 0.0173801876861975 0.00783131834304997 0.00174592872015063 0.00804593766931612 0.00988016065928729
0.0376766713518301 0.0333541975675065 0.0160669899000304 0.022760685181425 0.00689007235002493 0.0112580676655378 0.0246734601404311 0.0316306077358696 0.0150580058091958 0.0163751756726092 0.0441447112869002 0 0.0300470408442666 0.0415907952540245 0.0181398579504113 0.0217883908184522 0.0326492644241287 0.0431601106358038 0.0211035952047954 0.0172658138385848 0.00666385104494604 0.0120720145692914 0.0110277403842085 0.015576960476229 0.0124876434726984 0.008098601109849 0.0172059475581727 0.0293933345324324 0.00815990525847202 0.013287484815781 0.0231772899503421 0.0191064798154746 0.0223456087308252 0.0237163509243353 0.018214109511424 0.00774742954823027 0.0170361095517966 0.00841999042277309 0.0123115141952566 0.00392998576125717 0.0338964374775258 0.0276781405683683 0.039587013642667 0.0431483443287164 0.0355574895001814 0.0291298146085292 0.0400159023446358 0.0387455771513215 0.0271511373647301 0.0216606261041783 0.0483144228560503 0.0485238170529691 0.044922131441668 0.052804820983849 0.0418013875030756 0.0446255914157831 0.0469012498585119 0.0506188659191284 0.0204811369864915 0.0421649433056905 0.0291311533529575 0.0316466769661624 0.0296261527889326 0.0268365133588952 0.00487950483393728 -0.00124063140403667 -0.000246692255255185 0.00206309778692735 0.00216785595304214 -0.000204383302456009 -0.00664848772404891 0.00457113205715986 0.0239685035672394 0.0406261294994779 0.0363118012647398 0.0352108365971911 0.0156189290536623 0.0209933585272725 0.0275199133013717 0.0432391623139484 0.0164364721099732 0.0217704744516385 0.00362334916924287 0.00165045062545922 0.016341972196116 0.00836370359420404 0.00702827796081351 0.00957599693247712 0.00983495519188285
0.0380169598110134 0.0334369490107747 0.0196952919402044 0.02450723349132 0.012128096985751 0.015200262170551 0.0301415784022174 0.0311718487498811 0.0196387673126695 0.0183874085055747 0.044345356620423 0.0300470408442666 0 0.0381079430882117 0.0253970623421815 0.029278716101684 0.0359001725732155 0.0441938744359326 0.0225894899618222 0.0161308955786866 0.00974193206524767 0.0134545968661622 0.0199564582796269 0.0183054907948204 0.0176993742197366 0.0112334087465687 0.0184813042378035 0.0303183334049295 0.0101231732572642 0.0161628270233292 0.0284280447112085 0.0183006972387928 0.0310646690152944 0.0325134569545043 0.0189079495601899 0.00845198194621984 0.0178521620720338 0.010079327904562 0.0159090462039709 0.0100201204224003 0.0424440485678594 0.036220544000147 0.0494425769700916 0.0537829423523102 0.0444805362266691 0.0365461799286207 0.045049179012046 0.0461323855555242 0.0308925415891649 0.0244333923484345 0.0510139799140223 0.051612369194358 0.0466077504472525 0.0528543940752141 0.0443789139317614 0.0391037763207006 0.0440341759900191 0.0429105354592754 0.0395301167020992 0.0444561301804135 0.0335996157144304 0.0350100437327028 0.0297686526134756 0.0279724738387571 0.00859448748914091 0.00154042431383892 -0.00120617194149455 0.00366558036109648 0.00388875843990615 2.79968741463997e-05 -0.00366052069155798 0.00785749719515116 0.0276313060172042 0.0449243046198057 0.0392026346267938 0.037761079216077 0.0177274602445077 0.023506654407987 0.0355837660068114 0.0446109387996117 0.0214223288618191 0.024534837508772 0.00702125876089552 0.00828995713387601 0.0174634594716107 0.0103450152845009 0.00582135322597208 0.0099078146372238 0.0101186221568428
0.03863561549184 0.0315766426893936 0.0178640932749558 0.0268664724974661 0.0106028457019478 0.0170388140807643 0.0306954124397401 0.0392521042488286 0.0194210360094072 0.0230138319099375 0.0464415277738896 0.0415907952540245 0.0381079430882117 0 0.0261282463073972 0.0328522041494877 0.0370971349272051 0.0478139822924185 0.0221945284387087 0.0160884854172855 0.00943694220309797 0.0147787532561166 0.0176289016588631 0.0207600288066323 0.0148340892592918 0.0107460091663348 0.0209825844213037 0.0347768098773032 0.011997053160556 0.0184883537486385 0.030330993847069 0.023765426602125 0.0345800520428515 0.038674769338471 0.0216231637880727 0.00939626928887294 0.0208972740696357 0.00935512182517304 0.0127447843911658 0.00496700479103698 0.0459740466295419 0.0388048867127776 0.0508538966811465 0.0561391747074967 0.0454758428825643 0.0389062487745883 0.0521086146708414 0.0529205757069352 0.0321806424974283 0.0248792609040261 0.0513577964747099 0.0511899432312993 0.0535932789126087 0.0598560642086873 0.0497673982035931 0.0518216620928667 0.0506988605531187 0.0536482330290425 0.0319150415009352 0.0523517161891331 0.0373538411731807 0.0416434843095634 0.0296243864076442 0.026835984066209 0.00825167457686698 0.00125792293563832 -0.00104701899244269 0.0027439845602885 0.00548022148396051 -0.000855531698283293 -0.00502974430898608 0.0094408322865942 0.0292557932433146 0.0509263027134831 0.0407365698080196 0.0387192782415147 0.0179660461161027 0.0225692196484186 0.0324817517109031 0.0487757167899086 0.0211549611238966 0.0271020005913961 0.00940926091265215 0.00643904684404434 0.0199037314472835 0.0117644315181396 0.0112213623287061 0.0137121826022589 0.012457085892876
0.0200630748284458 0.0165002709455474 0.0154435315506573 0.0194326107920194 0.0100060227167035 0.00926702215008013 0.0225558966551072 0.0220327533961253 0.0144537180007568 0.012773236036974 0.0224225891064199 0.0181398579504113 0.0253970623421815 0.0261282463073972 0 0.0274306242958289 0.02082942580385 0.0248924372239855 0.013816603053927 0.00809508727683903 0.010948824154861 0.0127067142928274 0.0191117620110085 0.0161703571792142 0.0109864846385094 0.0080661527143286 0.0116354838319747 0.0172945019023274 0.00930839696260479 0.0129892172107843 0.0195899480901176 0.0138627640772164 0.0311503762662931 0.0272474968778327 0.0109320846865881 0.00658506864449699 0.0119139661828556 0.00680187614427811 0.00997973628086942 0.00672819606989674 0.0244802653856452 0.0213149214541276 0.0262550631534384 0.026641534271059 0.0229786406380002 0.019633398040655 0.0262909526259183 0.0257570585807818 0.0171235283185988 0.0125274324018322 0.0274299800992272 0.0275652855844321 0.0244961839194405 0.0270676003050223 0.0266748762938784 0.0229544638933659 0.0263323049651096 0.0215580905581153 0.0380544922814986 0.0316715461118507 0.0236282620031913 0.023160797656173 0.0154808044546508 0.014584556503697 0.00902790775125458 0.00307536311946586 0.00371120532471872 0.0054824387703824 0.00359121847232815 0.000731874313817937 0.00179723474716291 0.00807970569396543 0.0168233176483025 0.0288272849777153 0.0238634335212413 0.0212379618860755 0.0133757860047736 0.0127277381934838 0.0262653088277964 0.0268471300391932 0.0159420595756655 0.0141187268084387 0.0128930144097122 0.0130456894269833 0.0118479450833722 0.00911607742565007 0.00718458075650684 0.00853726345368791 0.00799086085430878
0.0213818340591466 0.0182540259443236 0.0160908592223565 0.0249646172188803 0.010269389835436 0.0111797510874278 0.0239436631084488 0.0267542959568128 0.0150289335927208 0.0166490871157797 0.0250250729602999 0.0217883908184522 0.029278716101684 0.0328522041494877 0.0274306242958289 0 0.0225230873055686 0.0294483971523649 0.0147502772300621 0.00924265443782019 0.0140608163157285 0.0165077522323566 0.0215031068792645 0.0236526963461995 0.0120145080779835 0.0117803678730262 0.0136954961991884 0.0205372287651125 0.0108956712539861 0.0169917168200465 0.0212986037435216 0.0149002850904994 0.0337460007623746 0.0326344223676601 0.0101022990900815 0.00728381255538308 0.0129676764461101 0.00734347468989695 0.0115544028453486 0.00702232069116239 0.0270184148821805 0.0243048232606252 0.0280148910970811 0.0293073506172652 0.0257407620828318 0.0224310512847812 0.0304765131203103 0.0286997731054573 0.0172004670526774 0.0144465514813853 0.0307353278483904 0.0311858721368639 0.0264231155812302 0.0276280465072387 0.027052754156019 0.0256715364784154 0.0245167771548185 0.0201700461750556 0.04241674347882 0.042131558636283 0.0242115377150228 0.0252111937735055 0.0174862950112628 0.0142396031701732 0.00948948803152863 0.00252426850835427 0.00186481389176543 0.00568242265159239 0.00366361929648139 0.000111352090053862 0.000405032428366829 0.00944056467721484 0.0212480796263521 0.0339040936177294 0.0256244298821544 0.0262570417685808 0.0141193025576803 0.0142244440080075 0.0275934936654888 0.0340273838373484 0.0165016652555733 0.0168324801373903 0.0174538205275898 0.0132709689660919 0.0118157679447635 0.00966761985015425 0.00669764867690073 0.00863942050458497 0.00939303326023781
0.0436582314738196 0.0411870754467166 0.0224525600012172 0.024438455259505 0.010635432072976 0.0135060355770515 0.0309299806084273 0.0292880276777437 0.0175556829634272 0.0177462826642722 0.0453210629426307 0.0326492644241287 0.0359001725732155 0.0370971349272051 0.02082942580385 0.0225230873055686 0 0.0563147101744223 0.0254321129337706 0.0216095567912399 0.0129228988393476 0.0147224087063969 0.0201628500410457 0.0168008097076228 0.0188157813894928 0.010197128669705 0.022676085185154 0.0354021266214072 0.0131223275826647 0.0169011226724258 0.0335120252076384 0.0240665912983848 0.0361320557619196 0.0328319824115765 0.0257190736999821 0.0117533671652037 0.0206880081003523 0.0109211935944872 0.0169611145329215 0.00970296522599783 0.0518156571589949 0.0414976999759354 0.0636871461525672 0.064309927248834 0.052368241014151 0.04113167325364 0.053931893763867 0.0558292218589593 0.0359285762040376 0.0281922365520511 0.0643856304362882 0.0636262255877049 0.0534694682856693 0.0628565119571415 0.0452285816805915 0.0397164453169377 0.0543917927794254 0.05402954446838 0.0341343662011608 0.037665451968167 0.0397280717757054 0.0399444587879922 0.0376950748229616 0.0382644858523178 0.0119311745253126 0.00406700592978892 0.00304483888665722 0.00694159876535972 0.004114151831849 0.00211274006500574 -0.00135331843938384 0.0110533391243757 0.0414474050375977 0.0583368107326167 0.0482421128839753 0.0430916519054389 0.0209966399074577 0.0256998364602153 0.0359852351956487 0.0457495461285411 0.0217778536918899 0.0264379416791437 0.00591307888798436 0.00869640991349137 0.0231562604041319 0.0138494429522783 0.009662903736575 0.0141532191346788 0.0136024324354507
0.0544680442509688 0.0532397659709955 0.025591074499365 0.0298195196784859 0.0119947002836192 0.0157246932517562 0.0350302785464799 0.0356327979867395 0.0204296804064303 0.0214897373239205 0.0590957374620471 0.0431601106358038 0.0441938744359326 0.0478139822924185 0.0248924372239855 0.0294483971523649 0.0563147101744223 0 0.0299555974576399 0.0269753154767049 0.0144408958821653 0.017595137553518 0.0219116252650257 0.0205816349233334 0.0228729554197197 0.0131575984818219 0.0257900984323865 0.0440421123935779 0.0142021030502865 0.0204782626092482 0.0386380629232805 0.0276590331619492 0.0406645071594957 0.0404625151380875 0.0316609032197261 0.0140915305133461 0.0264980531158723 0.0141238053686245 0.0223135295103737 0.010387644175789 0.0615998016370966 0.0492876591110022 0.0788963720928381 0.0815784786786932 0.064554882103112 0.052441692366001 0.0650900366205244 0.0678667601837609 0.0449469366802963 0.0365461910473128 0.0794289630669475 0.0802359421225958 0.0657199979544551 0.0791447366829195 0.0542702622363828 0.0484008959057695 0.0620520701420384 0.0632952903846294 0.039482869760627 0.0480300725390532 0.0460106741070177 0.0480067562826884 0.0473887427795983 0.0470569019020277 0.0093128949674196 0.000785026899860836 0.00018529464561591 0.00484211502869049 0.00292413765315617 0.001013149991827 -0.00778254149450965 0.0102139709912106 0.0470882870435793 0.0699404444733401 0.0601428628761982 0.0573084512577711 0.0255150155276433 0.0334617174614614 0.044191594290746 0.0591069841792487 0.0253434452230992 0.0339465400915485 -0.00101706427709646 0.00264113983258785 0.0249758590351977 0.013021909191005 0.00829097796682617 0.0132701974716153 0.0153286869223316
0.0265527790253906 0.025132816504225 0.01423778547511 0.0145956686500661 0.0058781113538446 0.00517340765378575 0.0179534874100878 0.0164044781080843 0.0101056480776777 0.008094681672633 0.0278072841665638 0.0211035952047954 0.0225894899618222 0.0221945284387087 0.013816603053927 0.0147502772300621 0.0254321129337706 0.0299555974576399 0 0.0155350862615854 0.00653282196722344 0.007604749286014 0.012920665681727 0.0110879590526347 0.00928196906260487 0.00561273106380228 0.0126643889872875 0.0186968983484391 0.00724785078975928 0.00910401451509558 0.0171251414148397 0.0128914993730302 0.0134096468482787 0.0105161707596771 0.011837436921559 0.00559465243089993 0.0106521924549318 0.00665981774015459 0.0111588231396616 0.00660523058933865 0.0235395567134285 0.0200257134917477 0.0296651418193457 0.0317575539117087 0.0269595397357594 0.0215237153170314 0.0275728585019189 0.0269266673206545 0.0188960996205295 0.0162012582489713 0.0363220810055155 0.0367431232672695 0.0287146995849844 0.0340155126013863 0.0255605944437185 0.0226083153632871 0.0302188625722189 0.027943806544963 0.0178691774591236 0.0198013029467963 0.0175966720668926 0.0175745095600895 0.022561124610557 0.0225122848839952 0.00591720101273368 0.000111240289703323 0.00176526477078692 0.00325606285356652 -6.57632365388248e-05 0.000464516043103304 -0.00370623920676128 0.00277459985398509 0.0197855381232985 0.0265888436483996 0.0269023431538457 0.0245777572963878 0.0118353541366462 0.015389416681537 0.0206658754161952 0.0248776198629476 0.0126316422361952 0.0138278171556128 -0.00114615982267031 0.000412823511675091 0.00941870356769022 0.00531588804245208 0.00133072735866132 0.00448365567327456 0.00639101190569803
0.0229044328572712 0.0274165754974168 0.0101544058973211 0.0082202228091595 -0.000374831399853002 -0.0027851100140476 0.00902771768438956 0.00740986012114676 0.00163730980667794 -0.00020720133212954 0.023582067031314 0.0172658138385848 0.0161308955786866 0.0160884854172855 0.00809508727683903 0.00924265443782019 0.0216095567912399 0.0269753154767049 0.0155350862615854 0 0.00573042107030603 0.00479771776424749 0.00477441415162844 0.00687430970342857 0.00628672872217074 0.00314476864911852 0.0106973502136569 0.0148654822855862 0.00231861366955437 0.00261659691442852 0.00731903786725915 0.00873155265057843 -0.00273695466959305 -0.0076917261596551 0.00588712125640333 0.00410781918681075 0.00525961529230075 0.00498105459749094 0.00993609087976089 0.00774876618064688 0.0130187912029664 0.0108841689855586 0.0240898126064763 0.0249557442611671 0.0211530564068625 0.0165747065616588 0.0194160088740456 0.0207867757702715 0.0146007853517535 0.016480597853334 0.0319667154916986 0.0359565810878853 0.0205362322722685 0.0264634524009788 0.0155898480893649 0.0110482674864019 0.0230453449211697 0.0225152860690824 0.00585056392654326 0.00485705997350113 0.00489817507628864 0.00534412390072164 0.0237706797740122 0.0265954649701307 0.00185138345293646 -0.00415420528827562 0.00068014122900804 0.00186832527461453 -0.00366439593276698 0.00261694247967275 -0.00445112983342407 -0.000452257381202649 0.0198069203503659 0.015018949878285 0.0219407503231726 0.0216124731355178 0.0115447327905949 0.0148787519153753 0.0168161147957266 0.0192901206874425 0.00901868598293673 0.0093384297607004 -0.0151339111688154 -0.0135450685131727 0.00112992353276691 -0.00133668151711654 -0.00801506847363279 -0.00409366319358453 0.00224639663692353
0.0113367609611683 0.0112706265560586 0.00981957906518344 0.0103410985654063 0.00407446487187054 0.00135752283347939 0.0107656568356898 0.0081532334947375 0.00312274761527281 0.00268885429179612 0.00864441503819999 0.00666385104494604 0.00974193206524767 0.00943694220309797 0.010948824154861 0.0140608163157285 0.0129228988393476 0.0144408958821653 0.00653282196722344 0.00573042107030603 0 0.0101884869224053 0.011687217006315 0.010463236174568 0.00822435645945934 0.00564427281799679 0.00718305965783948 0.00814203141237233 0.00711929381382919 0.00849326688279608 0.0104130147221657 0.00794898533636099 0.024133560231138 0.0141016190141593 0.00813663350950487 0.00599855619896108 0.00737766948820098 0.00400478255912347 0.00720444516804442 0.00430761973463248 0.0171234619355889 0.0124176079878388 0.0208095251499266 0.0172057002443599 0.0146270309768612 0.0111165504140273 0.0185171948016879 0.0169512068292444 0.00932319926012795 0.00710031384664905 0.0184838475105935 0.0173239610982639 0.0126446628105324 0.0145358458861463 0.00725649245743957 0.00404784215185439 0.0104251741925792 0.00920739617971148 0.0225110830437739 0.0150480613345235 0.0158051175466025 0.0130140073185001 0.0104654885673556 0.0124304048604575 0.00791245025667819 0.00480035849733092 0.00526173705310232 0.00626788969146159 -0.00124324185749758 0.00227356137635519 0.00292383412395226 0.00701571318828512 0.0136378110589652 0.0177047958116408 0.0136581645633245 0.0114160015504667 0.00969859742524142 0.0065535764574166 0.0150575750732107 0.0145005674427369 0.00846974007468561 0.00729658533860313 0.00640133900411181 0.0085751613280388 0.00722220228512752 0.00597924048360376 0.00522727281781024 0.00586049722650933 0.00563566368993363
0.0135348755729428 0.010568963244285 0.0120972204878392 0.014793104679303 0.00691032700458374 0.00714054415241718 0.0149238031563346 0.0153488771681569 0.0091944059604502 0.00954185729258796 0.0126983727035722 0.0120720145692914 0.0134545968661622 0.0147787532561166 0.0127067142928274 0.0165077522323566 0.0147224087063969 0.017595137553518 0.007604749286014 0.00479771776424749 0.0101884869224053 0 0.01341130790949 0.0127988857689758 0.0092828126374394 0.00752800142655441 0.00801468341598812 0.0113695091878087 0.00893530346680471 0.0123159797223263 0.0152211181568347 0.0112736325084856 0.0317030302438951 0.027355346182777 0.0125547569780072 0.00651100851625697 0.0110455637354853 0.00584039971965279 0.00841960340602902 0.00177753532343825 0.0222959595835451 0.0187999133406848 0.0244002723828961 0.0211073855791676 0.0174507527647614 0.0147424586295877 0.0225649471790775 0.0205540014611887 0.0134332489560898 0.00839403776410517 0.0208150639616951 0.0177892338357259 0.0185618750793448 0.0199171135707647 0.0142519525937374 0.0129075469042543 0.0141271267499147 0.0129281110976518 0.0267712827329111 0.0279535418060631 0.0224162029379889 0.0203628134537096 0.0116833907950583 0.00995010974315417 0.00964123797285294 0.00500745952434171 0.00481124987676864 0.00382879212953086 0.00272101200198056 -0.000419986115544817 0.00014744553898656 0.00686538400008184 0.0140703859339818 0.0235314564682037 0.0169711899412495 0.015278808975639 0.00994944553393275 0.00872732090930651 0.0169081105940661 0.0200662290098104 0.00961859943119719 0.0112474097804304 0.0127056395932518 0.0115973791917347 0.0114489050405959 0.00793744836791414 0.00882952078061808 0.00866103984540671 0.00680312373220018
0.0160028987866425 0.0109450713981439 0.0170382425335356 0.0183975928991155 0.0125559611676232 0.0109951618630086 0.0225667718941081 0.0188571626174242 0.01520115628094 0.0136201651588798 0.0138665290236452 0.0110277403842085 0.0199564582796269 0.0176289016588631 0.0191117620110085 0.0215031068792645 0.0201628500410457 0.0219116252650257 0.012920665681727 0.00477441415162844 0.011687217006315 0.01341130790949 0 0.0169337283003173 0.0118920542022561 0.00873688976060484 0.00985494602239093 0.01413708412522 0.0133740311745199 0.0177778462767701 0.0244017988395418 0.0147807078811302 0.0439396655388248 0.0377273571033931 0.0149105164468741 0.00773237870685842 0.0127258564811944 0.0052992397894633 0.00841371331822068 0.00410909300565251 0.0309073772409058 0.0259913900884775 0.0318433614004023 0.0303785445801502 0.0234577979463798 0.0191773622389668 0.0281575117312281 0.0275073715654295 0.0163619381208212 0.00866934185098992 0.0242876739454815 0.0196972221263243 0.0220222858121618 0.0249236951528827 0.0228697426202391 0.0189204802748775 0.0206221144633959 0.0164663517484195 0.0435791671551787 0.0305043619939159 0.0296874452243808 0.0268139863608099 0.011556882040932 0.00952763222133095 0.0139177454441413 0.00873809335479634 0.0077839517502121 0.00848927252540553 0.00848249450711081 0.00248071468755387 0.00370363942160901 0.012960295821259 0.0165158683986634 0.0333390758220526 0.0208458434793639 0.0165686448244124 0.0113826508173951 0.00968604087475579 0.0226205975371955 0.0221697854076461 0.0130689907529087 0.014219805694637 0.0192592551883351 0.0217345905014184 0.0171160932897561 0.0126518871413179 0.0129993666099126 0.0128369480562004 0.00968949904468021
