0 0.705700315782818 0.753368469399638 0.474144724243096 0.539770675424341 0.530448764929795 0.423063158714016 0.842195912576702 0.560963893059433 0.42859541900588 0.331312759784774 0.432511850985055 0.335290436807951 0.502461717229835 0.31907847553576 0.452792359707093 0.320903424348511 0.488676048365226
0.705700315782818 0 0.559010135926194 0.605777501709717 0.543879756309843 0.706528564484625 0.567624207412313 0.599139778972459 0.587452393670894 0.362137151990729 0.13307719129855 0.301702588632475 0.273496249769574 0.430315233547705 0.148435124490265 0.229753717795309 0.258926717211266 0.33006243230841
0.753368469399638 0.559010135926194 0 0.652962122868274 0.606722033271886 0.329666751331824 0.195741051804535 0.797795988958561 0.687504947385211 0.468038750213144 0.349738335859099 0.449561124018025 0.481744666537791 0.487770360714055 0.29244873453842 0.537015227016865 0.209976990670552 0.315728078234544
0.474144724243096 0.605777501709717 0.652962122868274 0 0.547571098430334 0.415555338756031 0.31032659297459 0.441077681416368 0.694363403899102 0.593200646018378 0.0606764734142564 0.224716365794364 0.360992706333554 0.327311183977053 0.249058173121298 0.34718023543503 0.250621892150039 0.24731599960906
0.539770675424341 0.543879756309843 0.606722033271886 0.547571098430334 0 0.430105301941512 0.501846095809774 0.477094161269244 0.606157586669553 0.748974792254699 0.0713330631673179 0.467072767351269 0.441313469818608 0.44946400247282 0.224831451804723 0.500874030658046 0.0727669044739888 0.429848210020433
0.530448764929795 0.706528564484625 0.329666751331824 0.415555338756031 0.430105301941512 0 0.411696890709202 0.586501393282644 0.453120641407186 0.39288681600206 0.483369681742069 0.197826894269134 0.0377757785049097 0.331228945015335 0.56052877215173 0.184161379293662 0.383147701228512 0.307574953822188
0.423063158714016 0.567624207412313 0.195741051804535 0.31032659297459 0.501846095809774 0.411696890709202 0 0.386148555253525 0.334687955180256 0.320380389506956 0.162651744464089 0.522395207170858 0.323379474024109 0.506857543585945 0.0635854177321315 0.406167650487181 0.316036685399065 0.507729139508899
0.842195912576702 0.599139778972459 0.797795988958561 0.441077681416368 0.477094161269244 0.586501393282644 0.386148555253525 0 0.628549717490282 0.397364497246112 0.327145562988284 0.471158509817659 0.234075648944915 0.492110026065931 0.343676223784048 0.484200185193333 0.356312810994627 0.377634368587248
0.560963893059433 0.587452393670894 0.687504947385211 0.694363403899102 0.606157586669553 0.453120641407186 0.334687955180256 0.628549717490282 0 0.747833429564351 0.0635860007439831 0.314328997165692 0.195578239957037 0.365916497483914 0.283185728521245 0.474194464928363 0.335027396449034 0.332810244424908
0.42859541900588 0.362137151990729 0.468038750213144 0.593200646018378 0.748974792254699 0.39288681600206 0.320380389506956 0.397364497246112 0.747833429564351 0 0.0782708325847346 0.237386503046787 0.180517938875116 0.350157928701536 0.252996050043091 0.566926468268545 0.321804284875912 0.3889616487353
0.331312759784774 0.13307719129855 0.349738335859099 0.0606764734142564 0.0713330631673179 0.483369681742069 0.162651744464089 0.327145562988284 0.0635860007439831 0.0782708325847346 0 0.309229241543988 0.400032037706863 0.395347887925577 0.462737843400106 0.281598317617479 0.219166224012863 0.345343160283215
0.432511850985055 0.301702588632475 0.449561124018025 0.224716365794364 0.467072767351269 0.197826894269134 0.522395207170858 0.471158509817659 0.314328997165692 0.237386503046787 0.309229241543988 0 0.36950403927378 0.4706889345598 0.358106194898774 0.599031340622078 0.465001831891109 0.479558176372089
0.335290436807951 0.273496249769574 0.481744666537791 0.360992706333554 0.441313469818608 0.0377757785049097 0.323379474024109 0.234075648944915 0.195578239957037 0.180517938875116 0.400032037706863 0.36950403927378 0 0.355691478467095 0.202988166561294 0.397139608914305 0.145819994875982 0.274099836723883
0.502461717229835 0.430315233547705 0.487770360714055 0.327311183977053 0.44946400247282 0.331228945015335 0.506857543585945 0.492110026065931 0.365916497483914 0.350157928701536 0.395347887925577 0.4706889345598 0.355691478467095 0 0.276734134173557 0.587460720130485 0.360019729771764 0.758325400199666
0.31907847553576 0.148435124490265 0.29244873453842 0.249058173121298 0.224831451804723 0.56052877215173 0.0635854177321315 0.343676223784048 0.283185728521245 0.252996050043091 0.462737843400106 0.358106194898774 0.202988166561294 0.276734134173557 0 0.423044252577836 0.333325867416233 0.345588437243836
0.452792359707093 0.229753717795309 0.537015227016865 0.34718023543503 0.500874030658046 0.184161379293662 0.406167650487181 0.484200185193333 0.474194464928363 0.566926468268545 0.281598317617479 0.599031340622078 0.397139608914305 0.587460720130485 0.423044252577836 0 0.415771169566659 0.628473731623217
0.320903424348511 0.258926717211266 0.209976990670552 0.250621892150039 0.0727669044739888 0.383147701228512 0.316036685399065 0.356312810994627 0.335027396449034 0.321804284875912 0.219166224012863 0.465001831891109 0.145819994875982 0.360019729771764 0.333325867416233 0.415771169566659 0 0.520159691308898
0.488676048365226 0.33006243230841 0.315728078234544 0.24731599960906 0.429848210020433 0.307574953822188 0.507729139508899 0.377634368587248 0.332810244424908 0.3889616487353 0.345343160283215 0.479558176372089 0.274099836723883 0.758325400199666 0.345588437243836 0.628473731623217 0.520159691308898 0
