0 0.251404262473152 0.466822244777957 0.41451284833181 0.422742136563217 0.262938850713327 0.273801359483406 0.537852111313262 0.406689339045579 0.390014043064177 0.196191042905883 0.200996664311373 0.147161467291425 0.227180501156891 0.247532413705309 0.274329222257299 0.19298545872645 0.273921584630045
0.251404262473152 0 0.233553509611906 0.223576169813755 0.205810455624322 0.20913099057162 0.0781631209679428 0.190831811516572 0.238455263878787 0.187297759250834 0.12244496715581 0.0640031650029895 0.0540770525746489 0.0805059750179832 0.134603100057087 0.122002593714424 0.0830078959037916 0.0901327470703488
0.466822244777957 0.233553509611906 0 0.450334419960546 0.334291152186692 0.212499188171255 0.216529071347192 0.395322353596222 0.440800968684524 0.367345307526209 0.195632182744077 0.175930336578973 0.0331938285679272 0.152341841516907 0.235807484342035 0.193266657633183 0.129052898059667 0.208846871871133
0.41451284833181 0.223576169813755 0.450334419960546 0 0.357220318516785 0.22425446723527 0.152315383926647 0.370950145100087 0.493213345444451 0.431420949118817 0.181456473607594 0.15689738498729 0.0609865861667743 0.18437263522912 0.179709416177258 0.134233126354539 0.125644379724757 0.17846538324526
0.422742136563217 0.205810455624322 0.334291152186692 0.357220318516785 0 0.170695806112816 0.192829809909609 0.302804302414772 0.358693829937924 0.355818251935283 0.152220286480507 0.114445159488031 0.0526104969311607 0.144823979334004 0.12121266929364 0.159936683695692 0.089865841481319 0.174786316135304
0.262938850713327 0.20913099057162 0.212499188171255 0.22425446723527 0.170695806112816 0 0.128938962661667 0.195489304294192 0.190921751471796 0.177731209434857 0.209564266626246 0.091163360839085 0.0752258289418451 0.0915713727073204 0.18395681944396 0.094495585694309 0.126309845924977 0.126898160666007
0.273801359483406 0.0781631209679428 0.216529071347192 0.152315383926647 0.192829809909609 0.128938962661667 0 0.153517144424246 0.163985496028336 0.195276105271933 0.0241711148094108 0.0491398080746503 0.0218879317886728 0.121163255994172 0.0840696370811081 0.137480862660024 0.08020067162654 0.127147405727667
0.537852111313262 0.190831811516572 0.395322353596222 0.370950145100087 0.302804302414772 0.195489304294192 0.153517144424246 0 0.369648037408976 0.310131073924852 0.143971946356196 0.17259657501337 0.106924955877009 0.173548924400279 0.274219831590691 0.164518945171946 0.134891842460274 0.198743216042643
0.406689339045579 0.238455263878787 0.440800968684524 0.493213345444451 0.358693829937924 0.190921751471796 0.163985496028336 0.369648037408976 0 0.466996239387881 0.171827539175867 0.17562000161968 0.0826863767654545 0.162529312256826 0.190906785230682 0.209810426463389 0.136359174323714 0.177113983407688
0.390014043064177 0.187297759250834 0.367345307526209 0.431420949118817 0.355818251935283 0.177731209434857 0.195276105271933 0.310131073924852 0.466996239387881 0 0.174338388020919 0.21522416696474 0.0918225989034709 0.16723838009397 0.207069532520372 0.221281189799758 0.114767413545745 0.24009528334073
0.196191042905883 0.12244496715581 0.195632182744077 0.181456473607594 0.152220286480507 0.209564266626246 0.0241711148094108 0.143971946356196 0.171827539175867 0.174338388020919 0 0.061168165367817 0.0839120089067008 0.12655518938521 0.161973644476731 0.161345839572604 0.100379671479166 0.155418507946787
0.200996664311373 0.0640031650029895 0.175930336578973 0.15689738498729 0.114445159488031 0.091163360839085 0.0491398080746503 0.17259657501337 0.17562000161968 0.21522416696474 0.061168165367817 0 0.0615291406887457 0.060080333308151 0.152815754809041 0.122634381719279 0.0439418103515748 0.14867136369555
0.147161467291425 0.0540770525746489 0.0331938285679272 0.0609865861667743 0.0526104969311607 0.0752258289418451 0.0218879317886728 0.106924955877009 0.0826863767654545 0.0918225989034709 0.0839120089067008 0.0615291406887457 0 0.0379907044218502 0.0622949624533728 0.078291319845381 0.0437767176348734 0.0765922806022161
0.227180501156891 0.0805059750179832 0.152341841516907 0.18437263522912 0.144823979334004 0.0915713727073204 0.121163255994172 0.173548924400279 0.162529312256826 0.16723838009397 0.12655518938521 0.060080333308151 0.0379907044218502 0 0.162178803459447 0.178784833699995 0.136857947788652 0.201445368516093
0.247532413705309 0.134603100057087 0.235807484342035 0.179709416177258 0.12121266929364 0.18395681944396 0.0840696370811081 0.274219831590691 0.190906785230682 0.207069532520372 0.161973644476731 0.152815754809041 0.0622949624533728 0.162178803459447 0 0.149451979914661 0.146800397927696 0.199627817480007
0.274329222257299 0.122002593714424 0.193266657633183 0.134233126354539 0.159936683695692 0.094495585694309 0.137480862660024 0.164518945171946 0.209810426463389 0.221281189799758 0.161345839572604 0.122634381719279 0.078291319845381 0.178784833699995 0.149451979914661 0 0.122980803953951 0.198868726149367
0.19298545872645 0.0830078959037916 0.129052898059667 0.125644379724757 0.089865841481319 0.126309845924977 0.08020067162654 0.134891842460274 0.136359174323714 0.114767413545745 0.100379671479166 0.0439418103515748 0.0437767176348734 0.136857947788652 0.146800397927696 0.122980803953951 0 0.121214496159995
0.273921584630045 0.0901327470703488 0.208846871871133 0.17846538324526 0.174786316135304 0.126898160666007 0.127147405727667 0.198743216042643 0.177113983407688 0.24009528334073 0.155418507946787 0.14867136369555 0.0765922806022161 0.201445368516093 0.199627817480007 0.198868726149367 0.121214496159995 0
