0 0.301006197650283 0.393701606747815 0.27161111111757 0.219745993913662 0.263789068946414 0.244744423767934 0.403452730239874 0.329325844890997 0.256208870435819 0.205244708539115 0.184378725377908 0.118507747464343 0.210682564005304 0.19263033976545 0.20653908520009 0.214637805159677 0.238129304843925
0.301006197650283 0 0.211851860117958 0.197666445574152 0.229085919716149 0.241886302722235 0.22122960293592 0.240375833147358 0.21160841629817 0.161564467785237 0.207427853725058 0.208660318434407 0.125595280507443 0.193440825168132 0.114909672573353 0.176862229698178 0.203909203725092 0.157096474008188
0.393701606747815 0.211851860117958 0 0.337713789040934 0.244838905114032 0.197947005315457 0.175040181238562 0.416180870832452 0.345057298949338 0.219970276219647 0.201210104989115 0.187163487940266 0.159306366458887 0.231173499482865 0.130931190029945 0.217727537960021 0.184437270236139 0.205463852495753
0.27161111111757 0.197666445574152 0.337713789040934 0 0.269484261196875 0.148381719526134 0.201513910209978 0.252706181894362 0.353046540439631 0.249149273325691 0.141287042417703 0.153867349659504 0.113923950503831 0.242267386498382 0.221238692468105 0.189479494160856 0.147032384631442 0.229613917522064
0.219745993913662 0.229085919716149 0.244838905114032 0.269484261196875 0 0.198967392309321 0.257737886967891 0.182521600719818 0.283015063354679 0.293112721858547 0.171070537467833 0.234587227322191 0.23570277520219 0.296987192633453 0.167144061242113 0.251815069516817 0.163680684292425 0.250243790263373
0.263789068946414 0.241886302722235 0.197947005315457 0.148381719526134 0.198967392309321 0 0.281281010704526 0.247100920165623 0.227969422899542 0.192761790413225 0.198053323304511 0.19977762295586 0.174976881410778 0.195465498723041 0.204581017713617 0.233590415075387 0.219601757169724 0.182778947159959
0.244744423767934 0.22122960293592 0.175040181238562 0.201513910209978 0.257737886967891 0.281281010704526 0 0.235083526132449 0.181567891225377 0.225044830975287 0.229672026419074 0.227115942890768 0.191909528617332 0.245614993374544 0.223630573214062 0.258119633729511 0.159676332179977 0.279867570921629
0.403452730239874 0.240375833147358 0.416180870832452 0.252706181894362 0.182521600719818 0.247100920165623 0.235083526132449 0 0.339940678843153 0.181556979403434 0.14036778556498 0.194430511756259 0.208550271495675 0.237645471347235 0.226880148427894 0.188845983008461 0.21755768974736 0.225279365473506
0.329325844890997 0.21160841629817 0.345057298949338 0.353046540439631 0.283015063354679 0.227969422899542 0.181567891225377 0.339940678843153 0 0.345918540934754 0.20458462113318 0.204323599422582 0.14416620617218 0.184180155026431 0.196963087450005 0.202631496285937 0.186058384790614 0.201232057932723
0.256208870435819 0.161564467785237 0.219970276219647 0.249149273325691 0.293112721858547 0.192761790413225 0.225044830975287 0.181556979403434 0.345918540934754 0 0.157854004960663 0.165330232799067 0.155144729186618 0.185226449874252 0.165417515192222 0.241074682095848 0.192534434822475 0.237776383451231
0.205244708539115 0.207427853725058 0.201210104989115 0.141287042417703 0.171070537467833 0.198053323304511 0.229672026419074 0.14036778556498 0.20458462113318 0.157854004960663 0 0.183395269175995 0.233807950067282 0.258860984072698 0.160505629293445 0.160594074043329 0.187940769329112 0.193437438331111
0.184378725377908 0.208660318434407 0.187163487940266 0.153867349659504 0.234587227322191 0.19977762295586 0.227115942890768 0.194430511756259 0.204323599422582 0.165330232799067 0.183395269175995 0 0.137369046976987 0.208211221411127 0.155990565395996 0.241608035489481 0.239381861856634 0.174701773029219
0.118507747464343 0.125595280507443 0.159306366458887 0.113923950503831 0.23570277520219 0.174976881410778 0.191909528617332 0.208550271495675 0.14416620617218 0.155144729186618 0.233807950067282 0.137369046976987 0 0.142035189285026 0.118530721491239 0.207853023503373 0.153453924798828 0.267121404174268
0.210682564005304 0.193440825168132 0.231173499482865 0.242267386498382 0.296987192633453 0.195465498723041 0.245614993374544 0.237645471347235 0.184180155026431 0.185226449874252 0.258860984072698 0.208211221411127 0.142035189285026 0 0.16424804265538 0.276779848230121 0.214914605657837 0.303328389631066
0.19263033976545 0.114909672573353 0.130931190029945 0.221238692468105 0.167144061242113 0.204581017713617 0.223630573214062 0.226880148427894 0.196963087450005 0.165417515192222 0.160505629293445 0.155990565395996 0.118530721491239 0.16424804265538 0 0.207776351457482 0.132899685933162 0.215103655439639
0.20653908520009 0.176862229698178 0.217727537960021 0.189479494160856 0.251815069516817 0.233590415075387 0.258119633729511 0.188845983008461 0.202631496285937 0.241074682095848 0.160594074043329 0.241608035489481 0.207853023503373 0.276779848230121 0.207776351457482 0 0.252322601265859 0.275419461237603
0.214637805159677 0.203909203725092 0.184437270236139 0.147032384631442 0.163680684292425 0.219601757169724 0.159676332179977 0.21755768974736 0.186058384790614 0.192534434822475 0.187940769329112 0.239381861856634 0.153453924798828 0.214914605657837 0.132899685933162 0.252322601265859 0 0.238039306119339
0.238129304843925 0.157096474008188 0.205463852495753 0.229613917522064 0.250243790263373 0.182778947159959 0.279867570921629 0.225279365473506 0.201232057932723 0.237776383451231 0.193437438331111 0.174701773029219 0.267121404174268 0.303328389631066 0.215103655439639 0.275419461237603 0.238039306119339 0
