0 0.827326961617383 0.768175422724373 0.698380391555465 0.576892612931853 0.566974214789158 0.77337986135019 0.681345282409727 0.622795062284363 0.525947070651546 0.703001518079537 0.6910582056204 0.646593275531619 0.545350393464701 0.609632955374213 0.517380863791705 0.760379083199592 0.760907257589082 0.896171979154001 0.801181355425842 0.41841362241773 0.0299368194961253 0.749455016117445 0.637567599152073 0.519354395864388 0.588986211823256 0.681498990490831 0.618743387585803 0.713958011195252 0.67495016700081 0.741666452910533 0.636910140310129 0.409916294209349 0.335091174704346 0.317440594031103 0.191888658433128 0.558142462528484 0.526801915517776 0.0890798520279743 -0.0595876683804986 0.660303816950601 0.664478205371044 0.590756656864856 0.662071156739453 0.55054009717113 0.652926730553093 0.648643251141598 0.539201907885939 0.691123205741903 0.687908231774728 0.886170016321111 0.801508709560886 0.668586096360302 0.574848882430505 0.748386063030212 0.470190205958731 0.716639167308731 0.710167003839101 0.646738482620897 0.559073024262554 0.751943529363303 0.694853930374552 0.547666474760719 0.559409396659952 0.721767163626089 0.643525222448189 0.715473838869181 0.640780295076252 0.467525829958931 0.461747292539236 0.437186728624238 0.671222192486596 0.598586922449259 0.750830006838456 0.754915867552167 0.721750886356715 0.500132470899918 0.515881686809499 0.743539579348693 0.566830505631289 0.623157892242491 0.556622116405063 0.38604109017057 0.505846993327203 0.448352593669946 0.753700400120475 0.651061361019626 0.628365271327994 0.307575329712618
0.827326961617383 0 0.727964828454594 0.746895144177377 0.550948250728697 0.564327990615746 0.704014708400167 0.708719973736658 0.62595908936207 0.627773389270908 0.649760874581052 0.743056820547897 0.589675269999545 0.592428941062269 0.642642521359039 0.568925607688097 0.663362636108926 0.851909819811334 0.84172107018589 0.85660922155084 0.361952569820705 0.0356855020911828 0.74137563279823 0.674119786984452 0.497180890367367 0.574461020338679 0.660196044890495 0.72286820020234 0.709932247407565 0.642164419916398 0.644625944141319 0.570702156195163 0.348193754520787 0.266573007513937 0.166520395002348 0.0742127960959852 0.583928889862068 0.52869421982943 -0.058115374667799 -0.155743764928168 0.587761447007007 0.670736092259223 0.547303848696003 0.622821472795859 0.466863878306518 0.615341477926128 0.623999921186768 0.502852721586677 0.570385033375503 0.661463607903215 0.794583822542629 0.915977817579597 0.583682333981997 0.601831472425341 0.63804537134758 0.460461239426884 0.630268010446647 0.729384775336053 0.604888773166967 0.53069923724275 0.687936653808383 0.660299068204842 0.49674795830743 0.596891846021842 0.766530112549184 0.661846520526051 0.70679881836546 0.70316912112411 0.431078545427614 0.517875767432281 0.330373183109577 0.678169352432817 0.509535557446187 0.724389202312851 0.672532854424145 0.786252035296326 0.570627525186357 0.584977324185923 0.703745130661109 0.58599931154271 0.512095426422165 0.61260933904758 0.382483039920752 0.526919537810012 0.36694048667621 0.709916848670725 0.642519470220452 0.607299366868836 0.219442190331135
0.768175422724373 0.727964828454594 0 0.806219048915707 0.774383637428369 0.498208328370568 0.876386660991235 0.701334982021579 0.779538853713051 0.576733810152185 0.674997857937517 0.506872487971886 0.697471435626239 0.500970976502264 0.785629660382681 0.594734167084968 0.44075752275275 0.539404719219762 0.770773215823508 0.663811482981083 0.465092292072883 0.0671175811101319 0.932099357648988 0.777175881639845 0.489633988467722 0.705667671694116 0.515957546516309 0.474508453769199 0.795965401781497 0.728410411164603 0.738077297572104 0.585813536860671 0.488916114161964 0.307674145355779 0.337393263620319 0.234852373081347 0.605044587002935 0.573801016908984 0.0769858515323106 -0.0244012581407763 0.547410032845895 0.517188816968009 0.559441220569636 0.54975769194457 0.379444598984448 0.510600362045889 0.59571180889908 0.511097898303428 0.704149244760431 0.619319619983357 0.606874908729169 0.72474071330601 0.685981119867421 0.545164236741559 0.722800651362534 0.532264664245926 0.448425969403749 0.537298745760957 0.873689954237443 0.768405073318359 0.821683743993653 0.675245399355424 0.528323636984187 0.600673046140204 0.752274340650243 0.704466911092442 0.541855711506027 0.499351356650997 0.223660223793539 0.270686833343671 0.418705310147992 0.623999377842424 0.447360462320308 0.614090698229652 0.526024759206975 0.642115463860264 0.517670787796557 0.643175453940824 0.817028012464635 0.695871793092083 0.791901539345622 0.711133688231005 0.661690128297934 0.768755488374608 0.499104668777787 0.687418197754963 0.665158157470179 0.679510911224293 0.385107761521153
0.698380391555465 0.746895144177377 0.806219048915707 0 0.648665450811667 0.751498628327056 0.773990836627553 0.912217566843356 0.717354521365113 0.780094488032447 0.635249879057643 0.744603942870535 0.609715003103736 0.757519846060106 0.718848706459701 0.802140966261247 0.482612154828633 0.613545707972797 0.699385276389872 0.752349343332741 0.450435865420181 -0.0572539758183862 0.832416157525954 0.905881883409664 0.438960766209138 0.632083609692894 0.637593581265681 0.702808765934881 0.711848870538687 0.781407894542027 0.611433305443615 0.578404953004554 0.446522635935057 0.347491932819316 0.160119515341459 0.0691352403047479 0.656839467079403 0.584166645328352 -0.0558417531511702 -0.187793635958315 0.583558440145698 0.627371030270627 0.56672894029384 0.632798997919492 0.477716456749837 0.615815573654159 0.682572809784932 0.617970706452558 0.647649220524255 0.729446286472007 0.585468007983496 0.673073304672042 0.675456326017013 0.635106153377278 0.733411627898601 0.748107612466043 0.520209415475889 0.756008333361252 0.757898423275608 0.839123047520071 0.764203379123468 0.782014225001106 0.405851227208621 0.530675127096199 0.790465919532509 0.736702491351669 0.655544517606316 0.673098420957134 0.390684848311595 0.436644679323574 0.297606647056715 0.743594329323759 0.401003087944527 0.681991231886808 0.503235106950132 0.726525827325518 0.561078951166749 0.687893350859601 0.728228937700197 0.813148372342291 0.662125714951418 0.795947345958442 0.621014478085065 0.633972536498568 0.38326122268478 0.641112636902341 0.703006931860268 0.630020093481299 0.217761419125025
0.576892612931853 0.550948250728697 0.774383637428369 0.648665450811667 0 0.505015081831296 0.721990836021694 0.622955809560018 0.721659623644628 0.580019199543678 0.591795168506878 0.467030812588868 0.605418424338036 0.504819601998432 0.660246934281478 0.542890747132304 0.371178122346859 0.42240681548055 0.59945911653248 0.587507429285523 0.452399128866198 0.0471675730249961 0.734419291232192 0.629678095131415 0.475170850585533 0.660059466144583 0.481686529279522 0.446397213451461 0.64669924793281 0.581150381001495 0.580137552542404 0.438050005434002 0.43002159219458 0.23458301008812 0.287536238142219 0.110047654333037 0.546649625307116 0.515199172636109 -0.0114167654652548 -0.0685198720712087 0.476412384044592 0.462684755603654 0.468792833155965 0.464427232076196 0.297266076574132 0.441401203179065 0.518354332318487 0.424219789529488 0.612070968508434 0.527014553962047 0.452313076160094 0.550405533700603 0.602993611521302 0.444701803714534 0.644841043523458 0.527058233867838 0.437047908692123 0.48542418996859 0.698968306450672 0.661866486607068 0.730587842603494 0.59893314613834 0.455976968380362 0.529868936137981 0.643767657359628 0.622924478279182 0.42714070787158 0.427712833024598 0.222907345297781 0.215960838415436 0.315235499825065 0.508114776253559 0.346330527885778 0.525193142154687 0.436297126732037 0.552330694105562 0.40268556531746 0.474426433022586 0.666422955883655 0.596776515462983 0.625146750344281 0.603009480478033 0.498967234811776 0.624858921421551 0.374789213693192 0.601526861782079 0.536431966043636 0.557255130787782 0.270736626502762
0.566974214789158 0.564327990615746 0.498208328370568 0.751498628327056 0.505015081831296 0 0.558767268909756 0.789367728968629 0.577739818268003 0.739560329635611 0.522750681528149 0.739261045509103 0.469088267829443 0.719414398779742 0.48015145233179 0.724615864434122 0.485617172072473 0.505836243526035 0.504992053785589 0.636821958014281 0.321703554230918 0.00909848172596845 0.533286346524029 0.673397581293532 0.406525695595095 0.481027195025502 0.544546713680586 0.546524931441701 0.508360101087375 0.612435735533053 0.487412008235282 0.545100363716051 0.272951635447057 0.263571693255167 0.21837102817146 0.108381113777269 0.371214225008324 0.413421005361468 0.0613510043474438 -0.127031815563182 0.553025272513057 0.510004692297659 0.474437258065673 0.535920997100797 0.459790711369709 0.530974262747519 0.590745239652593 0.581034675576333 0.528462051911213 0.596656181277448 0.458102060657645 0.50152700710692 0.582361163090236 0.528029149059965 0.610632257771693 0.757408195047286 0.538571897108468 0.687513662779091 0.469617819064567 0.653756569037251 0.578236895787046 0.639029583174454 0.301924110429555 0.397012601741566 0.629337586871051 0.682110452862692 0.52920381765323 0.581131794631249 0.428789037793702 0.496887723446062 0.411502623604953 0.646349631099327 0.407040075877324 0.575216339370413 0.502035948574035 0.510191107404215 0.351885980762504 0.479009099749898 0.500148337373051 0.581907843711145 0.471359363265885 0.519364279606325 0.449030225211207 0.372359899621642 0.403013037086059 0.522520965138258 0.561185526716735 0.452183178211795 0.253754430389187
0.77337986135019 0.704014708400167 0.876386660991235 0.773990836627553 0.721990836021694 0.558767268909756 0 0.815025887599314 0.805872679692936 0.674159886836962 0.774512836333685 0.686497615136972 0.81695832960306 0.648744292486173 0.685471332948276 0.59284131220643 0.529780880953865 0.563409458249962 0.766146487610541 0.701669239067854 0.408758418438009 0.00201086727020709 0.795012298138838 0.647739395092187 0.372690460141126 0.567332235093864 0.635559295450115 0.589996751848326 0.753281771598118 0.660734851390308 0.652540135940816 0.548122092839337 0.411746254176068 0.205820613262839 0.273595160601372 0.112002402428236 0.617719592451803 0.599298507903309 0.0228233846509646 -0.0614834591402916 0.625987356191375 0.655265366807635 0.615777226694044 0.672550322050478 0.512544020539663 0.655260016787066 0.685187960241872 0.619043481619681 0.709718439296986 0.72421091730613 0.605996922182916 0.67051615121011 0.807926333867961 0.6347864409996 0.903886092972707 0.681029203464179 0.566383789590392 0.660897187813036 0.687115070650359 0.713576287979557 0.806242934987369 0.713783194587775 0.500231685842143 0.586369569330909 0.773139239691489 0.743017342508431 0.634296856832103 0.583847558979986 0.363314814755733 0.382978872313854 0.378838887197183 0.644913700252844 0.360782472992664 0.621086497340671 0.524005011212335 0.638400311075081 0.495600741142229 0.517135358818868 0.716254910387117 0.687514885329657 0.768444824396616 0.69124944307583 0.55561642157007 0.689920307092073 0.43411383243858 0.729118586684466 0.707805736535312 0.706985675584006 0.309526076462172
0.681345282409727 0.708719973736658 0.701334982021579 0.912217566843356 0.622955809560018 0.789367728968629 0.815025887599314 0 0.692009520684907 0.847960779981259 0.673011187498158 0.843832293338523 0.656895476313287 0.840747799372982 0.610991637905851 0.769469537270267 0.536448069066684 0.605869204615429 0.690791141240409 0.77032392288015 0.420242526612733 -0.0861019565639877 0.72301617146961 0.789891368087282 0.367000214415087 0.536378978289219 0.69303410910339 0.755142625281771 0.695072982828246 0.753024743782817 0.582825735915066 0.590369931569671 0.382448719361858 0.316327892404324 0.192229654474407 0.0725811595540606 0.608967030817611 0.608326634647675 -0.0350655916797733 -0.145800213500984 0.693473294629486 0.736682153072027 0.65623530250503 0.746899130042102 0.609915479751178 0.729760102555057 0.771028380676919 0.718314488007937 0.683002564662563 0.798310219621715 0.56298735985322 0.638943965807765 0.774313347731535 0.713641932587942 0.827364960713257 0.865290214462672 0.621365853968807 0.845431631772005 0.610902293021385 0.782745295096479 0.786119776397463 0.828273492752073 0.450068868011909 0.572209789808151 0.802619651574874 0.771889665166968 0.695003163238561 0.694615223817446 0.484908921777271 0.477021739316079 0.329518684847246 0.744426330515839 0.37166704289254 0.650053996074105 0.535094927603953 0.714545480325956 0.494284479326543 0.569661893874454 0.657926141216943 0.775394172028332 0.630825815113821 0.751154360035854 0.564261169290814 0.587612835725091 0.39778015532786 0.709869836250254 0.732179378434055 0.666869706233842 0.234956586849727
0.622795062284363 0.62595908936207 0.779538853713051 0.717354521365113 0.721659623644628 0.577739818268003 0.805872679692936 0.692009520684907 0 0.694858642212933 0.599727174454543 0.563520720417425 0.717486550335811 0.596021491248629 0.765649861008905 0.680808154045642 0.42533404121825 0.42879529440437 0.591758780113944 0.588803485685359 0.361695079418583 0.0734068840076514 0.774368757088599 0.673468098859611 0.481948919137593 0.651177963439717 0.562006278479302 0.480699989317766 0.73698352571518 0.633669167615725 0.595599516082456 0.532685811257617 0.364377146192097 0.215327889231808 0.303046856120949 0.160667554071301 0.531382528243614 0.497741716618957 0.06341914173236 -0.0664639231579252 0.498847881215234 0.52855929886905 0.504300615337997 0.512485394664828 0.377799686656558 0.539542247295718 0.566316158836252 0.557796272445682 0.636963753592171 0.59073121726627 0.469558305942432 0.557539949179546 0.629935741682407 0.509996740947217 0.675336981806759 0.607843255303465 0.430215645731536 0.520840152090139 0.68019707708265 0.673704915713565 0.669403874755213 0.586607340819419 0.348715469338603 0.499414041403788 0.720872659355252 0.729061354821793 0.471529248242764 0.483493616323128 0.213019212264147 0.361107932394229 0.413855112115046 0.676517310026766 0.352634944460902 0.545579880815837 0.492387622277296 0.53024293642878 0.450598070539762 0.5357643020472 0.684813230196177 0.598407385815883 0.740707130625722 0.624658674755754 0.588271017361842 0.677021608184923 0.452265121952955 0.637184681898978 0.627814533640613 0.570078830442119 0.333303790007168
0.525947070651546 0.627773389270908 0.576733810152185 0.780094488032447 0.580019199543678 0.739560329635611 0.674159886836962 0.847960779981259 0.694858642212933 0 0.582951289771043 0.744817352018189 0.61678476987393 0.793101976747119 0.621057608117302 0.797744648207895 0.409977583348175 0.50958972381383 0.559485309888706 0.653930012620555 0.366140271440858 -0.0254636421145308 0.643656883432535 0.699952601355135 0.422080054936399 0.523126858204678 0.625062287762761 0.664741946183528 0.57018483589017 0.5920346031247 0.40276507672203 0.382688374045534 0.315964560549641 0.161414351192786 0.0688805983227925 -0.0426208463766988 0.569494142232819 0.535969729184617 -0.146662526627777 -0.288396156744197 0.505606445317954 0.585118333016551 0.457584417171657 0.553971612970995 0.424888582405896 0.568030346428437 0.617872161759969 0.555191533818169 0.546974873427666 0.663523061132978 0.438229909562888 0.503056252724154 0.591025585446499 0.546967951449056 0.644337327422697 0.752916729703593 0.470644363794916 0.673236974103032 0.525580013751587 0.649352989967473 0.59597913102166 0.638586652247386 0.325865461766816 0.414446449848076 0.705614751058153 0.705020004948112 0.603730097259295 0.663905058185428 0.471007714134064 0.438507108628075 0.217055473528927 0.660675270599418 0.205970793159335 0.562628190925368 0.401100777677967 0.609869510508318 0.513469023771385 0.550302637378724 0.536112345598961 0.669785212150459 0.544409559774544 0.687507257557982 0.471632453414978 0.520218252791121 0.246696892814434 0.587079803091276 0.59602183209535 0.547217673668373 0.0900804494208619
0.703001518079537 0.649760874581052 0.674997857937517 0.635249879057643 0.591795168506878 0.522750681528149 0.774512836333685 0.673011187498158 0.599727174454543 0.582951289771043 0 0.70135884611774 0.856090030969413 0.757671000172483 0.738114641270036 0.62882652204733 0.567203328055696 0.507387503862811 0.71852915788566 0.678145068722026 0.333326449992634 -0.0191996689968221 0.663754958055862 0.550151165916269 0.287094530207947 0.425696685375969 0.729989240493268 0.616063216192226 0.551585020952203 0.52902037742998 0.427894288007275 0.338212198434898 0.413662520634728 0.0122490564341032 0.100122385765592 -0.0719791674111397 0.661560099139287 0.571541248107732 -0.0611841813693791 -0.130023352847204 0.519982969611189 0.544595727599202 0.445268943876199 0.50579110670986 0.422887099064494 0.546338642727645 0.577305082694558 0.499854339117448 0.576696220639702 0.622812072577578 0.530842765787561 0.532981855244694 0.626902581307841 0.450398258226049 0.725040206308255 0.54135268569878 0.583024374042604 0.590969062582062 0.49389860093257 0.468493334259583 0.602816177290288 0.484512610815277 0.429417477493445 0.446971697553384 0.698542751521805 0.715479245861554 0.576349031583084 0.651040392467856 0.416437945391244 0.413557164939714 0.246124903036109 0.494841297564183 0.318735407211381 0.645307052193482 0.532163712757739 0.639726147866473 0.63333295362257 0.407368848501252 0.70662627392065 0.543846119318481 0.548556630113556 0.523007042047552 0.320701515944315 0.453010186090719 0.26253759219464 0.605098604863656 0.583554696851303 0.524421700975922 0.103682636594655
0.6910582056204 0.743056820547897 0.506872487971886 0.744603942870535 0.467030812588868 0.739261045509103 0.686497615136972 0.843832293338523 0.563520720417425 0.744817352018189 0.70135884611774 0 0.633307353976084 0.868474105099971 0.513204135240578 0.704995395586827 0.638380012061615 0.693970137752378 0.696283771061796 0.809797510519215 0.366569062280932 -0.149321357576005 0.540960491145809 0.597416578234475 0.314943372638876 0.378689846986209 0.765878257017879 0.822104014907889 0.564487870377041 0.5965510216544 0.425399581692666 0.456361779941851 0.270853485360691 0.160706511891203 0.0398487691885393 -0.108080088887991 0.587940240380362 0.520626320426913 -0.116491670574422 -0.25618859830565 0.660334462385602 0.747998283929895 0.566135886715042 0.710161175108594 0.601255092682801 0.717393804069284 0.725559183240132 0.633735373026715 0.560772590512476 0.769643091644247 0.596357723597894 0.606644115508563 0.678857182731281 0.659253881847703 0.753186529558163 0.699490201166 0.712983559092846 0.865644781161635 0.365829222237454 0.510562741096399 0.611561903488427 0.67697381542386 0.325433105314567 0.452280664205139 0.715473022261439 0.673945067048551 0.732099870148726 0.768296082398812 0.55216767529293 0.642743106366037 0.233637846615129 0.669471256623853 0.325953924387467 0.651201871470991 0.54027294772701 0.692701200586453 0.517182834050779 0.448178438452031 0.528397117894481 0.62908171609144 0.428990279934451 0.602185783832748 0.264726674639651 0.367165764144751 0.226583392059781 0.609298251363136 0.62955654558889 0.538053869115526 0.0548635906559356
0.646593275531619 0.589675269999545 0.697471435626239 0.609715003103736 0.605418424338036 0.469088267829443 0.81695832960306 0.656895476313287 0.717486550335811 0.61678476987393 0.856090030969413 0.633307353976084 0 0.741428058693043 0.805967885928498 0.678190814428567 0.478089567758373 0.40574938348347 0.641122240518684 0.623898755916078 0.3525277740091 -0.00135814874096125 0.714864670083361 0.564168119136514 0.328719491850682 0.492730528145055 0.66424800340939 0.525367279698164 0.571170271394845 0.512609482856511 0.454806707710842 0.385909387663385 0.414926816697612 0.097191772401898 0.220344757775073 0.00744574963299092 0.630149498549546 0.533784103554598 0.0325020036691335 -0.0869089749540423 0.528304423761046 0.53257524372822 0.427660269554832 0.506359413843737 0.456491282283726 0.566251951994565 0.594171582503591 0.520333699032116 0.677390174953579 0.644649480783077 0.424944193975133 0.507552716772175 0.645093591714907 0.457444461339469 0.748146398536231 0.543841985478668 0.51878245868979 0.543189878816427 0.557343190145272 0.48001174899805 0.599975550153141 0.490353343576799 0.46804927486354 0.489077861763038 0.715257055710052 0.730570007284099 0.545115875313836 0.585898951751148 0.338428173818397 0.470863825305021 0.308592088587086 0.559401860477488 0.246755769466063 0.561838853038674 0.457171640794408 0.519475120679682 0.560553896429933 0.430507950653432 0.714806129672026 0.571428021263587 0.701357804795488 0.543981645279024 0.389385559908404 0.516043296387415 0.321549945655482 0.608062489399689 0.604227771928043 0.547683402480039 0.189472319126146
0.545350393464701 0.592428941062269 0.500970976502264 0.757519846060106 0.504819601998432 0.719414398779742 0.648744292486173 0.840747799372982 0.596021491248629 0.793101976747119 0.757671000172483 0.868474105099971 0.741428058693043 0 0.665220677964942 0.855758914116341 0.449540712148556 0.457761624927757 0.557428072562916 0.68240880731551 0.369000443297532 -0.165292606216349 0.565402317667124 0.652653817375866 0.310654634340255 0.404031078984502 0.732118998209058 0.7455376366693 0.506813572838249 0.56433741684176 0.32423043502351 0.348299322206349 0.360510711766007 0.155435160809076 -0.0015221172631902 -0.146969449068344 0.641735840698215 0.571127750717493 -0.153725914907008 -0.257528554519879 0.552134621125591 0.622663960363586 0.459442916774566 0.5761748170973 0.500933392250198 0.636808954685949 0.663063351935826 0.601905959091924 0.570192189264986 0.718373552896438 0.405567529331572 0.444167789800311 0.616900916531448 0.545021605149784 0.701042627256595 0.748264925570835 0.578656338162583 0.766068193505082 0.423188420886032 0.55564507616055 0.580661475983942 0.626766798687025 0.30980928601114 0.388585468923562 0.709809683229067 0.705816295283375 0.636232426477982 0.71148360999723 0.526155973060066 0.564741436746511 0.15951073495269 0.643574481421394 0.206829121945385 0.567765667303129 0.419368505540407 0.661359612438554 0.548818194969162 0.445697124439859 0.595555478322267 0.707824414102944 0.469934283256564 0.643650190540649 0.346552463150837 0.404825850940421 0.192047400672589 0.524558272678268 0.594604960397529 0.493915278815796 0.0101923238820199
0.609632955374213 0.642642521359039 0.785629660382681 0.718848706459701 0.660246934281478 0.48015145233179 0.685471332948276 0.610991637905851 0.765649861008905 0.621057608117302 0.738114641270036 0.513204135240578 0.805967885928498 0.665220677964942 0 0.788903700946505 0.398776587840248 0.420902146655484 0.616553447377393 0.585178850095859 0.410619751187664 0.0280850038305116 0.847440287848918 0.767579704795165 0.460553077609144 0.626686629019933 0.591515806520471 0.523099391427934 0.667158349186285 0.61894453994991 0.504171583648027 0.403604107214909 0.507108954240738 0.202842408254665 0.207549905305937 0.0590205248592492 0.657737880496917 0.572359206761017 -0.0138761250801457 -0.122036615918869 0.432217279251844 0.453663725177022 0.399036059430186 0.413024732939474 0.321328716031388 0.461489205494303 0.527336968115808 0.454727346261613 0.625691285756481 0.578944623459873 0.449655512646094 0.547038693107083 0.499472573693372 0.380842773155834 0.540365315774853 0.448040965537721 0.388451830879731 0.488421069994871 0.760283565117059 0.594000796818838 0.619401645652372 0.497175255773997 0.394781909861035 0.467572430624956 0.736869226427742 0.720713323001799 0.485036332532972 0.560352677677874 0.218306403429827 0.387066333426405 0.291665605554214 0.603817485189792 0.336025741482006 0.590335965153612 0.460648122655847 0.601360364360235 0.651741249712318 0.62609696141888 0.82879930637438 0.657641724826697 0.68617513130316 0.651894230774153 0.52085889257507 0.612636703241189 0.325826161500326 0.571048495218763 0.580525790882326 0.509452110109908 0.194149926548385
0.517380863791705 0.568925607688097 0.594734167084968 0.802140966261247 0.542890747132304 0.724615864434122 0.59284131220643 0.769469537270267 0.680808154045642 0.797744648207895 0.62882652204733 0.704995395586827 0.678190814428567 0.855758914116341 0.788903700946505 0 0.399817489667374 0.410179252338983 0.494580346277753 0.603505832259811 0.388854688539437 -0.0937733756391085 0.710490762214712 0.808630560833796 0.457417305304792 0.56072050812922 0.662934479705768 0.642640101220057 0.598691302114966 0.667764394935575 0.421895468889065 0.40973558289556 0.428547318027168 0.229628534976358 0.113545862480157 -0.0417085370636207 0.620474951633476 0.549483213104135 -0.0867517942902427 -0.191454531633817 0.509697159929421 0.541254530989551 0.440031314453648 0.5101003671879 0.429384628480168 0.546074093533894 0.652472954674639 0.604704456619682 0.601133867729596 0.692275756706333 0.394752564680268 0.443091667277734 0.553400205668663 0.483445299766715 0.57532853203454 0.677159686340297 0.463093617587478 0.645148957539362 0.634412697391425 0.680189223467869 0.589308884975457 0.614661889173771 0.323364607766 0.405771780256855 0.718476666259528 0.702212768427009 0.547157511705179 0.629219962742182 0.387138762367984 0.454568559883585 0.240755350321891 0.671623457992193 0.265576020075296 0.569051924427825 0.413654147138726 0.609916410925368 0.573409680362498 0.610979475277186 0.691429173178323 0.740704427861498 0.59723913304755 0.7149862727486 0.477914580603143 0.487038586250717 0.260903470874279 0.524706187132152 0.602014216484656 0.491221082965021 0.117809622849946
0.760379083199592 0.663362636108926 0.44075752275275 0.482612154828633 0.371178122346859 0.485617172072473 0.529780880953865 0.536448069066684 0.42533404121825 0.409977583348175 0.567203328055696 0.638380012061615 0.478089567758373 0.449540712148556 0.398776587840248 0.399817489667374 0 0.779772448929064 0.718127130028052 0.741446285763178 0.300158964305772 0.0386375656334925 0.510403703992367 0.432978056128567 0.217992502204888 0.254603388370461 0.75211424234877 0.635951933115013 0.588489278688015 0.583326190165559 0.656646300635604 0.613450587981717 0.3282388992087 0.219384849113851 0.329606452907217 0.193547092323174 0.421689304371553 0.416210232315316 0.171359950738354 -0.0136028273130167 0.66183131371603 0.68127942718837 0.590343149685829 0.648910724265425 0.624336765812734 0.664815312939514 0.539801882193014 0.481499129541373 0.521248329310627 0.595804062517846 0.805732191829244 0.640515687547339 0.476619275965468 0.382137261820514 0.545230918710526 0.302245692096257 0.841703933712033 0.728391212164974 0.344220548414909 0.282974839900701 0.587347533844476 0.56552004070476 0.513177351544496 0.54301500614729 0.586702234628984 0.601762454576654 0.586608127257375 0.609556494522952 0.41239411404046 0.457824611522534 0.480713520192125 0.581019858211639 0.704944367949407 0.725118080768055 0.84354107317301 0.601582129000941 0.466190203068853 0.371386469020617 0.544432314675148 0.250145564212973 0.370896306607116 0.240497062623385 0.141900140308374 0.194937733675726 0.395098297087013 0.606672878770805 0.513754335387092 0.445007500842433 0.302289956918248
0.760907257589082 0.851909819811334 0.539404719219762 0.613545707972797 0.42240681548055 0.505836243526035 0.563409458249962 0.605869204615429 0.42879529440437 0.50958972381383 0.507387503862811 0.693970137752378 0.40574938348347 0.457761624927757 0.420902146655484 0.410179252338983 0.779772448929064 0 0.809318918770387 0.834328998072095 0.288717826142032 0.00932936989820161 0.585577594055684 0.531561116867243 0.360056316035476 0.400764207663626 0.644438524952158 0.748977874450023 0.585670499450001 0.550929820323236 0.619582500122971 0.54616125112901 0.318972346511261 0.235477171962998 0.105965791414667 0.0410411095454291 0.479364653981507 0.409420024132639 -0.0872105534581539 -0.230774730762417 0.532744603617079 0.640770382107491 0.45822677890036 0.577237196951549 0.440535062378707 0.558954732833475 0.485099567328829 0.365563886997084 0.412898485522302 0.546430660136669 0.824588571878346 0.829961088052755 0.43825227265378 0.461912088223056 0.543726249159453 0.321845604412342 0.714500682414948 0.772249429580841 0.451153266393 0.39981301755571 0.59780619351017 0.617716665209188 0.463734857057359 0.56082259977117 0.608619487482036 0.511346964769068 0.729983358980234 0.681518012716856 0.472232006970269 0.540024420559828 0.281985747176996 0.593720628382554 0.553891427627223 0.757025919522117 0.701508458935396 0.741974801220078 0.471999692892872 0.491727424940157 0.535805891746323 0.435223691882801 0.306544009287842 0.448834068672339 0.151267641912903 0.292051816979831 0.25736844578091 0.608592456207648 0.509634084904842 0.493652808433242 0.109719259897387
0.896171979154001 0.84172107018589 0.770773215823508 0.699385276389872 0.59945911653248 0.504992053785589 0.766146487610541 0.690791141240409 0.591758780113944 0.559485309888706 0.71852915788566 0.696283771061796 0.641122240518684 0.557428072562916 0.616553447377393 0.494580346277753 0.718127130028052 0.809318918770387 0 0.888671978483959 0.44212171158401 0.0278801655729477 0.754417618666945 0.603089142480286 0.405494179047879 0.529031242236199 0.678889037734981 0.700343112798412 0.700832856356548 0.649491806406632 0.723942437773439 0.577417338749832 0.423885337822286 0.24099795516476 0.213868150899091 0.11020814836861 0.623213944250654 0.549233327734071 -0.0463181353029661 -0.137409374736678 0.636941071976747 0.692009509092268 0.603109061882063 0.662385256167057 0.495632264339291 0.661245288737037 0.598916443315511 0.468926093826966 0.611067993347775 0.676476178073567 0.809202808625538 0.786928476444926 0.602971225079202 0.53390930783755 0.691955469669179 0.400659588117383 0.702510900852764 0.730971747477816 0.59258115330807 0.492049778559734 0.748430378444196 0.67328578463267 0.574272466228775 0.619649865460209 0.762194539388617 0.657559156181873 0.771241063914383 0.707271132655707 0.458310887814992 0.476947430075179 0.33208415374333 0.645233433117869 0.510842145759497 0.729228532144162 0.680693134420651 0.753900864047196 0.559102231650429 0.551570378160043 0.718966863629852 0.554876159555872 0.530176014858825 0.572000595884936 0.358618370304135 0.516286931953491 0.369907451135725 0.74965713124946 0.638315037683109 0.65089770550829 0.203485509471822
0.801181355425842 0.85660922155084 0.663811482981083 0.752349343332741 0.587507429285523 0.636821958014281 0.701669239067854 0.77032392288015 0.588803485685359 0.653930012620555 0.678145068722026 0.809797510519215 0.623898755916078 0.68240880731551 0.585178850095859 0.603505832259811 0.741446285763178 0.834328998072095 0.888671978483959 0 0.413280248494525 0.012915496879529 0.691309061365304 0.639705875981093 0.376452031859884 0.495775404730662 0.722006015699543 0.773923210244089 0.663217685535451 0.667283743295181 0.701849994902724 0.619999286481988 0.398066327941559 0.272809516881723 0.202051115523858 0.0750833134685177 0.592247039532457 0.526145493820335 -0.0221530754789147 -0.160672388601145 0.691885381139546 0.751634580072725 0.604249798350428 0.703772491358856 0.567989111751618 0.711814439239884 0.659731679847182 0.545449251792351 0.593711729314832 0.717001479963013 0.716982854266809 0.780388264679711 0.628624191336565 0.601860685918739 0.697264922153769 0.522007115519379 0.783366122691035 0.843528399135582 0.531548042739049 0.503874105307883 0.737453023460965 0.71554632524674 0.617850972292403 0.715943570383157 0.770919199199035 0.723941933305665 0.748492804079112 0.755496255184639 0.474796724043034 0.574431566572802 0.369226392402561 0.717517396992661 0.483540985685753 0.748521502390196 0.693297711279393 0.75325360903097 0.537786435908352 0.554945597401073 0.669222193088182 0.581183647405308 0.476357648613154 0.574787857434829 0.32464609025896 0.455703672902602 0.365628518091038 0.723604075593493 0.669823090799893 0.626005709273756 0.20040506260931
0.41841362241773 0.361952569820705 0.465092292072883 0.450435865420181 0.452399128866198 0.321703554230918 0.408758418438009 0.420242526612733 0.361695079418583 0.366140271440858 0.333326449992634 0.366569062280932 0.3525277740091 0.369000443297532 0.410619751187664 0.388854688539437 0.300158964305772 0.288717826142032 0.44212171158401 0.413280248494525 0 -0.035574758778712 0.470056797733751 0.46236598025345 0.231646599506758 0.437587908320803 0.342497470555942 0.414032078785652 0.418471200752209 0.451839221178198 0.340108799929076 0.249704605276771 0.371547712585736 0.208984554330751 0.166856162521621 0.0135460524325394 0.504825893062932 0.481595118135217 -0.111430483317777 -0.139673904522669 0.403305023469036 0.404882845131494 0.391825283904595 0.399427589376962 0.321848525561816 0.429078363740336 0.406840973915289 0.318307632934421 0.411590908612688 0.477276246033463 0.387683652550147 0.322996990223178 0.392401595088153 0.272837003580868 0.379315308331663 0.243716256413909 0.241888814312777 0.389719326805691 0.445891445487229 0.394507342997156 0.498895296919109 0.462344111535157 0.351289546164313 0.32165085142849 0.460514928278329 0.407943978710313 0.362228748271191 0.434098747100125 0.172140843351275 0.150711747761317 0.128895923050296 0.354993034038295 0.229685613192976 0.468763835965192 0.254750619695604 0.452577998609787 0.390563310851458 0.488114719529579 0.449636943224264 0.43674461479951 0.378399576803833 0.457465215822403 0.331490675197585 0.397622108024506 0.193763475041429 0.464276579036917 0.412467542633855 0.415502799078826 0.0871441156572294
0.0299368194961253 0.0356855020911828 0.0671175811101319 -0.0572539758183862 0.0471675730249961 0.00909848172596845 0.00201086727020709 -0.0861019565639877 0.0734068840076514 -0.0254636421145308 -0.0191996689968221 -0.149321357576005 -0.00135814874096125 -0.165292606216349 0.0280850038305116 -0.0937733756391085 0.0386375656334925 0.00932936989820161 0.0278801655729477 0.012915496879529 -0.035574758778712 0 0.0554387683047296 0.00589247208139631 0.0556217989001206 0.181062394210318 -0.0431817142409498 -0.211828801322085 0.0822168040237323 0.0806356235701284 0.119834198388742 0.144828216474877 -0.00853669034475643 0.110283813282422 0.296231718076245 0.28673827302873 -0.20879691769118 0.00123189311844764 0.198497615535623 0.198056981180615 0.0141927981662856 -0.123858785989904 -0.151492214579533 -0.177306863498625 -0.136813281006819 -0.102341219108394 -0.157907357609698 -0.0974807675641954 0.0284563293847607 -0.125316006835049 -0.0424438545373069 0.0851048904003493 -0.0276026064739124 -0.0414709574046693 -0.0504631478895285 -0.0610977892831734 -0.00179942693714798 -0.126402384858078 0.0397656067683274 0.018326349942518 0.016689900984387 -0.0220028986837296 0.164059279525351 0.027744338576865 -0.00490367327844836 0.129799536511857 -0.103781198057792 -0.0873368773574152 -0.0565924899319139 -0.0080251337398458 0.271224686604362 -0.0155533114565521 0.154963548992405 0.0208034664987958 0.0998901056812827 -0.156922974713821 -0.131907273483281 0.0948024873855466 0.0556095948088415 -0.127341280126758 0.0804848656672927 -0.160623667758444 0.0732833438926747 -0.0240701272978872 0.221330691624723 0.0394050716613553 0.0322753407224489 0.00989690842758918 0.215590587009693
0.749455016117445 0.74137563279823 0.932099357648988 0.832416157525954 0.734419291232192 0.533286346524029 0.795012298138838 0.72301617146961 0.774368757088599 0.643656883432535 0.663754958055862 0.540960491145809 0.714864670083361 0.565402317667124 0.847440287848918 0.710490762214712 0.510403703992367 0.585577594055684 0.754417618666945 0.691309061365304 0.470056797733751 0.0554387683047296 0 0.875244323408561 0.560811234061647 0.762784715625658 0.613329666462446 0.575171176764013 0.834445172076707 0.800889116180091 0.710751559740275 0.589967464584037 0.529082833473905 0.347499741634668 0.308074242170359 0.194856809266122 0.660898700814427 0.584616532934674 0.0246601663222928 -0.101522536382033 0.57134772049343 0.559469565243076 0.533993478045993 0.557011543801628 0.426670807818934 0.530961548264835 0.610380971704322 0.513742258258422 0.690480211793072 0.645047652831415 0.618592900264758 0.703627770866307 0.613058291894058 0.488968739903129 0.64939943489569 0.515128674573709 0.497031280727516 0.593254250124346 0.898555080586529 0.750696070348657 0.792144253337214 0.689248991821923 0.500612400853933 0.574569406750932 0.778892177589338 0.731854730005377 0.596713794331811 0.588638769398059 0.29510646515562 0.34378311022392 0.386193027129486 0.662884389247405 0.460466027047322 0.681780997332696 0.587031517419137 0.688432526997801 0.588166648596855 0.69978136223354 0.843225164164671 0.696289444254887 0.753792196741011 0.704278211176893 0.590258983057756 0.676289752337672 0.428089448190722 0.681419809347394 0.633324292213927 0.603430768152928 0.30060772791769
0.637567599152073 0.674119786984452 0.777175881639845 0.905881883409664 0.629678095131415 0.673397581293532 0.647739395092187 0.789891368087282 0.673468098859611 0.699952601355135 0.550151165916269 0.597416578234475 0.564168119136514 0.652653817375866 0.767579704795165 0.808630560833796 0.432978056128567 0.531561116867243 0.603089142480286 0.639705875981093 0.46236598025345 0.00589247208139631 0.875244323408561 0 0.545646101389972 0.721218842235743 0.585498438278618 0.606791115312113 0.727780340879927 0.815801201508083 0.598522821645601 0.55618027914752 0.514584299338048 0.428539610808911 0.208775093079907 0.104304317068039 0.634111523633937 0.56064215456136 -0.0460359344787961 -0.20111855950596 0.538223006817074 0.54192753533992 0.521253406084152 0.554335836565651 0.426678997259557 0.515840663217784 0.636543286104848 0.548517635555896 0.642097041966374 0.657026469239749 0.551242202787848 0.625635138233966 0.554957121810582 0.493880144442075 0.589240014841851 0.610153382920638 0.429940692756837 0.638752287006735 0.854115234354387 0.825958774571703 0.733002516351899 0.73220726002839 0.385696434701636 0.501655429645954 0.72857140820384 0.693871950529269 0.53955871662928 0.589595645846412 0.291451388671658 0.342937537953488 0.285159574456023 0.690313192458512 0.403568168689163 0.647685484056758 0.487538071657958 0.683253835635859 0.576401578389033 0.729236429523544 0.762676193163887 0.784940782152696 0.661949322787021 0.765215140327521 0.627499821300585 0.614370969318134 0.375718793676688 0.593473228333637 0.623946699097602 0.553022381133931 0.246614773002442
0.519354395864388 0.497180890367367 0.489633988467722 0.438960766209138 0.475170850585533 0.406525695595095 0.372690460141126 0.367000214415087 0.481948919137593 0.422080054936399 0.287094530207947 0.314943372638876 0.328719491850682 0.310654634340255 0.460553077609144 0.457417305304792 0.217992502204888 0.360056316035476 0.405494179047879 0.376452031859884 0.231646599506758 0.0556217989001206 0.560811234061647 0.545646101389972 0 0.731675129974624 0.228405329341283 0.251018489219276 0.466124394687397 0.41387275293087 0.412235315682531 0.34127354818448 0.155296951285963 0.331640222990463 0.115369298006045 0.0690387531614784 0.295938848792323 0.253628608840687 -0.0441504529628147 -0.179421502088577 0.305079517454874 0.31803922699066 0.234897198118359 0.299784241897961 0.176904309382168 0.244795136080396 0.33799715582178 0.301283023428785 0.370658048999089 0.329219874842741 0.467309935101196 0.467980710351513 0.316043726712058 0.344818794724354 0.337838867666967 0.305858811612457 0.273370184282375 0.273733878987058 0.588039981724392 0.482540595749751 0.422738036208074 0.429482449556735 0.199342760709173 0.222490122750999 0.383953281706796 0.284212765019685 0.355048535733316 0.305637128067624 0.24247764507472 0.186698890731368 0.191865116458196 0.359315727898799 0.254972060644119 0.336289097643667 0.398385747767994 0.460988942254004 0.300940662105704 0.421135203751271 0.508966906437005 0.48465557929376 0.388270397871663 0.457560437411297 0.281293675024384 0.429545223202665 0.207623459931371 0.443828917947268 0.343907975771411 0.358852788014838 0.138716844330283
