0 0.087420779535639 0.0898235740981734 0.0742116096048709 0.223623254653579 -0.000750305286244388 0.120375142358229 0.239400372342871 0.162115826513012 0.155171869367305 0.186370451204343 0.161991776709192 0.0475919342534049 0.116142430177573 0.161110725991068 0.178652983287668 0.0192056578179682 0.124590477550087
0.087420779535639 0 0.0640695764842871 0.0646274329817165 0.0942404631429927 -0.00186864883003236 0.0696001144412864 0.082564350401486 0.0678291444613936 0.0742964160556981 0.0736415757074467 0.0785565084229736 -0.0174260743554076 0.0700718842654748 0.0506863461298314 0.0658918895725121 -0.00941604093986633 0.04559334206724
0.0898235740981734 0.0640695764842871 0 0.312368085266696 0.2273831773359 0.0660455920399181 0.167228526696874 0.278735494542455 0.214420189918705 0.218782214867963 0.0923803261076108 0.156964532542287 -0.0178217995569632 0.11174041654379 0.0974597608179431 0.168934878533559 -0.00484840556486473 0.134860800020051
0.0742116096048709 0.0646274329817165 0.312368085266696 0 0.205259281929461 0.0524615015026049 0.18726494874894 0.189715737812131 0.156576028835391 0.189895430293089 0.0717932174541142 0.124739030867133 -0.0351216474702203 0.0831652590625391 0.103248686278527 0.130414615993379 0.0455709338240066 0.0942939281966497
0.223623254653579 0.0942404631429927 0.2273831773359 0.205259281929461 0 0.0146451808006713 0.10575635107746 0.191685840900719 0.159871150067031 0.194632401023648 0.178055260518782 0.140079582887857 0.0345544106496372 0.152782199833652 0.145547976278882 0.138458290787562 0.00483213145201973 0.125417959358267
-0.000750305286244388 -0.00186864883003236 0.0660455920399181 0.0524615015026049 0.0146451808006713 0 0.0913747541063707 0.13342046270524 0.157888476280231 0.138759217769736 0.0458743519011839 0.0729233622780869 0.0182898262655609 0.0516163729325888 0.0546404259996963 0.100536625018228 0.0529325235172419 0.093708757680005
0.120375142358229 0.0696001144412864 0.167228526696874 0.18726494874894 0.10575635107746 0.0913747541063707 0 0.19285506030745 0.181279824376959 0.282012513064002 0.0795367871551393 0.163249381376483 -0.00840708677017793 0.100537933347186 0.157113254928304 0.223178591320665 0.0678678778463063 0.144751054334217
0.239400372342871 0.082564350401486 0.278735494542455 0.189715737812131 0.191685840900719 0.13342046270524 0.19285506030745 0 0.257246824000619 0.281942334540804 0.140628843753543 0.185983447265337 -0.00780878027932339 0.144167150171125 0.16213437959421 0.223264084045482 0.0309841264956335 0.178696506501557
0.162115826513012 0.0678291444613936 0.214420189918705 0.156576028835391 0.159871150067031 0.157888476280231 0.181279824376959 0.257246824000619 0 0.341084904866265 0.179873844684722 0.242496965231508 0.0508402631982024 0.180504436537083 0.2010471646269 0.262823399933917 0.096110290626812 0.219189335452334
0.155171869367305 0.0742964160556981 0.218782214867963 0.189895430293089 0.194632401023648 0.138759217769736 0.282012513064002 0.281942334540804 0.341084904866265 0 0.161613617952937 0.221953100672244 0.0289566251365795 0.199091047719366 0.23798425625154 0.280621877447736 0.110348641836606 0.259570818624821
0.186370451204343 0.0736415757074467 0.0923803261076108 0.0717932174541142 0.178055260518782 0.0458743519011839 0.0795367871551393 0.140628843753543 0.179873844684722 0.161613617952937 0 0.172280442486656 0.0859393687313803 0.144605241824519 0.17430730499463 0.144102306846946 0.0583928073538808 0.112231607318151
0.161991776709192 0.0785565084229736 0.156964532542287 0.124739030867133 0.140079582887857 0.0729233622780869 0.163249381376483 0.185983447265337 0.242496965231508 0.221953100672244 0.172280442486656 0 0.080337092435178 0.183652578502757 0.188757675955648 0.267445015036089 0.0867257577518799 0.169682163150231
0.0475919342534049 -0.0174260743554076 -0.0178217995569632 -0.0351216474702203 0.0345544106496372 0.0182898262655609 -0.00840708677017793 -0.00780878027932339 0.0508402631982024 0.0289566251365795 0.0859393687313803 0.080337092435178 0 0.0379254941535428 0.0231633866527195 0.0295804584132154 0.00744553825876651 0.0174859974289511
0.116142430177573 0.0700718842654748 0.11174041654379 0.0831652590625391 0.152782199833652 0.0516163729325888 0.100537933347186 0.144167150171125 0.180504436537083 0.199091047719366 0.144605241824519 0.183652578502757 0.0379254941535428 0 0.127552247006264 0.183319029408553 0.0394003775254402 0.215287029737292
0.161110725991068 0.0506863461298314 0.0974597608179431 0.103248686278527 0.145547976278882 0.0546404259996963 0.157113254928304 0.16213437959421 0.2010471646269 0.23798425625154 0.17430730499463 0.188757675955648 0.0231633866527195 0.127552247006264 0 0.172629278851081 0.0522743563070331 0.127029643879204
0.178652983287668 0.0658918895725121 0.168934878533559 0.130414615993379 0.138458290787562 0.100536625018228 0.223178591320665 0.223264084045482 0.262823399933917 0.280621877447736 0.144102306846946 0.267445015036089 0.0295804584132154 0.183319029408553 0.172629278851081 0 0.0494254462455289 0.223318639840191
0.0192056578179682 -0.00941604093986633 -0.00484840556486473 0.0455709338240066 0.00483213145201973 0.0529325235172419 0.0678678778463063 0.0309841264956335 0.096110290626812 0.110348641836606 0.0583928073538808 0.0867257577518799 0.00744553825876651 0.0394003775254402 0.0522743563070331 0.0494254462455289 0 0.0523742890414671
0.124590477550087 0.04559334206724 0.134860800020051 0.0942939281966497 0.125417959358267 0.093708757680005 0.144751054334217 0.178696506501557 0.219189335452334 0.259570818624821 0.112231607318151 0.169682163150231 0.0174859974289511 0.215287029737292 0.127029643879204 0.223318639840191 0.0523742890414671 0
