0 0.0266156082994988 -0.100338460583808 0.020582690247646 -0.0532722758871214 -0.0892093932791615 -0.0526941183828742 0.0558924698285953 0.0974492663670703 0.015639357750277 0.0062608074926044 0.0949492892806908 0.00674519136719804 -0.168334969760155 0.0179986900621986 0.0397228241041482 0.0152737450350909 0.208064938848283
0.0266156082994988 0 -0.0582866432400282 -0.0149991863192258 0.0482252964181068 0.00230799726337065 0.0169540535497652 0.0893388027739328 -0.106896908080012 -0.100017415587469 -0.0983781836564191 -0.0476320924807064 -0.0485597472463553 -0.0579596954599179 -0.162408996629889 0.0508513556891275 -0.0233762373495635 0.0435209869288816
-0.100338460583808 -0.0582866432400282 0 0.159747905108613 -0.0298121187128407 0.0368577508213085 -0.00689402601631011 0.0814044353653318 -0.0273723753592526 0.0937558674688815 0.182320440938727 -0.0784818394664772 -0.0177899890129908 0.00351506615016477 -0.055769317080759 -0.0732250776580869 0.00696616880844831 -0.0124576282514224
0.020582690247646 -0.0149991863192258 0.159747905108613 0 -0.115356718728321 0.0395418191158812 0.0092310730601819 -0.0911797087051819 -0.0085176472095998 -0.042618480308143 0.0422447234406812 -0.0548513440189647 0.0918282622866904 0.0823623021769033 -0.0646784578230483 0.0573627547781357 -0.117282809474488 0.0386524581716309
-0.0532722758871214 0.0482252964181068 -0.0298121187128407 -0.115356718728321 0 0.0196561090264609 0.0145150426890377 0.141934714330862 0.0224776250103775 -0.0359041072337354 0.0480790754793517 -0.0361225090570901 -0.0499168203760016 0.00341922918007146 -0.00231825058283512 -0.0199817245302084 0.01533031664129 -0.00931394597234404
-0.0892093932791615 0.00230799726337065 0.0368577508213085 0.0395418191158812 0.0196561090264609 0 -0.0140955560151856 -0.0792595388183987 -0.055033070618653 -0.0966706739076071 -0.0524529850166969 -0.00532345302571457 0.0197327749111773 0.0442461950149738 -0.0560902557674634 -0.0592371936841649 -0.0342294889717172 -0.00369976464138951
-0.0526941183828742 0.0169540535497652 -0.00689402601631011 0.0092310730601819 0.0145150426890377 -0.0140955560151856 0 -0.0513323686299909 0.108499469625097 -0.0533927274860643 0.170159774620313 0.139573025511462 0.0431989664069217 0.107581008480106 0.140422322169639 -0.0651431662610209 -0.0603100077978665 0.060613321855433
0.0558924698285953 0.0893388027739328 0.0814044353653318 -0.0911797087051819 0.141934714330862 -0.0792595388183987 -0.0513323686299909 0 -0.112953066909719 0.178099963494982 -0.007987097620172 -0.0473148690126984 0.0452000931062147 -0.015967530822438 0.0095934794760745 -0.0601266208253824 0.0531900555021444 0.0542539221912026
0.0974492663670703 -0.106896908080012 -0.0273723753592526 -0.0085176472095998 0.0224776250103775 -0.055033070618653 0.108499469625097 -0.112953066909719 0 0.0625825041965408 0.016034909923249 0.0815276517917386 -0.0379263745269898 0.0444289584703206 -0.0644704025816021 -0.028108357140473 -0.0502493018940673 0.106614168607752
0.015639357750277 -0.100017415587469 0.0937558674688815 -0.042618480308143 -0.0359041072337354 -0.0966706739076071 -0.0533927274860643 0.178099963494982 0.0625825041965408 0 0.151038608812107 -0.134400141535787 0.0825101172811736 0.0149969718005606 0.130775473469388 0.116479132181213 0.0460232116147326 0.0797125610500138
0.0062608074926044 -0.0983781836564191 0.182320440938727 0.0422447234406812 0.0480790754793517 -0.0524529850166969 0.170159774620313 -0.007987097620172 0.016034909923249 0.151038608812107 0 0.0506447058143122 -0.0813310397708319 -0.034511750878381 -0.00142058558624753 0.0619659061571214 0.0169505546194231 0.110124751142219
0.0949492892806908 -0.0476320924807064 -0.0784818394664772 -0.0548513440189647 -0.0361225090570901 -0.00532345302571457 0.139573025511462 -0.0473148690126984 0.0815276517917386 -0.134400141535787 0.0506447058143122 0 -0.112202896157678 -0.0034775581568543 0.129931116686829 -0.020316007925803 0.0428725895481015 -0.0625147134225743
0.00674519136719804 -0.0485597472463553 -0.0177899890129908 0.0918282622866904 -0.0499168203760016 0.0197327749111773 0.0431989664069217 0.0452000931062147 -0.0379263745269898 0.0825101172811736 -0.0813310397708319 -0.112202896157678 0 0.0911534456569587 0.100941203050873 -0.110779473904422 0.107872662836755 0.149202527562581
-0.168334969760155 -0.0579596954599179 0.00351506615016477 0.0823623021769033 0.00341922918007146 0.0442461950149738 0.107581008480106 -0.015967530822438 0.0444289584703206 0.0149969718005606 -0.034511750878381 -0.0034775581568543 0.0911534456569587 0 0.0152156787493444 0.0470200444876072 -0.0187723175773903 0.102217729804269
0.0179986900621986 -0.162408996629889 -0.055769317080759 -0.0646784578230483 -0.00231825058283512 -0.0560902557674634 0.140422322169639 0.0095934794760745 -0.0644704025816021 0.130775473469388 -0.00142058558624753 0.129931116686829 0.100941203050873 0.0152156787493444 0 -0.0336263629237027 0.0226609840246441 -0.0695324759180105
0.0397228241041482 0.0508513556891275 -0.0732250776580869 0.0573627547781357 -0.0199817245302084 -0.0592371936841649 -0.0651431662610209 -0.0601266208253824 -0.028108357140473 0.116479132181213 0.0619659061571214 -0.020316007925803 -0.110779473904422 0.0470200444876072 -0.0336263629237027 0 -0.100382846626844 0.136045821492734
0.0152737450350909 -0.0233762373495635 0.00696616880844831 -0.117282809474488 0.01533031664129 -0.0342294889717172 -0.0603100077978665 0.0531900555021444 -0.0502493018940673 0.0460232116147326 0.0169505546194231 0.0428725895481015 0.107872662836755 -0.0187723175773903 0.0226609840246441 -0.100382846626844 0 -0.117787497677236
0.208064938848283 0.0435209869288816 -0.0124576282514224 0.0386524581716309 -0.00931394597234404 -0.00369976464138951 0.060613321855433 0.0542539221912026 0.106614168607752 0.0797125610500138 0.110124751142219 -0.0625147134225743 0.149202527562581 0.102217729804269 -0.0695324759180105 0.136045821492734 -0.117787497677236 0
