0 0.231186989593282 0.141007027720882 0.164617141095334 0.211358333435654 0.189492462224864 0.264443998233297 0.192970528418448 0.238831376323721 0.219104634983362 0.108590370300455 0.195260454845486 0.186918782305421 0.100128788698427 0.156077510103604 0.105813452706308 0.152704372868306 0.229951627320249
0.231186989593282 0 0.195088716586994 0.200909065845931 0.255670454699223 0.0957665763007909 0.136171118598059 0.189669685549842 0.197920378136279 0.248028605672323 0.17328107898568 0.113318177851559 0.2185058155594 0.21058523655959 0.252757412813821 0.22413789789039 0.242792364766062 0.261135581902835
0.141007027720882 0.195088716586994 0 0.0916382909634886 0.220919947340354 0.174387794521799 0.170980534235111 0.225157723538971 0.222513789623597 0.116833964837824 0.141017820554287 0.205115673948133 0.153076970339868 0.237351649643791 0.182468300014789 0.220363088306611 0.182007488330892 0.242702751941638
0.164617141095334 0.200909065845931 0.0916382909634886 0 0.257510956757402 0.185391764930428 0.197924395504026 0.15383823976015 0.199244666157399 0.162714853589498 0.185507429362579 0.242065768211669 0.184364990759957 0.174875768546108 0.181659472197784 0.228578500977315 0.18571966041347 0.2655712386531
0.211358333435654 0.255670454699223 0.220919947340354 0.257510956757402 0 0.223986227192112 0.281298672343647 0.173537135637351 0.236573105702277 0.221917738986204 0.274583525348927 0.245183405115091 0.172015331689748 0.263706718669267 0.163779408056208 0.173719021224117 0.206793042155771 0.185035575766707
0.189492462224864 0.0957665763007909 0.174387794521799 0.185391764930428 0.223986227192112 0 0.185314420841731 0.147180824350696 0.171144382168785 0.135390496286327 0.13585009006476 0.165789594221161 0.204683392159104 0.205750839068748 0.210526338332555 0.207552357630484 0.217362025117814 0.180140610884151
0.264443998233297 0.136171118598059 0.170980534235111 0.197924395504026 0.281298672343647 0.185314420841731 0 0.190977282581265 0.231868385474954 0.256916349402218 0.222064082439993 0.282764689190102 0.319933287210743 0.20667993123534 0.197436361327395 0.203327629002093 0.24350688920337 0.177749351146727
0.192970528418448 0.189669685549842 0.225157723538971 0.15383823976015 0.173537135637351 0.147180824350696 0.190977282581265 0 0.129466807986945 0.215949576652954 0.109913140100594 0.137299390151191 0.226837891541401 0.174734936902679 0.206210995750506 0.203703029394411 0.180144067579511 0.177533362305082
0.238831376323721 0.197920378136279 0.222513789623597 0.199244666157399 0.236573105702277 0.171144382168785 0.231868385474954 0.129466807986945 0 0.209650389956263 0.250043734480497 0.11188608161499 0.23551398780316 0.160835588073079 0.165908171827088 0.186368303190612 0.221273720339014 0.234172866906976
0.219104634983362 0.248028605672323 0.116833964837824 0.162714853589498 0.221917738986204 0.135390496286327 0.256916349402218 0.215949576652954 0.209650389956263 0 0.167834105272278 0.151652865691501 0.263749108967712 0.168480522805064 0.286500719985479 0.268696021953065 0.225533870047326 0.206038587150425
0.108590370300455 0.17328107898568 0.141017820554287 0.185507429362579 0.274583525348927 0.13585009006476 0.222064082439993 0.109913140100594 0.250043734480497 0.167834105272278 0 0.191141293156258 0.214894280188026 0.173982067057384 0.26783141390208 0.224469722083898 0.192568037298362 0.255228097640412
0.195260454845486 0.113318177851559 0.205115673948133 0.242065768211669 0.245183405115091 0.165789594221161 0.282764689190102 0.137299390151191 0.11188608161499 0.151652865691501 0.191141293156258 0 0.266191016825973 0.273394971538896 0.202569344735399 0.172186179091964 0.171424705889316 0.17796878763299
0.186918782305421 0.2185058155594 0.153076970339868 0.184364990759957 0.172015331689748 0.204683392159104 0.319933287210743 0.226837891541401 0.23551398780316 0.263749108967712 0.214894280188026 0.266191016825973 0 0.194275127842715 0.147111716190743 0.197285256218469 0.322390348718099 0.134145096456028
0.100128788698427 0.21058523655959 0.237351649643791 0.174875768546108 0.263706718669267 0.205750839068748 0.20667993123534 0.174734936902679 0.160835588073079 0.168480522805064 0.173982067057384 0.273394971538896 0.194275127842715 0 0.142747389353687 0.301805721069912 0.194763948282519 0.161524440703918
0.156077510103604 0.252757412813821 0.182468300014789 0.181659472197784 0.163779408056208 0.210526338332555 0.197436361327395 0.206210995750506 0.165908171827088 0.286500719985479 0.26783141390208 0.202569344735399 0.147111716190743 0.142747389353687 0 0.185912105450091 0.284349147716003 0.236060930369018
0.105813452706308 0.22413789789039 0.220363088306611 0.228578500977315 0.173719021224117 0.207552357630484 0.203327629002093 0.203703029394411 0.186368303190612 0.268696021953065 0.224469722083898 0.172186179091964 0.197285256218469 0.301805721069912 0.185912105450091 0 0.204295301608675 0.207973657619029
0.152704372868306 0.242792364766062 0.182007488330892 0.18571966041347 0.206793042155771 0.217362025117814 0.24350688920337 0.180144067579511 0.221273720339014 0.225533870047326 0.192568037298362 0.171424705889316 0.322390348718099 0.194763948282519 0.284349147716003 0.204295301608675 0 0.182290306927523
0.229951627320249 0.261135581902835 0.242702751941638 0.2655712386531 0.185035575766707 0.180140610884151 0.177749351146727 0.177533362305082 0.234172866906976 0.206038587150425 0.255228097640412 0.17796878763299 0.134145096456028 0.161524440703918 0.236060930369018 0.207973657619029 0.182290306927523 0
