0 0.214976322104626 0.143597347751849 0.165524006765266 0.0620158649212759 0.0317248347649632 0.132172457522666 0.143414261003185 0.0816172762209147 0.0104357763403133 0.156569312466159 0.11583208444206 0.128192940394881 0.0719837420281222 0.101110357264054 0.0183114233198338 0.197244662304579 0.207751162396381 0.220918207011521 0.17688778605146 0.0289835065253449 -0.024616910539345 0.103052240254898 0.0549742583234589 0.030242145020277 0.000642966229978567 0.0979366221192064 0.10625813560014 0.0859637668654381 0.0379863347778288 0.160722001743498 0.178966926052212 0.114907327804103 0.0573328992910259 0.0926306497626714 0.060967308205776 0.0781186575791294 0.040965137684377 0.149785281799929 0.0469968613867326 0.188214298055291 0.16478836893532 0.175542502766095 0.179458011094467 0.138483453973163 0.177809326783589 0.195439754398976 0.176756663810371 0.105816824355399 0.106718025208834 0.250023728907593 0.228866006724049 0.236244613286692 0.163971562835551 0.160078320707496 0.0973346413342368 0.208253342879131 0.152368720778315 0.112325349217654 0.060149578851963 0.139799320666275 0.0937847564354119 0.196046140344591 0.118576438773027 0.130140838452315 0.12557293154235 0.102393618909776 0.132797467204995 0.0685547687649939 0.0713772007936932 0.106331711610588 0.0828556925537384 0.146916977564596 0.171072278118486 0.176022126716439 0.188188461399856 0.0746625040052191 0.0917735154437832 0.177926778207531 0.174515378566872 0.056834373428843 0.118138180857778 0.113250426775413 0.140981058661919 0.0952679669558077 0.093958012317481 0.105116710537642 0.146716938120882 0.0597837927933394
0.214976322104626 0 0.117350535347547 0.145744661485087 0.0617551931204698 0.0428020505018775 0.100027311764807 0.141307180453753 0.0885546754816015 0.0571355065622526 0.143346375165975 0.172791818115236 0.0872725281879763 0.0599891541820204 0.0767592827395893 -0.00745435287407238 0.229611209194426 0.303770735002402 0.226343313268559 0.227983677086965 0.0555142764259692 -0.0543821770067297 0.0890994342269716 0.0316525411154106 0.0526506016753836 0.00679562923068538 0.111383123832784 0.163809475876723 0.0915073538740235 0.0255928658404727 0.185704845455906 0.194391186950125 0.155126362044631 0.0330662612762103 0.131143686035056 0.0916674804234713 0.100712234423521 0.0342104649010713 0.112294570780885 0.0838725727511486 0.275877791114756 0.244874756745898 0.26019097811107 0.270839328917891 0.207144897090797 0.24657815134831 0.256942957020525 0.229893701457408 0.12801031009119 0.144081540562076 0.281713873503999 0.307632300940081 0.246142150646651 0.226991034061859 0.104223447054 0.0900523808736616 0.219233567842237 0.175311044315081 0.0562225684967317 0.0277938242575816 0.153847564831791 0.117685659221169 0.250938051508774 0.162161628930499 0.157866953283655 0.143750602228129 0.0994012134994479 0.113029933155516 0.0323769968233827 0.0678748265457935 0.124900543577962 0.0874325705057439 0.190946847812424 0.197382770252202 0.228642922992727 0.231438947170878 0.0870647252612024 0.0999169509281838 0.146145941095863 0.187499984209607 0.0400248913229805 0.141790063338093 0.118929801938827 0.159418326721793 0.127251643706269 0.0616158513570896 0.131654697168448 0.161289126938121 0.00288860705029095
0.143597347751849 0.117350535347547 0 0.218126706011516 0.0957022431185572 0.0795634668559951 0.266291261099563 0.142456287111312 0.111282453436365 0.0415672167604405 0.0736885702252295 -0.00857765123840993 0.182658615152834 0.0393580822262476 0.147611839227304 0.0658310165161586 0.0582422005431897 0.0975515411793584 0.147041164368741 0.0860325355533542 0.0720059845128446 0.0191399384844576 0.276995830737074 0.258648271325755 0.13603812088161 0.0948952766947818 0.00652203828442841 -0.0302113716038239 0.152818322035267 0.0618173487785045 0.184848479013816 0.133842426558847 0.283940733871861 0.21302212075871 0.0668303251394623 0.0409434524899619 0.0302267932876511 0.031202144458631 0.101871624019985 0.0711156635663246 0.136680139107993 0.0815919106429883 0.13271018459261 0.117995386507219 0.0815214953800587 0.141860924941695 0.149085020966688 0.160192755019012 0.0698311925197631 0.0906047876933909 0.138585019160431 0.151211822397073 0.190508273815425 0.106173491114617 0.168094706239212 0.124392051287277 0.10335402291474 0.105958607119925 0.35575842227131 0.219807079821354 0.245968123763344 0.131754462102487 0.195324853367163 0.117326642246289 0.153840334523999 0.132319854460966 0.0701508799760318 0.0912422244121057 0.0661601116893869 0.0174892628333338 0.081481550458732 0.0716195877406085 0.0452613964653848 0.118452245143522 0.0643594677861241 0.133676108442985 0.0416329106518153 0.137516109817742 0.192090165351509 0.193972638383498 0.0815765975719945 0.133112072825085 0.250204726201419 0.300328575470387 0.10220647556985 0.13802875353427 0.073091974185468 0.144669405134005 0.10927022707444
0.165524006765266 0.145744661485087 0.218126706011516 0 0.0876710275776446 0.0881728159700803 0.20971522755464 0.207560688758687 0.0929896478778817 0.0764134071544787 0.104521343760694 0.0838038962092762 0.131630722907676 0.0840592722326927 0.100314318651194 0.0613472222158911 0.120827463580274 0.144019786985557 0.159710088493568 0.0984316520694765 0.0976241588183643 -0.01136896713876 0.184878499047885 0.189609212250479 0.0947302759284539 0.0610040621709125 0.0672810466829411 0.0416438036387095 0.16316643546244 0.0569749628069774 0.192100319333877 0.177596472307619 0.233252929288671 0.184221752235369 0.0467832693806331 0.0405720222744022 0.045807499464277 0.0297683908433434 0.124258769250393 0.0588153237582879 0.159114355969095 0.119960341740847 0.104346533705658 0.123890949577562 0.0915796732661144 0.13965665899427 0.146828887976331 0.162138622894989 0.0608058659073631 0.0964178604950237 0.170310956576371 0.175036709134043 0.196924080875699 0.133217045746555 0.161781818583838 0.183023608639912 0.140997263343152 0.159523286387855 0.253697408637996 0.253684529300435 0.19386415237304 0.180254575027975 0.172140270930215 0.0948261811165541 0.109106949434985 0.125851918244903 0.0664535197490791 0.122817669416608 0.0283392861215413 0.0681995295236888 0.0808330429260056 0.103282707026804 0.091144049493057 0.129278044950047 0.117081758295779 0.146565380864635 0.0513176007770475 0.132889193278366 0.170423450829744 0.180886469134015 0.0656579827577886 0.156111594832593 0.24969877762747 0.22940444051461 0.100265490452426 0.0983180978944404 0.105523915166727 0.138169183845892 0.0937407047785043
0.0620158649212759 0.0617551931204698 0.0957022431185572 0.0876710275776446 0 0.0433825590457543 0.0864737494555817 0.094777538053819 0.124705569724539 0.0654131188780114 0.0301735120838955 0.0318759929049735 0.0317171598657414 0.034905187252941 0.0577766972143405 0.011472189529349 0.0447569313700694 0.0683552766070795 0.0750462727951885 0.0515690277949536 0.0393064324222687 -0.0133316795993801 0.0442921721813856 0.0424811995029653 0.0215443493677897 0.00755625788930021 0.0352773881912681 0.0154329899735507 0.0518849588583748 0.0253822786613809 0.095477292442836 0.0761831382659051 0.102939392079431 0.0442290177868699 0.0476550232216243 0.0237507151017799 0.0426087263894803 0.0143685030100921 0.0337752136706789 0.0179985761341078 0.0644993371872341 0.0463661902160272 0.0556621599546997 0.0519937325476944 0.0279131033889451 0.041993797412102 0.0679039819909367 0.0674999762072023 0.0252744308013857 0.0276276686681228 0.087038589759742 0.0848037172434808 0.0719828558435614 0.050717397475333 0.0617687899422113 0.0937251950324633 0.0340775036665347 0.0410897740080632 0.101603532382608 0.115046521927856 0.0782504607134095 0.0606652676725863 0.0894591916197789 0.0726479134437986 0.0642806884336083 0.0508242983591813 0.0152190928620001 0.0341372939090108 0.0331094835771638 0.0271944255089424 0.0317118256980444 0.0584917773423943 0.0358155284045357 0.0916188834191212 0.0612633187721108 0.068432658657913 0.0495919928573146 0.055893389693365 0.0703269926185141 0.0800557894556567 0.0332930061749166 0.0626588043527656 0.0853951166884745 0.0821801264042552 0.020057144112425 0.0216615620651395 0.032910019370742 0.0356497574329405 -0.00717929497204805
0.0317248347649632 0.0428020505018775 0.0795634668559951 0.0881728159700803 0.0433825590457543 0 0.0535896518607491 0.0586772470704807 0.0275870010182867 0.0906104842215186 -0.00241438471225076 -0.00717184201447597 0.0253760977487622 0.00788403203617929 0.0156225579157677 0.0462787049951517 -0.00348163154415949 -0.000329373676997799 0.010997479907764 0.0178733411074358 0.0528163021584198 0.0458595048314524 0.0874188067268472 0.118740501403256 0.114326981559231 0.0227601062331753 -0.026801692944299 -0.0285791782918632 0.0361093642339259 0.0223037849101603 -0.00567399521731427 0.00740390560670258 0.0592662512102434 0.0638570527855171 -0.00964725542758317 -0.00127933243709588 -0.0184602506814794 0.027313488481415 -0.00479024454120484 0.00495112793692572 0.016367352783085 0.0206112731120296 0.0470941937681025 0.0399823786549863 0.0218388915944906 0.0266263208001742 0.0473662068302745 0.0399970755228961 -0.00357815103567146 0.0265923262192708 0.0535117157272108 0.0530970387611857 0.0471768646137553 0.0492162232470517 0.0369308174045219 0.0807309714664889 -0.00341543006831485 0.0266977465520786 0.115011221160111 0.0935262415946298 0.0448388455400099 0.0335888675054162 0.0719736599003282 0.0756958448500898 0.034456174115976 0.0193121109038062 -0.0231677001090105 0.0151153745506077 -0.000166469995194631 0.024421345188146 -0.0255644530765142 0.00200666890773666 -0.0124467913312245 0.02781169399297 0.0233081997017618 0.0383594649998871 -0.0320667071327056 0.0398388864168991 0.045431910921083 0.0761145337353103 0.00900070146013216 0.0471676458952294 0.0613755496172693 0.0637298814604148 0.017444715819075 0.0378670921711478 -0.0126231294570363 0.000604472867425818 0.00608535805515333
0.132172457522666 0.100027311764807 0.266291261099563 0.20971522755464 0.0864737494555817 0.0535896518607491 0 0.19705085618876 0.144170686260739 0.0671685585451978 0.134574946431065 0.0507798067860803 0.22059435351111 0.0897547954910614 0.146035745619883 0.0868614019543728 0.0592064404901728 0.10261044714795 0.147251012948242 0.0796064947010629 0.0613571458198212 0.00228070396182961 0.235357449411584 0.195270545399658 0.0955096990449361 0.0558058969881034 0.0420573547623829 0.0109064117177037 0.125398400173458 0.0581506856583109 0.168718515240827 0.13392538964982 0.202688225365473 0.162556952723972 0.0416540104232935 0.0298538326658664 0.0355655711286664 -0.00698780324526463 0.0724846835869033 0.0269445483243805 0.118435510659161 0.090627744250392 0.0916491777628254 0.0953543874927318 0.0689073739506978 0.109349270447007 0.123743267953442 0.156573092905743 0.0659728542383655 0.0782021784873985 0.116230804030959 0.118800325555246 0.183572220633645 0.120660234004464 0.228096635257416 0.184742390030705 0.115623863438483 0.143577644381207 0.313166232104284 0.219590205554354 0.188210676635498 0.113260921248679 0.174642514429426 0.106820099574574 0.134343885681778 0.127691783556549 0.0886942131960458 0.132749228303545 0.0901848737429797 0.0180006717878206 0.051478152504412 0.0780778962284617 0.0799804205252597 0.139288698225859 0.0737506376255127 0.137063713401718 0.0407537559903873 0.10052968727747 0.194187397976809 0.167374142706922 0.0851672693989785 0.12870185468116 0.241845229318125 0.248891832523503 0.0901355442614587 0.122218319598137 0.0804839507436512 0.114144248033953 0.0828225425235613
0.143414261003185 0.141307180453753 0.142456287111312 0.207560688758687 0.094777538053819 0.0586772470704807 0.19705085618876 0 0.127883653851188 0.169830398695442 0.13291554546873 0.154699635469253 0.094971209311195 0.153054305838015 0.0734366299525081 0.0407910716801501 0.101254271911762 0.138626534029712 0.145743616935548 0.105124797605875 0.0718407946236985 -0.00188113611515552 0.0861812871070057 0.117290531031921 0.0426628315140047 0.00997519496592968 0.0850481867493897 0.110113122129412 0.134619601994133 0.0728031075654308 0.175395443912024 0.194445601417117 0.162937383636845 0.126807321535294 0.0924883287510012 0.0179663001941916 0.0701842276500183 0.00404248105003065 0.0794877962602949 0.0210325032565103 0.17939826506214 0.13802215986179 0.0846527083052593 0.101203434919049 0.0815593980979679 0.123928700719251 0.146659104965844 0.163601593551672 0.0755878170356192 0.0835190631036966 0.126863941672923 0.131738879388922 0.225258976362297 0.17725337750919 0.18594315509154 0.29055444419879 0.112396229151634 0.216294624405197 0.094370566505635 0.249197866090319 0.159288999489264 0.153162539414511 0.130205361541235 0.0523930205254343 0.147197855528819 0.149260363987925 0.124207872618684 0.154289779078198 0.0688004803851534 0.053140701572929 0.0922999335890233 0.142822566032246 0.102861067257943 0.169520881346383 0.133935221852623 0.176569528680489 0.045193209522228 0.0718476126054774 0.110562963603392 0.155085779185631 0.0629550848978747 0.139239632272558 0.240936819598731 0.170522233039746 0.087613540784899 0.0884226668945362 0.156907286422098 0.153213168521497 0.052752818355554
0.0816172762209147 0.0885546754816015 0.111282453436365 0.0929896478778817 0.124705569724539 0.0275870010182867 0.144170686260739 0.127883653851188 0 0.119639167025989 0.078039430299952 0.0951013719528293 0.119447411018793 0.104244337959959 0.102566533032731 0.074617980581061 0.0236520531253603 0.0732801131892622 0.0698226622436897 0.0401272098570693 0.067974948004395 0.00619040232243761 0.0908266691571047 0.0976703087674408 0.0835508851596851 0.0244648555866388 0.0411724249152466 0.0551781501857058 0.0812264373079101 0.0458341748854311 0.108528121432722 0.085946210730709 0.0828422042465537 0.0583764447035266 0.0927079225762567 0.00136440686992888 0.0465178431530739 -0.00912074356096906 0.0379222507308273 0.0667225412939475 0.0601966736608263 0.0554994310305923 0.0206808258359038 0.0332727127612347 0.0013636834970538 0.0123855711255381 0.0528356112786146 0.0675309872234763 0.0435143397278965 0.0335534847389257 0.0592759749600986 0.0828192065683605 0.103446606143134 0.0629049947490284 0.136978872633107 0.117886039576591 0.093807234280827 0.105745064557834 0.118370734841544 0.131599662859367 0.0806884485749629 0.0571221006621185 0.0480886511269923 0.00903928450943914 0.103504673638225 0.115064903428274 0.085433220331526 0.0992726969352794 0.0607303177202013 -0.00897206494554197 0.0610475563172134 0.0765296310100049 0.0542486544834536 0.114640361526175 0.05379430039723 0.0771377013400722 0.0465185022308032 0.0767120697571432 0.103452329992568 0.0963793799780904 0.0588723982365342 0.0769789876493052 0.118322964267817 0.111352687113841 0.0291132603635251 0.0549034714560985 0.0338616387889538 0.0544321086715354 -0.0335835123954666
0.0104357763403133 0.0571355065622526 0.0415672167604405 0.0764134071544787 0.0654131188780114 0.0906104842215186 0.0671685585451978 0.169830398695442 0.119639167025989 0 0.0202524286018566 0.139555946588993 0.0520284399957117 0.149854571333752 0.00669541217046454 0.0807816638941883 -0.0363389378629867 -0.00609247845807994 0.00530293568090591 0.00381126981782908 0.0489082055345587 0.0449587105827919 0.0544889769140317 0.114615225996261 0.089518751884645 0.047205130806535 0.021426445962317 0.0844501573182736 0.0469654170829682 0.0605355653467984 0.0461396713022924 0.0567514505277536 0.0524415669246355 0.0538697345800672 0.0704186893247499 -0.0301249237230637 0.0469070862937717 -0.00485796852924523 -0.0608314950818552 -0.0326438103044371 0.0283285945387838 0.0146847795927599 -0.0126616008958458 -0.00495842997467154 -0.0279578704754537 -0.00605305230449378 0.0355632976198135 0.0537283541807661 0.0172455906217308 0.000589338990592061 -0.0056755171750819 0.00470881395104069 0.0486498374179961 0.0411791914853178 0.0997535975267814 0.230657211231859 0.0221550013075742 0.127302036383864 0.0332302741681259 0.167649796332298 0.0269467363692999 0.0407236911991961 0.00397515178185798 -0.0247078693918954 0.103788084461242 0.108843637620437 0.0691595520729139 0.0839993300603399 0.0511029994580496 0.0151165791257945 0.0324432348066732 0.0734203495042914 0.0353519497533164 0.0998880444542641 0.0439712778587751 0.0763882006853593 -0.00301429461271565 0.0234388052424398 0.0279388775114383 0.086597911115283 0.0227302523924701 0.0762649564111169 0.102256201022484 0.0349980016355288 0.00796054893417758 0.0165852118351128 0.0346196615527992 0.0384519609877533 -0.0299343037155416
0.156569312466159 0.143346375165975 0.0736885702252295 0.104521343760694 0.0301735120838955 -0.00241438471225076 0.134574946431065 0.13291554546873 0.078039430299952 0.0202524286018566 0 0.177728115881651 0.205579978949239 0.123415866625164 0.0969858665918518 0.0335302032581221 0.179169552364475 0.179992049666093 0.147104595490692 0.144737018067752 0.0236124829778465 -0.00397727020896186 0.0749034824276697 0.0342423826673193 0.012843369482369 -0.0528126980682318 0.154514434463081 0.140433079805347 0.0736846092085043 0.0436839347313248 0.111924480434893 0.139787692624829 -0.0178375108341757 -0.0295604039774266 -0.0281633996205769 0.0202007221010878 0.0304932813681137 -0.0238323239325868 0.152570382696024 -0.000804156266931653 0.118324145372614 0.137984675823938 0.0650109390512969 0.108984437605362 0.0938794657247761 0.109854582636667 0.0758399988488156 0.0930401341702127 0.0440041908710149 0.0732604396836283 0.126033699576657 0.147573297313754 0.149795546006119 0.110399858380969 0.192470280702517 0.141667185492672 0.214072601724401 0.199536474629782 0.0703414860444518 0.0353917570866278 0.0457119690161497 0.0679095791209954 0.0993548304515575 0.0627291600115703 0.0559640284185676 0.0868391196895448 0.105216129319805 0.118564618397586 0.0938593889594605 0.0993241904734691 0.0448328653280797 0.0877644090157195 0.117476118380706 0.0983541512124621 0.126840211233498 0.122615657503361 0.00724868205385888 0.00366203021714641 0.0982121664954665 0.0958122204010405 0.0690429592302917 0.0948734632931029 0.0762710318092344 0.0792468362707918 0.0697672069399659 0.0916798842116002 0.082148231421745 0.0935459039885565 0.0589551272519187
0.11583208444206 0.172791818115236 -0.00857765123840993 0.0838038962092762 0.0318759929049735 -0.00717184201447597 0.0507798067860803 0.154699635469253 0.0951013719528293 0.139555946588993 0.177728115881651 0 0.0637720757362002 0.182462880369897 0.0137784900393482 0.0465708417367673 0.121648704395421 0.199104183509967 0.132507923301883 0.141421785755051 0.0157952363666528 0.00251836395828079 -0.0106916603685968 -0.0404516884168605 -0.0109006056344956 -0.0227228762164713 0.142849879525157 0.287259151017578 0.0100420383715723 0.05005547171305 0.137116797323683 0.15505923037456 0.0177061866535041 -0.00615537678774412 0.0836944599887938 -0.00864902709146192 0.0601957362543209 -0.0146865228423111 0.0182105279269839 0.0408038648990893 0.163464173538392 0.168537729364094 0.0863230601856682 0.114587768827821 0.105881383696747 0.103103800620057 0.167730391975714 0.149106567897186 0.0951726940251899 0.0670091977532767 0.0816020667894125 0.11213537162342 0.198210893876668 0.181645713320042 0.152574754490624 0.141922604403639 0.275771903025736 0.30266465032581 -0.0865972675773245 -0.00669766480308927 0.0637921361221152 0.078707380502552 0.0606179076616899 -0.00425355998161302 0.143477257073454 0.140747544979613 0.155718476897306 0.17452712071817 0.0415835021584256 0.0758690312553826 0.140393846867233 0.133812555804331 0.126689305956739 0.157454060861306 0.142217507964804 0.111706204541288 0.0728220961773197 0.00872491853875351 0.0431445485725552 0.0794393784488354 0.0205527687375407 0.107442264490912 0.0945821115901337 0.0619513022162348 0.0540358495006775 0.0224045130285362 0.156252364765221 0.145326790830926 -0.0412546270016291
0.128192940394881 0.0872725281879763 0.182658615152834 0.131630722907676 0.0317171598657414 0.0253760977487622 0.22059435351111 0.094971209311195 0.119447411018793 0.0520284399957117 0.205579978949239 0.0637720757362002 0 0.163494888156259 0.181905089503097 0.120929665136029 0.0714532346243816 0.0891288829727277 0.119338496162959 0.0794222202481997 0.0520708657284085 0.0180514420960126 0.20570625945467 0.14889880564147 0.0932868250017539 0.0449549522477239 0.0492097901309419 0.0280980730887989 0.0545973931683076 0.0247318584950967 0.0952327029158269 0.0630186690901058 0.066511174295258 0.0825866923926968 0.0274196610708993 0.00340814525346133 0.0185825344936584 -0.00699849047527028 0.0935369047482906 0.000831799092098203 0.0920110331900836 0.0597779159354641 0.064017995630013 0.0713129360757194 0.0387818729929892 0.0648912505230372 0.0577444377365693 0.105718765844339 0.0443453283413974 0.0698964188025735 0.0801827497562907 0.10271606321899 0.121505968535651 0.0759445878086192 0.228474333707586 0.118170085828587 0.13808466631395 0.104432252764353 0.297903282211733 0.160028539060508 0.100756649796496 0.0607423431902895 0.0995237903747284 0.0603699643574173 0.0717436166758426 0.0753358240182863 0.0938976116504247 0.113572041515755 0.0949064353113373 0.0202009492480052 0.0193099624978073 0.0394104657625181 0.0846737746837771 0.102083812163501 0.0856257334922292 0.133867441245084 0.0712118130551823 0.112560242289015 0.170127623949333 0.135803557130375 0.102969328860194 0.0882449851860885 0.0986550114354838 0.139755870951717 0.0588293309345141 0.0794746514958575 0.0325127774677619 0.0861458603215215 0.0500671734344355
0.0719837420281222 0.0599891541820204 0.0393580822262476 0.0840592722326927 0.034905187252941 0.00788403203617929 0.0897547954910614 0.153054305838015 0.104244337959959 0.149854571333752 0.123415866625164 0.182462880369897 0.163494888156259 0 0.103162447352161 0.158839750144118 0.0183778803742399 0.0691062881763986 0.0654716076869309 0.0722855343315906 0.0652600220202051 0.0119594743080957 0.0475923637033478 0.0813650444673561 0.0207221108431513 0.0441452030062592 0.113641691238776 0.152572739445236 0.0519260640757909 0.096753854216783 0.106936072149705 0.0807364447719626 0.0383578505668491 0.0605482051136474 0.0757619148961855 0.0217182346616307 0.0757511490948754 -0.0154549357615921 0.0160330234878953 0.000442058254875663 0.103620839517986 0.075798486652296 -0.00112539639058799 0.0229228083869419 0.00687815792602906 0.00427505578763813 0.0453547596615017 0.0832549485535912 0.0243784407162376 0.0202115097960396 -0.0121236972730794 0.0212940682580747 0.0822192272211342 0.0609817509382322 0.147027983205359 0.214199247761753 0.121359782027093 0.194131024179356 0.091809245519918 0.151236465681002 0.0594614665122054 0.0625822924026918 0.022135765527347 -0.0225268243536753 0.105524918362038 0.116935497381654 0.162119515611879 0.149446419323941 0.0663061163150677 0.0273963516755047 0.0607781467365269 0.108580237743224 0.0785103973074466 0.128098319147627 0.0879868414229497 0.0998195311236347 0.112266259075867 0.0895976686330966 0.104751965282168 0.0927944191831577 0.0420896731300504 0.0862666164993388 0.0827463104505501 0.0387978684066773 0.0154582487797261 0.00903696560780484 0.0988062492028205 0.0810106111537172 -0.0187565939588298
0.101110357264054 0.0767592827395893 0.147611839227304 0.100314318651194 0.0577766972143405 0.0156225579157677 0.146035745619883 0.0734366299525081 0.102566533032731 0.00669541217046454 0.0969858665918518 0.0137784900393482 0.181905089503097 0.103162447352161 0 0.121342500363392 0.073562641515567 0.0858197908227114 0.116707430162763 0.0843312050683955 0.08436382227819 -0.0298904630689182 0.175724189731355 0.127755828654311 0.0443631467574731 0.0480132716795466 0.0652986545382089 0.0587997080302639 0.107805688835607 0.0541637193650441 0.133061603622229 0.0899679322331446 0.115927892187887 0.0659224778891301 0.0508571186951186 0.0315272572404928 0.0412005237261086 -0.0184144799569265 0.0877962613449777 0.00357819494278485 0.103708130149575 0.103216536608905 0.0390124925371319 0.0498886147529216 0.0408432057733751 0.0692521367493186 0.0578243652352992 0.081583760266581 0.0388756358588489 0.0243350880324984 0.0732973926203435 0.103714597233496 0.0919594618840836 0.0513129554289184 0.0954478303795318 0.0283753402915505 0.120491556876886 0.0642218808460433 0.234304250883328 0.0842615860159161 0.079325492009941 0.0403256901210915 0.0536950795941631 -0.00226501315407924 0.0929219266669803 0.0940129065735191 0.0683471486690694 0.0726445214904038 0.0522493106473877 -0.0124113996033656 0.0633148487845486 0.0595336471748647 0.0530603003259544 0.111411158077679 0.0584411036099613 0.0697583163296581 0.109634139391657 0.11950004001549 0.129065604242712 0.0929016520812006 0.0651214433144149 0.0703671021538645 0.0948962049662593 0.124702053137125 0.046492299969106 0.0524612710889912 0.0336662557921545 0.0541309214286372 0.0168734632010634
0.0183114233198338 -0.00745435287407238 0.0658310165161586 0.0613472222158911 0.011472189529349 0.0462787049951517 0.0868614019543728 0.0407910716801501 0.074617980581061 0.0807816638941883 0.0335302032581221 0.0465708417367673 0.120929665136029 0.158839750144118 0.121342500363392 0 -0.0317670495137915 -0.0158333255069 0.00617490571805448 0.0233832196479729 0.0901995831371541 0.014843571640317 0.133574716585962 0.150793120337096 0.0550236814072999 0.0744860044724924 0.0409001074835333 0.0591061318380878 0.083003325689949 0.0936018897106947 0.0587425255968915 0.0260413482932513 0.0561815864542464 0.111593386179025 0.0355499267018383 -0.00692250540567476 0.0470895258738026 -0.0219349361097168 -0.0143830332313947 -0.0162686654577676 0.028933545369812 0.0278838099298828 -0.0393845646406596 -0.028832721482824 -0.0109543903186629 -0.0460707906416597 -0.00122683793206961 0.0192465029102978 0.00155691547457936 -0.014156739681217 -0.0432603235090503 -0.0245149643020082 -0.000813677756351627 0.00842863882627335 0.0869637396398001 0.0597461300925343 0.0590901173803174 0.104459032452401 0.183951989695912 0.106041748185922 0.0387752383021933 0.0125646671788179 -0.0192932972179811 -0.0489637780461493 0.0805346381249322 0.0607309598564365 0.0704394374434079 0.0644293917401398 0.029047747914271 -0.0203750300386714 0.0471115961233831 0.0745767504735303 -0.0186270516529789 0.0556394167391038 -0.0100633307273873 0.0257325055718157 0.0958303795023706 0.125432724511301 0.0622481461628456 0.0624065761668985 0.0595594887349932 0.0495472974402483 0.0663369526313038 0.0447565123203686 0.00295409783342024 0.00223144241113042 0.0295616120036686 0.0234762427751351 -0.0159430502211848
0.197244662304579 0.229611209194426 0.0582422005431897 0.120827463580274 0.0447569313700694 -0.00348163154415949 0.0592064404901728 0.101254271911762 0.0236520531253603 -0.0363389378629867 0.179169552364475 0.121648704395421 0.0714532346243816 0.0183778803742399 0.073562641515567 -0.0317670495137915 0 0.354975352325804 0.230539115741123 0.219517327964365 0.0301439377609339 -0.0653555535874524 0.0306847429489286 -0.0336165516147043 0.00162587321476706 -0.0242861380427963 0.182242516647089 0.20413197536481 0.0885153945455858 0.0112395387033747 0.19848538541344 0.240053706978032 0.106751720132501 0.0133860801254194 0.128897310615088 0.0995524422099052 0.0851198371280046 0.0628959637297035 0.192291856684308 0.0344929330026964 0.250182141517704 0.251224905520347 0.209693141093868 0.248108418512773 0.197744259426363 0.225831799723273 0.177128760627575 0.157110949755946 0.0794820441651041 0.113435906073495 0.306239585144943 0.287042050007499 0.212355461367603 0.172800109007546 0.054275847477311 0.0546503584278992 0.245033702619261 0.144323470163494 0.0253002757670622 -0.00923225242070269 0.133548265224079 0.12458816355047 0.210010954585861 0.175936776875318 0.0719697348191215 0.0894176989144201 0.102689813527024 0.0938332218187997 0.0681999885725782 0.104692170671701 0.131011400740058 0.0847835479780613 0.277321739355028 0.225271408987663 0.299350937797236 0.22720486251771 0.073696799647249 0.0759951294981302 0.132810394237627 0.140927716854418 0.018701262218764 0.0873273384688854 0.072979771991364 0.0563950014422065 0.125348593335126 0.0731912403857713 0.127028965561539 0.1179313273955 0.0711786062758616
0.207751162396381 0.303770735002402 0.0975515411793584 0.144019786985557 0.0683552766070795 -0.000329373676997799 0.10261044714795 0.138626534029712 0.0732801131892622 -0.00609247845807994 0.179992049666093 0.199104183509967 0.0891288829727277 0.0691062881763986 0.0858197908227114 -0.0158333255069 0.354975352325804 0 0.293735058287049 0.263824515604157 0.0336101868960998 -0.0567720077380576 0.0760983174763861 -0.00378148004880614 0.0208881974498017 -0.0073280180859536 0.196435149251404 0.253485217133437 0.100803307618465 0.0491338738720079 0.277842990353183 0.273914750358243 0.17821088587478 0.0328854240759717 0.164748946127513 0.110646883266761 0.107805030326358 0.0278379442124458 0.183899992625178 0.0524841939228171 0.320821886656135 0.302886259446892 0.249612784947555 0.28793256031357 0.219663404948755 0.264037293685229 0.244743571051427 0.251917720391338 0.114332931569624 0.140814276215089 0.344227795957945 0.343800574866923 0.277211886625091 0.236348803792922 0.117898192465005 0.0533707789397624 0.320119602532603 0.219330390944331 0.0679446246653977 -0.00356378150486889 0.195611742617877 0.14462803123695 0.244196330054044 0.168336399717303 0.106937567749619 0.117535288143482 0.141791183398854 0.168681134051617 0.0638770591433183 0.0859050681437783 0.175307667484745 0.106055696266006 0.302912395882305 0.30010983264426 0.317120575874385 0.264900094722032 0.106288461412267 0.0912353478744307 0.200012507677729 0.199959555851614 0.0439415087845506 0.128597488252352 0.115568808946839 0.130621499286014 0.131871197360686 0.0928126672686091 0.166002665949197 0.189087075458459 0.0496398743427801
0.220918207011521 0.226343313268559 0.147041164368741 0.159710088493568 0.0750462727951885 0.010997479907764 0.147251012948242 0.145743616935548 0.0698226622436897 0.00530293568090591 0.147104595490692 0.132507923301883 0.119338496162959 0.0654716076869309 0.116707430162763 0.00617490571805448 0.230539115741123 0.293735058287049 0 0.236740378293297 0.0361786572697022 -0.0440034857073485 0.115773945907634 0.00897044812201847 -0.020154156442215 -0.0134717044646485 0.130442149453789 0.171384189257827 0.089049956814979 0.0540779965264811 0.256568150479876 0.219244344094785 0.18196866947816 0.0274525984665528 0.112045747748441 0.0697710180849287 0.0591262410640382 0.0107492491495901 0.101960163919628 0.0112087250025125 0.265434547056552 0.230483995591635 0.216463374508913 0.229748689111192 0.180011848476916 0.224501924441778 0.22036052039525 0.223356992969912 0.091956973623913 0.110345647151726 0.257072394576425 0.263029383508909 0.254009985396022 0.20956452102387 0.116642593724097 0.0657083953958645 0.236412575119078 0.163272671294882 0.0899427067711118 0.0219205974906908 0.190509208334939 0.118106609674911 0.228196698676441 0.148465196462412 0.17076267708568 0.155040382060131 0.124381379818569 0.118814588934882 0.029189397743965 0.0530812278939142 0.139288409604208 0.0937044608422688 0.148023439168365 0.190083960714614 0.177260490341621 0.184948813238528 0.116260666923758 0.0786621515071927 0.160973111760421 0.139324249272529 0.0537102096163563 0.123215535033256 0.162089032182269 0.203640704064673 0.125158498961676 0.0930823615638853 0.142285577436252 0.179449681372313 0.0570918075874397
0.17688778605146 0.227983677086965 0.0860325355533542 0.0984316520694765 0.0515690277949536 0.0178733411074358 0.0796064947010629 0.105124797605875 0.0401272098570693 0.00381126981782908 0.144737018067752 0.141421785755051 0.0794222202481997 0.0722855343315906 0.0843312050683955 0.0233832196479729 0.219517327964365 0.263824515604157 0.236740378293297 0 0.0474420032724198 -0.0631851248584187 0.0796492645312944 -0.00750184968873341 0.00842911974532331 0.00591469156159743 0.158245632445062 0.194120321874663 0.0798771143490372 0.0300808590348399 0.189733823013773 0.224261597246297 0.149332594676812 -0.00328876857598716 0.132075271377039 0.0934388723706672 0.0974124377141388 0.020717072254935 0.104325600415164 0.0137222914847108 0.251875807362732 0.230660088566808 0.180933382948669 0.213950104489209 0.157308301593158 0.208405390789617 0.186246850810916 0.177777549818738 0.0923630357670371 0.0974318321443722 0.232972034508949 0.245539203453308 0.176192705339099 0.146309246181443 0.0579370827070698 0.0184920954060312 0.221954080172064 0.170622051852978 0.0340598464326268 -0.031706102383347 0.131361640448208 0.0865136536145644 0.194124082346922 0.139414053499611 0.147348637614928 0.162202061019638 0.137914606548817 0.109924190333576 0.00380891983204979 0.0728695126830604 0.153557401586362 0.0811616603900768 0.161377058364093 0.187186008392859 0.197190073253498 0.159460583240816 0.131885369631021 0.0774531976341647 0.137003499830792 0.115985090434302 0.0232229391750331 0.103527084896097 0.10250623054285 0.128011939134569 0.104441029007154 0.0547993407247486 0.130767599208829 0.163211044928853 -0.010435023153242
0.0289835065253449 0.0555142764259692 0.0720059845128446 0.0976241588183643 0.0393064324222687 0.0528163021584198 0.0613571458198212 0.0718407946236985 0.067974948004395 0.0489082055345587 0.0236124829778465 0.0157952363666528 0.0520708657284085 0.0652600220202051 0.08436382227819 0.0901995831371541 0.0301439377609339 0.0336101868960998 0.0361786572697022 0.0474420032724198 0 0.0251411124467581 0.108705323241253 0.122454338988718 0.107566185638795 0.0657258475222491 0.00851923901562795 0.0222322800344409 0.0824930004562331 0.0567165222769488 0.0640985929944723 0.0550497436494477 0.0908216855476755 0.0659538032442855 0.0236809871650051 0.0155137021984508 0.0359991889361639 0.0144001999770132 0.0645035665515151 0.0543155053561072 0.0689712581917504 0.0591256996653699 0.0318796176113948 0.0382747511414126 0.0198879218416243 0.037886515402611 0.0572942764291067 0.0746060441353731 0.0214683222830274 0.044813370868948 0.0568423608938254 0.0643927456893437 0.0643762976524922 0.0377776225699362 0.042564642181299 0.0895352761614411 0.0566195342502769 0.058156199419886 0.136059471625399 0.129826104360269 0.0761674858259995 0.0664535461973708 0.0616907658395776 0.031410709288995 0.06203007575082 0.0603764653308307 0.00625043460760599 0.0520975491085207 0.00469766347073472 0.0465523569628286 0.0339009109166474 0.0191932604540485 -0.00644326342679154 0.0379105672161403 0.0268529948380029 0.0542233945523296 0.0176610017387211 0.110836154201209 0.0800673961818053 0.0783139512068603 0.0278800077519024 0.0734689139140715 0.077386466380971 0.11164551354866 0.0254741223124622 0.0434216519638386 0.0330902082350612 0.04660489754203 -0.00704476416828221
-0.024616910539345 -0.0543821770067297 0.0191399384844576 -0.01136896713876 -0.0133316795993801 0.0458595048314524 0.00228070396182961 -0.00188113611515552 0.00619040232243761 0.0449587105827919 -0.00397727020896186 0.00251836395828079 0.0180514420960126 0.0119594743080957 -0.0298904630689182 0.014843571640317 -0.0653555535874524 -0.0567720077380576 -0.0440034857073485 -0.0631851248584187 0.0251411124467581 0 0.0309391569240491 0.0815443335558006 0.0596789635585717 0.0355575054746401 -0.0408001826012866 -0.0271153910575269 0.0202284800712355 0.0743472870005932 -0.0595625223850016 -0.0627467516729705 -0.043437397681537 0.0232969450045735 -0.0350610719987438 -0.0415422077174635 -0.0755707750749626 0.0258878428859384 -0.0245307679283194 -0.0128186333445017 -0.0333252084285593 -0.0397707260406786 -0.00465942334751777 -0.00158693393464207 -0.0142261619821238 -0.0250282024874081 0.0142238385910321 0.018369595231736 -0.015472874255091 -0.0186667139199402 -0.0313514252188012 -0.00898988910828832 0.0124848178028209 0.00780505631501323 0.00842999008516302 0.0100330399839439 -0.0195361461573369 0.00949009579915474 -0.02815519887052 -0.010720117422441 -0.00212761373724793 7.40776612982656e-05 -0.00783906002861552 0.0263398780072572 0.0110904262120302 -0.0499437088852155 -0.0454367795008733 -0.0331649205295775 -0.00911957421633926 -0.0206877792690698 -0.0186123884893115 -0.00214797763899697 -0.0324387672832669 -0.00326821133874486 -0.0488253576170332 -0.0274151707595644 -0.061738232332684 0.00510021639057568 -0.0134121922383285 -0.00741833236284664 -0.00467199191099374 -0.00990843616461925 -0.0139924420298357 -0.00635656304361089 -0.00898612205786102 0.0403740660896215 -0.00192544647047225 -0.00681547491950204 0.0455521339998752
0.103052240254898 0.0890994342269716 0.276995830737074 0.184878499047885 0.0442921721813856 0.0874188067268472 0.235357449411584 0.0861812871070057 0.0908266691571047 0.0544889769140317 0.0749034824276697 -0.0106916603685968 0.20570625945467 0.0475923637033478 0.175724189731355 0.133574716585962 0.0306847429489286 0.0760983174763861 0.115773945907634 0.0796492645312944 0.108705323241253 0.0309391569240491 0 0.260755613861743 0.124246205906655 0.0870368912617093 0.00889422230222441 0.00855268211435326 0.151505474616406 0.115796907501464 0.131955714396011 0.0823077362389883 0.202857440248094 0.18806278168796 0.0199621419036072 0.0230727821525297 0.0118395211689575 -0.00139404016685517 0.0685997439100808 0.0227387772860214 0.126919133284954 0.0740102377759001 0.0685671219133688 0.0894816819188225 0.057897250512387 0.0877179816726316 0.101213842222097 0.135235344325095 0.034544652884925 0.0512768327581513 0.0949184137635158 0.123408506271529 0.115374181322605 0.0758275839168392 0.134020597756653 0.0515088841003562 0.100290680833172 0.0922926816377879 0.360326411577357 0.13837457338609 0.157695683245849 0.0901652827811193 0.132407191582486 0.0719828024804381 0.122520762776819 0.0924488884791541 0.038297027197027 0.0615916826544644 0.0414451797637045 0.0103514138618629 0.047151525991096 0.0610366047724322 0.0199693467246533 0.0978432582589254 0.0387390245995263 0.08931407117049 0.0524947360989498 0.126041570321055 0.172392702567087 0.14652115155621 0.0754890795556613 0.109488780972334 0.165820772141118 0.218812532856537 0.0667925136744998 0.0887629729788785 0.0383815697590985 0.0900609608855104 0.0798819644051258
0.0549742583234589 0.0316525411154106 0.258648271325755 0.189609212250479 0.0424811995029653 0.118740501403256 0.195270545399658 0.117290531031921 0.0976703087674408 0.114615225996261 0.0342423826673193 -0.0404516884168605 0.14889880564147 0.0813650444673561 0.127755828654311 0.150793120337096 -0.0336165516147043 -0.00378148004880614 0.00897044812201847 -0.00750184968873341 0.122454338988718 0.0815443335558006 0.260755613861743 0 0.198528909588891 0.14163570646872 -0.0225272727260496 -0.0616810011625912 0.201517529137639 0.161286693303086 0.0527218905665971 0.0518934772231999 0.17497866292621 0.211853840321229 0.0121392784293769 0.021493207527237 0.00727324036491272 0.0244302671797757 0.0891475470720592 0.0720494806218453 0.0388338707173162 0.0208400266664588 0.0236011478025902 0.0180580899817596 0.0189242634003595 0.0441400433314193 0.0806553573127195 0.103188501782787 0.0146407506189456 0.0313579687160857 0.0420505828383632 0.0558601915792007 0.09317002637687 0.0262499064308445 0.130947274390775 0.136819809190493 0.000690826603309197 0.0932347067526667 0.319945562242421 0.29512987750387 0.139269262931213 0.0891501211748333 0.0920517283234156 0.0407312465967726 0.0944281018822734 0.0740218758526969 0.015594111336902 0.0649111203363277 0.0457438859531718 0.0180621691141669 0.0153012181325801 0.0658029315801578 0.00645980136677551 0.0612886155444878 0.0137410563961596 0.07770925752002 -0.00275932417288768 0.142203057444049 0.141494712463728 0.149234186452539 0.0818099897630703 0.109768301779353 0.155656091461541 0.16041138626946 0.0423729349864527 0.104797281751338 0.0200252297967135 0.0443500522994386 0.0984423985551247
