0 0.343221958888293 0.34918236437581 0.28414388974986 0.191852012875885 0.126631756443001 0.373779659792836 0.348096091499829 0.285483753771963 0.125418904104142 0.324741022060888 0.329882852248888 0.334484342134414 0.265518861413766 0.169817651890254 0.162927352987786 0.354632451061902 0.34775020152307 0.360037048469461 0.253818503269349 0.08483272319847 -0.012448428223438 0.331787218229811 0.203721148729332 0.125230150816778 0.109103251820376 0.262109075153235 0.221536792880514 0.186872516252972 0.182604682897743 0.231260172618938 0.149977327973368 0.274650726549459 0.0932503841073809 0.24230096568915 0.1800958750852 0.190477087459506 0.0884131406241399 0.328487668594713 0.00293200650457499 0.372734591143697 0.349669905252681 0.331810793746515 0.3503561629303 0.325419045501768 0.341513406972985 0.349384758736165 0.296788426169755 0.243050078320605 0.200894713581003 0.440126508749843 0.394874617314772 0.426771445673725 0.36886173073231 0.357160156034511 0.311246373301635 0.33681268631191 0.24871454200342 0.377784841060644 0.273417622492813 0.326372422354722 0.315648472451836 0.397449323374289 0.267516190553901 0.245406504543636 0.279022983559619 0.302326971103487 0.220649371915455 0.299004488845723 0.168104077035053 0.18141079810148 0.307339416744954 0.31412756078787 0.364250055925518 0.386972785887706 0.312471203192827 0.162147545534042 0.137769818043315 0.313047243367607 0.277369768862061 0.229524311201009 0.164323162627221 0.285469246865755 0.297398779066424 0.135335885181647 0.182514126575392 0.255720523963999 0.22714015833338 0.224761174768363
0.343221958888293 0 0.277745694850111 0.248936092199987 0.181733452714997 0.0931742475215709 0.283021357760004 0.305430176184095 0.219523105184376 0.0509719989741301 0.240762626856195 0.241551292940276 0.236382013742609 0.177324065856755 0.0665473405470313 0.0517883157760631 0.307131166072831 0.35915315682868 0.307323188910181 0.247026522459608 0.0560550528124852 -0.0279810813665695 0.242434421107673 0.181127657011486 0.0997551293674553 0.0884880754521143 0.191270210427127 0.216945310585996 0.139621610955903 0.181170273792115 0.191500236402625 0.149131222979164 0.182188675184583 0.0321156978261357 0.20977717204438 0.167749795339168 0.167782401047208 0.0801965260866849 0.258059343605284 0.0250930291698097 0.336195287729426 0.320420787951614 0.305623066925172 0.361806817629576 0.310687580530758 0.319246279363614 0.32474500565267 0.297974417645092 0.214447004314875 0.192812740932143 0.420034358768995 0.387095240890435 0.361168223832405 0.315773252504503 0.245530819442752 0.251907359464327 0.258409306643354 0.244627106583982 0.30478068043822 0.218191766663478 0.268849966166098 0.266290361577665 0.358407762001241 0.270992525003251 0.203644855450931 0.213997694892883 0.193931243011571 0.163045880815961 0.178731000302404 0.120371867551472 0.176165264214606 0.234267428973219 0.247747146158742 0.340115001502773 0.349336658743783 0.29324801254069 0.114904109514207 0.102046007264051 0.243717424885148 0.271943550387385 0.164314730408614 0.177072051889618 0.237324012047733 0.285359145994358 0.184277290907697 0.195752335187087 0.234652842587 0.218603345160311 0.206068658852068
0.34918236437581 0.277745694850111 0 0.363074792019818 0.238902667118592 0.150627881293491 0.433055228860023 0.378710049972428 0.349346833456744 0.173245222131887 0.286715723562225 0.272473552049865 0.363569436843513 0.300792267184704 0.235121916341999 0.228525529154512 0.278214609210535 0.263591280141615 0.273915444562579 0.182974783866222 0.0974672345609273 -0.0471182053930698 0.461760395663432 0.345512101988137 0.179159757089017 0.118690920792463 0.194895662457224 0.162528963741746 0.276271391081716 0.260167068338525 0.284175687956431 0.16142734972975 0.391998761047588 0.225488131371467 0.244688899226052 0.211228173037881 0.182379690347981 0.101451424332183 0.301926264157412 0.0518250768175881 0.276506473802026 0.269208509268305 0.297401839937811 0.292288663724113 0.271622897013677 0.301264724351232 0.31046119611748 0.24383472810438 0.223598313195797 0.187397760031901 0.337426031246036 0.322158480536038 0.377805617277309 0.265344077113621 0.351906930561045 0.353010501268387 0.271576578103584 0.226719023205268 0.523990375508047 0.425797671663927 0.3377444207927 0.32369155236254 0.303995865921039 0.189918982316472 0.265856807397656 0.242950481999935 0.312936551907503 0.227886626098332 0.302080523339969 0.207842685636211 0.217704176440791 0.293579610832604 0.282656613329707 0.296508960660544 0.304627307077051 0.318237922090056 0.139942802856922 0.151253989275892 0.339998401532765 0.290345773916465 0.243152151280106 0.11437290308101 0.326553739454697 0.282836149625479 0.176420032560941 0.203740998415489 0.182272034951142 0.165614966943784 0.223072350924468
0.28414388974986 0.248936092199987 0.363074792019818 0 0.194071879101341 0.14670442213813 0.359142111145808 0.355856344111555 0.282647149688713 0.162245130186413 0.20320724115082 0.253213984545981 0.267979347908245 0.261468545206956 0.184071496578541 0.190485360715007 0.220199361047108 0.234245975045319 0.217906620240602 0.162036621672342 0.0666311294460539 -0.0228276577929969 0.372255010911004 0.30023189064768 0.153223127056663 0.129921571192178 0.147273193197536 0.142302172708832 0.217006286146339 0.225780460053261 0.217947957497878 0.144485679103121 0.309260386197175 0.200636887569992 0.176033128592636 0.170366454606176 0.139493407755796 0.0696922143863807 0.232327311455652 0.0180647922086442 0.243655776972905 0.239188577964919 0.258916563271323 0.241988197593186 0.235374248655713 0.244777969345635 0.282134413883361 0.22013298562615 0.183300645061401 0.135232161308915 0.271577047681449 0.277150088551997 0.314120746857686 0.254174877409028 0.305550477402158 0.334427917205517 0.255806707486433 0.237467387839786 0.447665489804934 0.412059674013226 0.296863847868381 0.317214797677534 0.247456974230425 0.167602757207032 0.218038829727499 0.217648806901729 0.247403806379461 0.191608330827539 0.215739951087026 0.151829575613704 0.181295069738278 0.254197948630346 0.218052804134369 0.235956269137836 0.247290987701588 0.263532258467309 0.112589801093064 0.126768065176898 0.274551452057453 0.265596551103701 0.200734013241224 0.129645956468551 0.306886303524002 0.249352974160591 0.128540377096968 0.165544764648822 0.164732871633053 0.165217555163974 0.19756284539673
0.191852012875885 0.181733452714997 0.238902667118592 0.194071879101341 0 0.101065457072681 0.252255731997118 0.254310389782573 0.225942587232426 0.110714723126397 0.146625005403652 0.202250962261782 0.189489440241869 0.193144942664751 0.10528698776831 0.125751617159078 0.154610058094879 0.156450090086875 0.140562541431286 0.110823013734812 0.0297406837153238 0.00770368881367775 0.229406213039977 0.166141862067337 0.0804631029974426 0.0873736282875147 0.0957534622710819 0.0999450895723851 0.12794012468714 0.152013298302645 0.135492539657122 0.0826581750393205 0.199645327151409 0.111930981211477 0.127263574062871 0.0830319336645275 0.0782227890632206 0.0419842182908119 0.110169531501432 0.0411893291423423 0.200937036156915 0.185781222087331 0.205712860815656 0.22165158559317 0.182887363140346 0.193459904222128 0.23535522668781 0.205395213460962 0.160532513191901 0.0971010742259979 0.215340160206864 0.222739937400611 0.272181615971833 0.222026051995801 0.211582664788669 0.221987847439033 0.183036232683737 0.171504641566432 0.279623482932421 0.249286348133925 0.214481876468757 0.192761909531861 0.201136993920378 0.151594338932318 0.156827011156991 0.150527478723214 0.14065631116656 0.0932868667278117 0.101938081056177 0.0971583721393403 0.113284052401441 0.168974394381662 0.184457264119945 0.160401036400567 0.177945914566746 0.169566302661564 0.0451543667817244 0.0755453717383677 0.190811991795749 0.185860447598843 0.133954080255391 0.0969955178573894 0.236722023807155 0.213264206249833 0.142678194003442 0.13057155379533 0.160670692955046 0.138262329046472 0.157835041921736
0.126631756443001 0.0931742475215709 0.150627881293491 0.14670442213813 0.101065457072681 0 0.200350243398792 0.186634015781722 0.162323550071581 0.173200589457964 0.104135728765403 0.117447273002955 0.15803444039184 0.125429428807959 0.156997945403291 0.195779905840276 0.063157723663995 0.0705017986134425 0.0718607081623134 0.0339443196374794 0.0189361629674645 0.00637536252515059 0.160184133387038 0.134885407066905 0.10075690413025 0.0977906200341456 0.0550038482456236 -0.0100733917181971 0.115540347939664 0.05635911844037 0.0779634709208578 0.0392313696199862 0.168919566266005 0.106548807401656 0.0562457667004461 0.0386204391287294 0.0021427678814171 -0.0345372174129256 0.0582894063361569 -0.00874491557813897 0.134795620027548 0.108042309262017 0.144415673781166 0.107670027407083 0.0817906612875273 0.0987278935683714 0.128145010087933 0.125170899942381 0.0442799478066123 0.0424421696377063 0.10076321001069 0.0756314286791389 0.210001474623264 0.136560701969634 0.165520152999817 0.179019886132249 0.122334324980963 0.0681387734506478 0.243604891939505 0.257547005094437 0.170137094089654 0.165144865916287 0.0777890981693698 0.0587664937604318 0.115655469169611 0.127552286011751 0.133907052892045 0.164366071684096 0.147064205043564 0.0229681191353171 0.0304684713875674 0.120143709662208 0.0444044017938696 0.0625821933904195 0.0551799873109607 0.111011672666774 -0.00884622939754962 -0.0273764468785745 0.138306956885237 0.0772265627498035 0.093397715766993 0.0144954091055815 0.206555056589594 0.184850153572933 0.0723509752386958 0.059811161722852 0.129007641896262 0.106831808997888 0.108713761165898
0.373779659792836 0.283021357760004 0.433055228860023 0.359142111145808 0.252255731997118 0.200350243398792 0 0.445987817213292 0.416642134901756 0.239905885323919 0.313093201302871 0.354453943195815 0.406491752378893 0.303708584835884 0.249325431700832 0.266980862506636 0.277323844926204 0.251697146641715 0.285286953272849 0.185510736404769 0.103514006130269 -0.0464519458410277 0.453441765406758 0.337881477451958 0.187973849002729 0.127242869193572 0.203271280254558 0.140983310910384 0.27052701259863 0.236419089693508 0.250685436880446 0.153386270768056 0.398362180877763 0.201304643538488 0.213022261710744 0.17874868844571 0.166520463304538 0.0737912350193587 0.272990625539518 0.0253499009667179 0.300290467276155 0.324475471846171 0.323609343608267 0.317007191131004 0.309423575672017 0.349150194246749 0.381603619617402 0.312829893966965 0.239312755769683 0.185710516224422 0.352761482837256 0.337638641416354 0.468395314660045 0.350701659601844 0.440258533584591 0.421668527239721 0.278404621329814 0.271630192190383 0.51053020607304 0.451083626966854 0.360572821432719 0.341260827177047 0.3113426160351 0.206035728496764 0.300542455039467 0.301847667660427 0.331939274168412 0.247219382971407 0.282428880041873 0.176402468449787 0.205584458291281 0.302779620628186 0.287988284080688 0.289964037967559 0.285187331449355 0.296777793272928 0.111214606008368 0.147723927230746 0.336343980871087 0.302413679317467 0.281714890419473 0.134254402353172 0.410094475918043 0.382252596594979 0.21104793213401 0.240041069171479 0.235315886790492 0.228412501995985 0.274684193694663
0.348096091499829 0.305430176184095 0.378710049972428 0.355856344111555 0.254310389782573 0.186634015781722 0.445987817213292 0 0.403780331699372 0.240994770262039 0.243651037548886 0.356104101481313 0.294255778065116 0.343522036710299 0.199005267676712 0.239015165339686 0.265710917074029 0.277752417667642 0.274676277442699 0.212695391239283 0.0865980208331892 -0.0324773058216738 0.411671865813235 0.336917801268144 0.144945229958482 0.122682687153742 0.175824231894086 0.183938826191182 0.232085951488138 0.258264358852777 0.248727783493174 0.187887596242487 0.315486124631401 0.202877379242616 0.203186605246607 0.165605623892412 0.177765575794328 0.0672774386947289 0.259206646207313 -0.00891077537771924 0.355966928044906 0.361836994418096 0.370486610320062 0.360136996540157 0.332354128871643 0.349765157454169 0.39126179647376 0.323966189763142 0.22417816939975 0.169381059908761 0.34970647197239 0.365154497703375 0.456598372013176 0.406278298669737 0.406228622198545 0.471973563414002 0.30297603992539 0.32610536577211 0.460743906080094 0.444277856390498 0.356147302320593 0.354374032001515 0.321891403394412 0.244605781555604 0.274376877541491 0.305185842748563 0.317212943034595 0.220995928995163 0.248244589001714 0.176092124820534 0.228252465200628 0.322506742232769 0.255504981634575 0.297928265042742 0.293545841876238 0.300601605049749 0.111297618866489 0.137279517357887 0.313200952858249 0.324193888484069 0.244724004805553 0.159251206621 0.407840836191615 0.363766957316294 0.212670971254943 0.235703792796426 0.256810463202546 0.238422907108171 0.285630520528606
0.285483753771963 0.219523105184376 0.349346833456744 0.282647149688713 0.225942587232426 0.162323550071581 0.416642134901756 0.403780331699372 0 0.219212803877644 0.217307931881418 0.284413262487168 0.276099175218384 0.267673019981096 0.188424428640262 0.247812711286491 0.213352897222615 0.195512543364954 0.229584742711204 0.139484865220081 0.0768751350598184 -0.0515457457151713 0.356169545563935 0.26346666631726 0.152182605134105 0.0999451745388425 0.151814303152189 0.120100979771117 0.187234519929577 0.187922392639513 0.211127333300419 0.132941038829021 0.320533166253166 0.155127308227001 0.199478601746187 0.14634250568294 0.138735966630858 0.05737321153736 0.200812078161019 0.0106414436911414 0.280086385410924 0.292349078786493 0.302689812133289 0.282056010265214 0.271036835662995 0.293757481278385 0.353700798239777 0.268174187814893 0.190116246148481 0.160490708529479 0.271639422546528 0.291391428459708 0.393765580975453 0.313476185732485 0.351601842346524 0.360652065100195 0.225274904987222 0.241311395937966 0.395863006956961 0.375356925678553 0.302378955264933 0.269157154710891 0.267016771061705 0.167465304491983 0.263223333310264 0.265477417226613 0.268092899736983 0.164843708705258 0.218391871973081 0.13260360477156 0.188599830351387 0.260211324274085 0.216522625657777 0.217089596278926 0.240367833940262 0.238077238333699 0.110014367336921 0.14203767646148 0.246252068935181 0.25345323570514 0.224654185595305 0.15557308612939 0.348001101311114 0.34124327054238 0.20787998561939 0.202755761325743 0.218421705814487 0.20018048008987 0.220791937698948
0.125418904104142 0.0509719989741301 0.173245222131887 0.162245130186413 0.110714723126397 0.173200589457964 0.239905885323919 0.240994770262039 0.219212803877644 0 0.0852989764692219 0.138720695975147 0.158783097456863 0.169564812326551 0.171298553101529 0.245171125069339 0.0507698673698534 0.0256273614810708 0.0748863066880977 0.0249770676421358 0.0435411242350436 -0.03970890537784 0.207355908367782 0.17608329108156 0.105738510288337 0.0609934511293316 0.0404150540218895 -0.00907295820516211 0.111373487011889 0.0906719912344714 0.087290395932956 0.0540083570964907 0.186950450405614 0.117712418576272 0.0971753240645728 0.0551572327362413 0.0444792995767909 -0.0168750307267554 0.0742023133644948 0.0121723599734045 0.122861787509811 0.113095299940161 0.134206276848027 0.0710517261601254 0.0923584182101223 0.100465302045337 0.14043973642772 0.113788575788038 0.0638328039903301 0.0429908433506547 0.0920254680337462 0.0847167494908486 0.211797363952687 0.161221424509516 0.208071067555801 0.245792091475439 0.0799133108340166 0.0846609392523848 0.243817450647209 0.270364918917414 0.157505487812531 0.157614753234895 0.0698496990329265 0.0102590667280392 0.127836471264947 0.141645759282892 0.165566918618133 0.110911993135692 0.162873756750499 0.0241816515569066 0.085061867473885 0.135766269994055 0.0658351928640039 0.0407049658300277 0.0652398231858028 0.0991519924933623 0.0393177227723259 0.0531906390050109 0.129742583727438 0.104593518451553 0.123131083831662 0.0300055076092413 0.235535972898967 0.158124806596389 0.109827643567329 0.102194061901307 0.0949696832094081 0.0621338402209034 0.126128178203701
0.324741022060888 0.240762626856195 0.286715723562225 0.20320724115082 0.146625005403652 0.104135728765403 0.313093201302871 0.243651037548886 0.217307931881418 0.0852989764692219 0 0.297373959127738 0.344937260816622 0.232645068588767 0.172550429147335 0.140043513272718 0.291494874425794 0.239797329156038 0.263537052203004 0.164749221690948 0.063318537583856 -0.00679213717227329 0.260804434817956 0.154680081545212 0.102101611938319 0.093660559174341 0.235982309269193 0.165005590315599 0.182942083073404 0.109675323518502 0.184340316055735 0.0883281346506878 0.227429086257276 0.0584320678403738 0.150314688730766 0.108594805062939 0.126906681041464 0.052915331286036 0.238767772389669 0.0378452536887384 0.211391289689584 0.196077392377504 0.157186244504164 0.211470693862078 0.217085076397367 0.2165452282674 0.223176821421064 0.188970065471702 0.158228714474777 0.134438376378308 0.309261254169586 0.273238886328978 0.29154158292069 0.256925168480487 0.292873769900954 0.217103664586419 0.305296894675983 0.187289937669098 0.283331847721174 0.205623564422905 0.235266650407151 0.203610440315852 0.253843413318892 0.174019561916155 0.211064136872283 0.196288036176774 0.248804438580363 0.195179343898546 0.227834657334127 0.153673070661157 0.132001973595971 0.254984242400361 0.27109407311836 0.225698742380406 0.246257002419666 0.214294366329589 0.0673823506058547 0.0451322056250339 0.237618140894562 0.166745119174539 0.160221297325443 0.0968989411295468 0.19991428763893 0.206351844963558 0.0893215278838729 0.129765645407458 0.148005662061806 0.160201814707219 0.15602039812523
0.329882852248888 0.241551292940276 0.272473552049865 0.253213984545981 0.202250962261782 0.117447273002955 0.354453943195815 0.356104101481313 0.284413262487168 0.138720695975147 0.297373959127738 0 0.309422693597971 0.282574189486989 0.159869121703143 0.167954398480885 0.274777570168342 0.263981552533156 0.295383915342475 0.215882801913074 0.0641194672919025 0.00564440724130104 0.292252649184853 0.237016838719217 0.0916503641809669 0.102664849376942 0.210627163480846 0.214374315795766 0.184158523263552 0.170332684156862 0.203747436205843 0.159244228497347 0.212108628866557 0.0558903010213654 0.171244181746457 0.128481782205394 0.144386326597283 0.0616056733640953 0.242562567199833 -0.0100209556314337 0.309329723115461 0.328443568277765 0.295530717617869 0.320956509272182 0.31307125944388 0.322074504088726 0.332331448832896 0.302330239131204 0.204123509477059 0.187653054240331 0.303931787117931 0.305936662871241 0.382910278877678 0.360291124257035 0.360078499154324 0.369771580769416 0.321589442336911 0.282043601943979 0.277735645166985 0.24868092936434 0.270470606613363 0.263792859403582 0.300138022184301 0.201936552590456 0.243072322652584 0.248173187666684 0.279035896754875 0.212251656378336 0.206741746623202 0.184959727180504 0.189544331050458 0.279082382802562 0.223038430722899 0.27944078028974 0.293676480821015 0.273334316935101 0.0982626216304406 0.106897863184301 0.256284174059279 0.2696475238669 0.19221720422184 0.178156130910621 0.263233800794787 0.269412773091497 0.1456328517362 0.18621283399176 0.222343183310238 0.200545327359223 0.21826888701993
0.334484342134414 0.236382013742609 0.363569436843513 0.267979347908245 0.189489440241869 0.15803444039184 0.406491752378893 0.294255778065116 0.276099175218384 0.158783097456863 0.344937260816622 0.309422693597971 0 0.317209654622916 0.267320561737013 0.243992958775047 0.28550200162774 0.188230980420534 0.245744222102972 0.14523538105303 0.110808270593197 -0.0234638404550339 0.343334056917638 0.225140005636613 0.154615938496583 0.141740944028466 0.196184873964783 0.117277949505045 0.203040731853168 0.117215538531273 0.17682542120392 0.0520921041281979 0.282413780508208 0.155259987683884 0.169171935683096 0.128824427443475 0.111635316380431 0.0505383454228372 0.249479829116394 0.0980997466161216 0.233800591711376 0.235341954645717 0.22827242976128 0.2572835901731 0.23185876024709 0.235331109030169 0.275010147627625 0.22058989742822 0.206327791846172 0.134652727309258 0.290134929505195 0.263950828914932 0.347758625551308 0.298214077906671 0.331804217163209 0.286826416192594 0.289675605430673 0.168389430604726 0.393001770079885 0.329574664979022 0.297197061717962 0.287302401441906 0.27723831027065 0.15751101065162 0.225912482347924 0.208611744114498 0.306573096314373 0.229583739948416 0.26342205510823 0.157403649622674 0.131999257254564 0.287439096222799 0.245416486887106 0.226926289697531 0.271941761102222 0.255830822036363 0.0412227639242372 0.0603191584526764 0.288204520578047 0.20790277262784 0.214810556709492 0.0918609158774809 0.290109700408557 0.281455572987382 0.114529102127062 0.136201678171196 0.162832313964547 0.166782342769813 0.1800124334451
0.265518861413766 0.177324065856755 0.300792267184704 0.261468545206956 0.193144942664751 0.125429428807959 0.303708584835884 0.343522036710299 0.267673019981096 0.169564812326551 0.232645068588767 0.282574189486989 0.317209654622916 0 0.169289249274555 0.250726844866145 0.217841884452869 0.185458159841435 0.197303286884305 0.151059440625064 0.0784769482745138 -0.0190439361166341 0.325280222493974 0.244493947146269 0.109717314106726 0.108832553104129 0.139351199182333 0.14687883424444 0.184013887356944 0.193736750668604 0.179956485707494 0.114025555701989 0.238157830844468 0.177366077506376 0.152853759211262 0.137506654000193 0.127017713187792 0.0620304012550877 0.197046169075503 0.0499718469146025 0.240719501777561 0.251115699845008 0.245110114448283 0.250408677326229 0.217366698827654 0.233106662059873 0.271573068425661 0.22510118308011 0.172252440151106 0.133366394492649 0.232603334723223 0.255172550927353 0.300786448481049 0.312750387575916 0.318125635191748 0.317245912802852 0.245633299883978 0.240043273462563 0.364657592010914 0.305094916416099 0.257917366222162 0.266822861404558 0.220104609017873 0.143248115219217 0.178104659031674 0.214233208731409 0.277394856369732 0.198577065974098 0.220143365607283 0.193071401671538 0.163865923642825 0.287297536651114 0.205255450590383 0.187119932611657 0.207832068362713 0.235449306518622 0.0892729486851458 0.129270680679013 0.246984892990919 0.233579599488744 0.186504663347449 0.102520386515184 0.282080856384436 0.239031973311813 0.102868885252953 0.120758648611302 0.130822437908785 0.116695950998152 0.166719307728784
0.169817651890254 0.0665473405470313 0.235121916341999 0.184071496578541 0.10528698776831 0.156997945403291 0.249325431700832 0.199005267676712 0.188424428640262 0.171298553101529 0.172550429147335 0.159869121703143 0.267320561737013 0.169289249274555 0 0.257030314188039 0.10751199233618 0.0388149326767274 0.106126106143891 0.0131614882259804 0.0630443238344783 -0.0465725936221608 0.274078126662698 0.17933566161706 0.120621094490859 0.0637246468276447 0.124678060436099 0.0191060519364946 0.146706255154628 0.0951939449851912 0.140211749520343 0.0601107802618854 0.208031789764598 0.123442526050753 0.106343547093483 0.0898133367009889 0.0722563848026733 0.020179046378929 0.163157725132817 0.0414830302015672 0.105980921982986 0.0946380466406959 0.113009795343633 0.0759930559728859 0.119269832346359 0.130954003665697 0.127361267867462 0.0618566756897093 0.100911347652786 0.0603541612855361 0.0859022376472124 0.0826343444302328 0.194761718649032 0.101944265574277 0.206896931513014 0.185498577489141 0.15413729807564 0.108520480558751 0.289773335980205 0.234785254091872 0.165001268500488 0.121928488364024 0.0896356767940008 -0.00949769548073726 0.139757966507851 0.140954218484768 0.18297741988711 0.155538333422603 0.193506594255445 0.0468252670875716 0.107844868642295 0.126921783580667 0.087219689947659 0.043768928350887 0.0848835385311028 0.109571488381464 0.0421397040945937 0.0400838277846081 0.195082720533837 0.0896437440901527 0.155464558434962 -0.00116373626991346 0.190853716308142 0.168154025075236 0.108890464042395 0.114651424862283 0.0748253496713239 0.0792420762779093 0.133623484908376
0.162927352987786 0.0517883157760631 0.228525529154512 0.190485360715007 0.125751617159078 0.195779905840276 0.266980862506636 0.239015165339686 0.247812711286491 0.245171125069339 0.140043513272718 0.167954398480885 0.243992958775047 0.250726844866145 0.257030314188039 0 0.121240196427199 0.0430281459925698 0.105650700976565 0.0635681648812314 0.0689806649151525 -0.00873818734706011 0.26849182320653 0.219191985259937 0.130707766064093 0.0924844488831515 0.110181584789466 0.0199660578536571 0.168118358185566 0.113778870360774 0.124414848514052 0.0304003976285431 0.232368686069456 0.197281530774764 0.0926278763450891 0.084036451113243 0.0585375978836468 0.0107559342117734 0.127127786900198 0.0269437700456667 0.12289232076134 0.105773368983691 0.152178523718528 0.0993893941820863 0.0960527526337684 0.115655374054743 0.161500659668256 0.091414064030834 0.0734255729610782 0.0520491002316312 0.104326388351039 0.106973409154563 0.22678027530988 0.148583658659442 0.230275496849793 0.242973221383763 0.151492492516492 0.122250751301046 0.310488049551097 0.281352317605793 0.191071381832008 0.206242827731703 0.106746392418296 0.0204141782014837 0.153063107862881 0.185534056640166 0.239902647649075 0.13422941225495 0.23291181197115 0.0577603246724819 0.0834169378854654 0.188985098001966 0.105792500155963 0.0280260660416744 0.0883232414599005 0.128497662907406 0.0750599710192441 0.0877417857475064 0.169290136174188 0.119394163267746 0.158611696141997 0.0217437629110031 0.255603103902882 0.181549832813428 0.0689346951841473 0.0835959494283429 0.0859547194110526 0.0794576030060695 0.129479989325807
0.354632451061902 0.307131166072831 0.278214609210535 0.220199361047108 0.154610058094879 0.063157723663995 0.277323844926204 0.265710917074029 0.213352897222615 0.0507698673698534 0.291494874425794 0.274777570168342 0.28550200162774 0.217841884452869 0.10751199233618 0.121240196427199 0 0.370492306161286 0.266511882718121 0.218517420825983 0.0823844900310638 -0.0270887011968923 0.270204192523461 0.172650326431962 0.0810372114784673 0.0783380779527146 0.255718012653551 0.19575161898566 0.174542625735162 0.15054543120146 0.180008768816596 0.108528014281743 0.20880494989967 0.0454421775970175 0.19780509275466 0.152952998615146 0.14429042139009 0.0781821467145897 0.30276856534805 0.00816376026417483 0.288655117184248 0.277014738682208 0.234540928510083 0.284482140571733 0.283298083856696 0.289335800916895 0.273042895429748 0.198859460115167 0.20531837288412 0.15526020909124 0.404668466688355 0.358973918770496 0.327527510611552 0.294247428348325 0.256017070056615 0.221153223380694 0.292463303563594 0.2320652683266 0.299840535759192 0.215460112653968 0.258133539360686 0.253211493795459 0.374695888704917 0.267897816794791 0.190759445201652 0.239507672038143 0.243726930312481 0.141575438547243 0.185227329269411 0.153954191065439 0.138726758506971 0.268640366566629 0.36288618390174 0.327815625521283 0.366332577427794 0.301662503406847 0.115562930261037 0.108237566203844 0.238577204017507 0.212785579540148 0.171055836931917 0.115837836471147 0.247518651843317 0.249980511021081 0.102091398206275 0.136317777079714 0.165762602033647 0.183276859897409 0.185309304762167
0.34775020152307 0.35915315682868 0.263591280141615 0.234245975045319 0.156450090086875 0.0705017986134425 0.251697146641715 0.277752417667642 0.195512543364954 0.0256273614810708 0.239797329156038 0.263981552533156 0.188230980420534 0.185458159841435 0.0388149326767274 0.0430281459925698 0.370492306161286 0 0.321006713395884 0.251177837210258 0.0457917299430883 0.0116599731187187 0.254761381368823 0.158188970198214 0.0568439904512435 0.0699946776947883 0.238128246600181 0.277051898023425 0.192499164490852 0.176768540078813 0.240674766019002 0.175910466053921 0.21453844262532 0.0188449153458333 0.216140848209698 0.174690687869431 0.175516555492986 0.087514577159095 0.306616059149083 -0.0364425474852553 0.350605860936542 0.335167512815591 0.302713106089516 0.346615056003081 0.339547855521338 0.3235580774751 0.294816987048215 0.27332637426816 0.200343001963805 0.184639395794217 0.434422071477283 0.396855490978648 0.339449643435298 0.299430066850215 0.217309245174588 0.215167588060128 0.286770865912 0.266644320778934 0.295722232169162 0.175918224048118 0.277110566134371 0.277536603079074 0.371033752282551 0.278044612124495 0.201537064179477 0.210463229894706 0.183740961248936 0.142717682790834 0.161117821646748 0.160205156621503 0.196145910674601 0.269135619708363 0.315455050754929 0.386072492410661 0.365834475587769 0.315780215092199 0.135751268673684 0.10643499247526 0.230913198370631 0.246779876760759 0.158968533965065 0.151343272962248 0.215568390491225 0.240827449335209 0.146255170083366 0.160016681202429 0.234410541736951 0.237426561446908 0.214184256330811
0.360037048469461 0.307323188910181 0.273915444562579 0.217906620240602 0.140562541431286 0.0718607081623134 0.285286953272849 0.274676277442699 0.229584742711204 0.0748863066880977 0.263537052203004 0.295383915342475 0.245744222102972 0.197303286884305 0.106126106143891 0.105650700976565 0.266511882718121 0.321006713395884 0 0.262480512513677 0.0619358104477115 -0.0043444726757369 0.243781035746938 0.155863760836701 0.0936037969307129 0.0756135348360185 0.237815000450072 0.25583795998676 0.15532987589214 0.169174018793673 0.224112361017992 0.160007411666195 0.196933993960995 0.0401727934381136 0.197140899194422 0.172039796763305 0.201495250404144 0.11174395779798 0.29819403259854 -0.0189198428329541 0.33455229890135 0.339268632028552 0.276725816660114 0.328219297700039 0.320135483874205 0.322354650022636 0.295172539600872 0.243729993060033 0.214749149735587 0.192906368151347 0.377403607740379 0.325075302895462 0.338467868860377 0.324677264949776 0.272498785679154 0.258904729227473 0.302652023240116 0.236900851050239 0.275202904638591 0.160906804214099 0.265357417228706 0.247953561777311 0.362249767670389 0.237462943401969 0.193216178284396 0.264437992594447 0.223839022681543 0.171908650343866 0.256243616274604 0.135165858041118 0.204310158778533 0.267177972925488 0.241116767875831 0.30722168775053 0.298081189891353 0.254272871952633 0.176329930954956 0.150809969892468 0.235927603252619 0.230161063639116 0.198543683452008 0.16783052527436 0.230099227103134 0.253847869364671 0.151494310880337 0.158388313509013 0.212064017652984 0.207366690000163 0.192060158541174
0.253818503269349 0.247026522459608 0.182974783866222 0.162036621672342 0.110823013734812 0.0339443196374794 0.185510736404769 0.212695391239283 0.139484865220081 0.0249770676421358 0.164749221690948 0.215882801913074 0.14523538105303 0.151059440625064 0.0131614882259804 0.0635681648812314 0.218517420825983 0.251177837210258 0.262480512513677 0 0.0532754984825519 0.0137769334442554 0.142807937842907 0.0788008067543023 0.0373461672051493 0.0331952971918622 0.161520957030899 0.190977889280175 0.0559093816408164 0.106090197438592 0.138357612646337 0.138371461763184 0.104766679906119 0.0145612549720403 0.12467164606563 0.100525842720282 0.138100021354467 0.082132225110544 0.169940736033486 -0.0258597462421382 0.249751164657832 0.23600486777765 0.210455599450465 0.250555715950694 0.23350923472673 0.214142892559778 0.215927950994777 0.210980606871098 0.148354719216547 0.125883466736308 0.288930849955406 0.269559542776487 0.226167485921723 0.238409082741091 0.171234657060793 0.197278879742756 0.226614123093754 0.208087664622958 0.194747650739072 0.0968341130097581 0.178426939743694 0.186992692253586 0.316251772447178 0.24351118806645 0.128444381392475 0.180279246926701 0.189636961602945 0.11686835425223 0.205914626425771 0.112898738901533 0.128302302183621 0.214255579000192 0.191877760598677 0.245590329847134 0.262126405925775 0.230208715211656 0.13861258607562 0.124823729910933 0.176612155742319 0.186526066368509 0.124688130092437 0.143746518190618 0.176615675100119 0.197676928133879 0.0768292352253061 0.104167413325045 0.14504425735788 0.142547111513897 0.121137147708365
0.08483272319847 0.0560550528124852 0.0974672345609273 0.0666311294460539 0.0297406837153238 0.0189361629674645 0.103514006130269 0.0865980208331892 0.0768751350598184 0.0435411242350436 0.063318537583856 0.0641194672919025 0.110808270593197 0.0784769482745138 0.0630443238344783 0.0689806649151525 0.0823844900310638 0.0457917299430883 0.0619358104477115 0.0532754984825519 0 -0.0268370389150294 0.0992200108970463 0.0679848741479006 0.0323776068703053 -0.00533053605550098 0.0336998730719772 0.00955084808140334 0.0623264708686229 0.0409177948093478 0.0470461988033841 0.0198115574796198 0.0677521100041338 0.0686624699890966 0.0308708755794797 0.00874729600086321 0.0628013878732563 0.0140034731149379 0.104349185645434 -0.00135880008178296 0.0820579583085878 0.0880356810723828 0.0732533420012507 0.0860481852707958 0.0696429954414279 0.0636857732143451 0.0600670072056265 0.0458509055518335 0.0436492567572004 0.0393689791597078 0.078184634747469 0.0821106906932477 0.0860887898853838 0.0947172050038668 0.0885289943656555 0.0789617726152836 0.0527430682532603 0.0338001048498525 0.0963991364520315 0.0838888624331124 0.0633157298942458 0.0883896402806604 0.112019339894568 0.0720055966231637 0.0324038451329451 0.0556531708035276 0.0976222092031317 0.0396927869292415 0.118548138431862 0.0200522320504755 -0.00684302558595474 0.07711930665561 0.0718758543261265 0.0722056714552523 0.0867137506150784 0.0836129228511722 0.0220253393060145 0.0363025399913079 0.0540127703667706 0.0405223689434627 0.0369453152209604 -0.00227749516271478 0.0540794382537302 0.0417538993132207 -0.00994600646740585 0.00297854192947639 0.0122939659056524 0.0201430042537739 0.0341287353534108
-0.012448428223438 -0.0279810813665695 -0.0471182053930698 -0.0228276577929969 0.00770368881367775 0.00637536252515059 -0.0464519458410277 -0.0324773058216738 -0.0515457457151713 -0.03970890537784 -0.00679213717227329 0.00564440724130104 -0.0234638404550339 -0.0190439361166341 -0.0465725936221608 -0.00873818734706011 -0.0270887011968923 0.0116599731187187 -0.0043444726757369 0.0137769334442554 -0.0268370389150294 0 -0.0537382658648018 -0.0650536630267556 -0.00265744272876637 0.0262443229883218 0.0156614142596646 -0.0222753307716704 -0.0128207928135891 -0.00603225741242859 -0.0167525345788517 0.00664641762362831 -0.0285324098763919 0.0332509442576401 -0.025297340807059 0.00110920658166921 -0.0957741399983677 -0.0285715427300771 -0.0525176550735137 0.060670824235402 -0.0124609502820899 -0.0284568011290445 -0.0370603368424942 -0.0125774978912658 -0.013482283804008 -0.0485770456839519 -0.0135185410251226 -0.00013255872004367 -0.0422288384478243 -0.0123470595657825 -0.0333541645735985 -0.0360131388364816 -0.0205654100809751 -0.00609781015474624 -0.0368243844908612 -0.040390224309031 -0.00966275469853622 -0.0361951454260781 -0.0311408916137324 -0.0483160576726655 0.00572252755640485 0.0200819467668521 -0.0459941089027616 0.00631612491501137 0.00759736160943597 -0.0159042270800227 -0.0373212982214552 0.0206271087956392 -0.0945178986655965 0.0619513037476894 -0.0154206286544203 -0.0161278038786582 -0.000309194497206701 0.00294358877598699 0.0086007793390764 0.00210655560220162 -0.0272966674689571 -0.0442109003796677 -0.0113125399709426 -0.0185198383968134 -0.0142380022414162 0.00177796570132895 -0.0790333983308739 -0.032408963621127 -0.0555699538172787 -0.0425006706892108 0.0351231771082263 0.0323844110745804 -0.0206883131735
0.331787218229811 0.242434421107673 0.461760395663432 0.372255010911004 0.229406213039977 0.160184133387038 0.453441765406758 0.411671865813235 0.356169545563935 0.207355908367782 0.260804434817956 0.292252649184853 0.343334056917638 0.325280222493974 0.274078126662698 0.26849182320653 0.270204192523461 0.254761381368823 0.243781035746938 0.142807937842907 0.0992200108970463 -0.0537382658648018 0 0.398922263460809 0.183484173412393 0.138972468970216 0.181327828025264 0.165054602609041 0.324283110507122 0.308234916487842 0.287174314003628 0.191942599128341 0.435900661573686 0.26400083966802 0.254690222566797 0.225225598192274 0.208738766639172 0.123098911283103 0.318878041133046 0.0523223427030704 0.281189715998229 0.282596342408678 0.292466455334238 0.264760091775473 0.282703648984206 0.301542153603755 0.322528618800117 0.226681872833269 0.248727784431435 0.189148295573556 0.312412173302729 0.308852937094375 0.354701880995128 0.243557044364808 0.337206309296312 0.336881278831899 0.250567094818695 0.242689600479607 0.545103223856688 0.459587141084631 0.339973620370424 0.340562561062676 0.253348150577413 0.1404630836253 0.260546410310959 0.271836796402082 0.308195141138111 0.228431745855549 0.288999488962584 0.21677033764469 0.246991414335245 0.30158156282141 0.276400367768204 0.28225532481863 0.274865379666895 0.306722057721635 0.167908892254224 0.18091275443318 0.324474635275487 0.288774386689786 0.249748982680168 0.117675773898133 0.344114037696897 0.276320721709159 0.17269715330414 0.203528784961742 0.163571352347002 0.151222583556904 0.252756593343007
0.203721148729332 0.181127657011486 0.345512101988137 0.30023189064768 0.166141862067337 0.134885407066905 0.337881477451958 0.336917801268144 0.26346666631726 0.17608329108156 0.154680081545212 0.237016838719217 0.225140005636613 0.244493947146269 0.17933566161706 0.219191985259937 0.172650326431962 0.158188970198214 0.155863760836701 0.0788008067543023 0.0679848741479006 -0.0650536630267556 0.398922263460809 0 0.146595318796015 0.100561887015641 0.0999306680621476 0.127737870397778 0.250952700296988 0.284104863593379 0.220558223368198 0.131799697017621 0.333193582852288 0.21810692218488 0.18887770218069 0.171677063356531 0.162934136455989 0.086245789216352 0.221534182715767 0.0175965901931502 0.202319238372546 0.18511257000333 0.20031424710838 0.171688058577275 0.213940855021563 0.203764686812016 0.235125018155968 0.180669570195952 0.179034349880659 0.133852222939215 0.200321887015683 0.212522034713053 0.267165835868121 0.189320680856841 0.267566362236799 0.28258292737311 0.16261712758681 0.172418682724945 0.415554652342721 0.393775878877518 0.24822234694227 0.267442012345585 0.159554056496405 0.105048732877242 0.204799431871964 0.203256104295614 0.223908974661493 0.179406557705531 0.199158661443525 0.159814379308889 0.164153386622209 0.22050699707297 0.18314894727834 0.207722776942653 0.182494568035516 0.215388488395175 0.134736167987871 0.144300442359892 0.225885847989644 0.230379785827586 0.20218376439913 0.0933063043457233 0.268315689328022 0.196386285421381 0.1484475779531 0.151526571648919 0.100811632475764 0.102555155699893 0.174135988116025
