0 0.369864083396124 0.2874122602711 0.269887688148125 0.101514572107823 0.116476442477848 0.29581121021962 0.250520169866565 0.223218445305469 0.200316962822097 0.288344946612542 0.300059658167629 0.309013560968757 0.267233401076168 0.215025022576118 0.190560229672082 0.338210257840241 0.353864987894298 0.311090823178124 0.266409186961766 0.0912941174228034 0.0265597207959226 0.256126573297898 0.188803227283954 0.116659737772818 0.130413337768065 0.172849870884585 0.278598010089628 0.173955671547699 0.166957743858731 0.278576638702072 0.251964240462263 0.181198244002011 0.0841262743878686 0.152813393978223 0.125915141872629 0.183455001109626 0.140628258638942 0.143064014090944 0.215658061656413 0.310576448551742 0.293476391543589 0.318360090122866 0.299249023114079 0.321511337987203 0.278932414236117 0.300514318692398 0.305574304913129 0.278960876474111 0.285624355167907 0.413835557049022 0.382573151651526 0.332067769021105 0.319670660772463 0.342788253971706 0.2732854037349 0.327244587658865 0.253201118938203 0.323425693745986 0.226026763408828 0.231042708865943 0.240191163967269 0.351096304211515 0.350582849353208 0.207048884396216 0.232135940039831 0.191208853306598 0.217356612465451 0.14866464797075 0.0957173335263205 0.125366420964634 0.0997308592842151 0.244441312243968 0.303024227497847 0.324632501525277 0.328353405206302 0.187374497181444 0.221544645354339 0.326851801447664 0.304957275079034 0.253819632687564 0.225998337614728 0.189066776429395 0.199610780703106 0.160078617280637 0.173639145116629 0.198533479730027 0.218127996537366 0.198743395803544
0.369864083396124 0 0.235230732069209 0.241567765130617 0.0898086362638995 0.0954435100164228 0.212410612389961 0.227654257669729 0.181899842222117 0.177342199194581 0.251316426332398 0.257382663847771 0.243883085699519 0.254080198947857 0.173733600765367 0.174554441936249 0.366937376078763 0.368717236191815 0.30897564229607 0.306185848961496 0.0709952387065567 0.0507240829863767 0.211076889572279 0.167343233983006 0.109136720537756 0.112040275218071 0.157893848940508 0.279578994535211 0.162048320613677 0.163893998309654 0.265236171611677 0.228887297823442 0.12432481610408 0.0719507979762195 0.154544108391813 0.149435204580998 0.180566638909844 0.144781065183878 0.162684778110322 0.17448220897373 0.311400820237216 0.311377111028301 0.335542490689045 0.370075035610462 0.344190414936101 0.293687908190716 0.339167691470572 0.362286547623477 0.281105476847075 0.294195470873762 0.42217151596769 0.391041198225167 0.340403100349309 0.335358568777454 0.284667908781083 0.234864240143329 0.255201982979225 0.237150158577744 0.228872484004396 0.185697142317129 0.209364531781606 0.215270008682419 0.392801850087281 0.404273645885859 0.187001550116455 0.219277630497418 0.1792492146832 0.1854594956987 0.127730382171806 0.0489142028637697 0.12045771882437 0.114798183318114 0.232955293202226 0.318025324095729 0.316454340966773 0.373742099872621 0.172393653644741 0.230340430804817 0.337928429655791 0.298352110147898 0.215439286451871 0.210901030709404 0.20583224398169 0.211016724421408 0.181024093221583 0.168018590917671 0.226767911304402 0.227731676950161 0.18640826402947
0.2874122602711 0.235230732069209 0 0.338003050890383 0.164570191778214 0.156318161853622 0.361366658321002 0.270348817708964 0.282851399197442 0.246077221029044 0.230755174130057 0.201295175331532 0.296346751070999 0.238888640235503 0.261973555682542 0.240109260997413 0.189068428662537 0.168662780305263 0.252946533719101 0.208006977536645 0.0910149290464264 0.0287429628748192 0.393166229546669 0.326365548921783 0.135920525244232 0.15377065282618 0.131187879741382 0.191862791254415 0.235792121380927 0.239386236359112 0.321858112302231 0.256122828363048 0.285764840222859 0.186930635001866 0.195674000943094 0.133670091619974 0.164481273731253 0.104093717492952 0.103392552604554 0.153146978265692 0.27040506652388 0.251395457476423 0.280696957920347 0.209832307905459 0.24980462230233 0.20716927302946 0.275684831671483 0.291700347858736 0.210501145884365 0.22546722330576 0.267269668304091 0.262344569633178 0.34753974048009 0.306693271881189 0.327360365444891 0.1822458251565 0.279354800596249 0.213125941044263 0.424491753749461 0.263655704445657 0.308195670620483 0.269812584097757 0.288981019024924 0.262048786723326 0.262018015466632 0.271777891529576 0.149351679015534 0.172808002175557 0.136220066523538 0.105879960545373 0.201337752649094 0.148167523131349 0.168592550724271 0.190302101559648 0.234862745452901 0.219597627189477 0.183564439213045 0.201596270422926 0.335503632016747 0.291226832694334 0.263126337082405 0.237454152974823 0.335764381761286 0.352438033676964 0.208836954271857 0.202502796927273 0.22087058146379 0.234541056368139 0.239983669003681
0.269887688148125 0.241567765130617 0.338003050890383 0 0.185156780929888 0.191801385472596 0.31812365207649 0.391887742805232 0.213709705594172 0.296819753788876 0.231780142196998 0.307589488779984 0.256330553837644 0.326307794265389 0.206129602590237 0.283635062083762 0.159465526508513 0.190080537894125 0.268537342679113 0.261844025652385 0.0499233928566141 0.0217075167929091 0.321137289935427 0.331869487650013 0.0802219281374575 0.138163134542412 0.129091938139783 0.242017424911239 0.215382201031386 0.288115547763999 0.34376718543462 0.322403473131592 0.22784063819969 0.220196312524364 0.161327647415288 0.14201876505626 0.143899445059265 0.0889413535070047 0.0782759768279473 0.127107346458591 0.27699157215913 0.271436041021174 0.30597994432698 0.246878452560718 0.251008083193974 0.211296552570447 0.319215160619416 0.334457317571807 0.221952647440536 0.211776401606976 0.237263454436202 0.239144549558185 0.354320963526847 0.3699017217851 0.296135778530701 0.267569807233973 0.279773572478376 0.303366759819637 0.330110936777823 0.389367286785033 0.335902846845566 0.350339946882007 0.274753749066524 0.256218680218847 0.306463913246242 0.30341862280994 0.170820705191982 0.212689520496037 0.129899766726616 0.134666236139706 0.232960074318845 0.144779334293805 0.173915450749876 0.207595767866676 0.235587960637728 0.241757250212032 0.132661103706732 0.191159702687852 0.3055941459375 0.309389503154396 0.243136179752964 0.269687702792999 0.404968831650423 0.345883599507975 0.219943003430665 0.230146421692201 0.272294403769363 0.267375845269082 0.262668996544312
0.101514572107823 0.0898086362638995 0.164570191778214 0.185156780929888 0 0.093691328709519 0.179342589355571 0.197517028932249 0.161274455310682 0.176305422924916 0.108687981800737 0.136551796805957 0.12669050032367 0.126985320974524 0.129162011610788 0.159712474568214 0.0701082433694599 0.0581211552914756 0.0992623639236992 0.0926172417535446 0.0233147135925354 0.0189624220285531 0.172981775875075 0.152602814002956 0.0667188834907221 0.0887161486702002 0.0615206044292476 0.111416559113756 0.105709432504245 0.137317493932815 0.187953791404717 0.153859581401279 0.108664469353413 0.0977999525566603 0.0733898988921746 0.0697527653136186 0.0860107314974578 0.0381483428513881 -0.00206090199208463 0.0636970348271783 0.147222058955693 0.130694010203683 0.145699943130985 0.121307996689904 0.115471055993883 0.0925926325822534 0.160532408272839 0.167897995723 0.102662650973028 0.108166168849429 0.0991424506763097 0.0908268642316651 0.186818722206385 0.170564179180871 0.169483570681577 0.105879399177171 0.161823973479627 0.145547965069859 0.188123103758583 0.200002526653711 0.187323729965037 0.18322448638942 0.127531786256024 0.122318955678474 0.168039997374609 0.162013681320512 0.0715614303939737 0.0920746830580003 0.0474724133298785 0.0627131054453443 0.12432322264272 0.114754681683912 0.113048530199008 0.107561158553264 0.113215934163895 0.10873968629453 0.0864697228965636 0.0878046277809108 0.169447405824107 0.156030016511136 0.13496600482492 0.139027197427871 0.228911410187904 0.199989513099905 0.117440516996244 0.138634953615404 0.125684308863924 0.141538867407182 0.147700235616067
0.116476442477848 0.0954435100164228 0.156318161853622 0.191801385472596 0.093691328709519 0 0.178522536826147 0.180461618443798 0.137972412956179 0.203488188965397 0.0833598150426962 0.104534583180031 0.10519627896404 0.143375299465022 0.130222092011619 0.180628776442663 0.0576727054728731 0.0563518171052397 0.129885211934117 0.0992377609123282 0.0326850194351944 0.00319820493775989 0.162470146912538 0.163806351765207 0.0822671690865851 0.0784682723383258 0.0407670247491339 0.0913456272717824 0.106179022686159 0.119357691765027 0.153630253827864 0.140549585786671 0.124797179799286 0.125739229192822 0.0806907145433079 0.0869987453718272 0.0647891401020003 0.0315710396795115 0.0312924969470993 0.0644820161422631 0.118572476915112 0.11136430861921 0.121333129462361 0.111451881026196 0.0991673567365473 0.088874947228047 0.16786778143804 0.159148444725684 0.104270407049175 0.11103839646683 0.107094216226201 0.108473490067487 0.167522841138029 0.152310732798662 0.181514535451176 0.14391906809594 0.110589019773138 0.0946158990541016 0.175247799634373 0.20908262390444 0.165706523524912 0.151037731749132 0.129042738128934 0.122296607033404 0.148374871101123 0.150385186012062 0.0696516910386436 0.0836388009425848 0.0443407823960601 0.0488850515922637 0.11033506815851 0.0900342490083982 0.0533979264055425 0.081015634903134 0.0964531814356881 0.0923823096828781 0.0777366311229467 0.0817910972216112 0.157023573459264 0.157629818411024 0.129490861619414 0.153192768549924 0.238529787304678 0.185978984361176 0.116123317201946 0.108542053874454 0.12026889702814 0.114472550043072 0.125641967042473
0.29581121021962 0.212410612389961 0.361366658321002 0.31812365207649 0.179342589355571 0.178522536826147 0 0.350532304946919 0.360667266984314 0.325321986300145 0.26242201722947 0.257439037211749 0.356356006132579 0.251886880199595 0.296185333088213 0.247799047782052 0.178200690820258 0.171671362753213 0.245707286655113 0.200533240047556 0.043467410854738 0.0486664448999996 0.346158538822213 0.281465037785984 0.117772849359983 0.156043053510244 0.16825368129692 0.195691731537269 0.214762499212521 0.210616453895035 0.308101004523828 0.252044783863868 0.266197719279451 0.152381181056488 0.168737480930303 0.111983090237916 0.166944881397758 0.0694553961637915 0.130142587612326 0.150205811600791 0.289740489403131 0.273378721333347 0.287421870655103 0.228837460220869 0.237941660737817 0.207118905960319 0.267479820354307 0.306725937397128 0.213768355195935 0.225238101263449 0.229858633159773 0.232661420077937 0.338237723436611 0.274970324956487 0.402316357122532 0.266129781864662 0.288822215001489 0.250210518873778 0.435084196476453 0.327375273548773 0.305152926743935 0.276215970334829 0.265070254826629 0.236046280529165 0.292827321618888 0.281015391664086 0.159822788447403 0.229011236344029 0.172891707309288 0.160016555663696 0.2237869649638 0.159133528038329 0.18540658605645 0.227001860315608 0.222786783579983 0.214169520059593 0.16323135956955 0.17820726670352 0.323294574618798 0.308916909331537 0.286360529932213 0.254919523838511 0.374237254611778 0.383618020563645 0.204742995508352 0.216336033582377 0.243343482903744 0.258857940109695 0.262196168609616
0.250520169866565 0.227654257669729 0.270348817708964 0.391887742805232 0.197517028932249 0.180461618443798 0.350532304946919 0 0.196018500944656 0.337322428737522 0.25568947371597 0.364196296388934 0.25494848974884 0.34757716330895 0.163785189528825 0.241655135454591 0.152846136298204 0.169276703148889 0.242943112771733 0.227499890381456 0.0249939364919958 0.0168450107909254 0.254540824050532 0.281021658401411 0.0398813766700253 0.109377416894001 0.140213679422702 0.256908578358478 0.174987616687239 0.257838819133365 0.327414208497471 0.322336729581721 0.201283559497759 0.202038666710809 0.144632471565661 0.120024087208801 0.119626689305709 0.0560819868053348 0.0825996299270797 0.0830168192780294 0.283025656767155 0.272438004825172 0.316281553942225 0.260367327137797 0.238370330247537 0.192309582063854 0.318315934718887 0.360757679304862 0.229549243182544 0.196742020953448 0.192727604432919 0.193914188266111 0.345450010495612 0.369031097749065 0.327300950418205 0.357648413914182 0.269851207814537 0.376007908127661 0.311837916664047 0.425482086044556 0.32890817236382 0.350796818152016 0.22712647340213 0.222563759229637 0.300080986062803 0.298764970176854 0.178920637868546 0.218225861024776 0.14270916494708 0.147148419095933 0.240593878901673 0.154846698089986 0.170129338195059 0.2323933435398 0.222729225457019 0.22223798361782 0.0771594655088585 0.146434255007652 0.275439164955243 0.293301223107099 0.230302037431779 0.261866614130584 0.43530018389232 0.340927667359674 0.229317643646983 0.250361415598281 0.275906022410751 0.2779967988117 0.246490592191703
0.223218445305469 0.181899842222117 0.282851399197442 0.213709705594172 0.161274455310682 0.137972412956179 0.360667266984314 0.196018500944656 0 0.318689023626092 0.160268825589659 0.1428955590881 0.238057249781597 0.155247617780566 0.305585980491053 0.263439621323286 0.157792622870491 0.162565331611961 0.209358146072399 0.183640026396872 0.0444995258719329 0.0389978479498273 0.324526913804355 0.208522249299133 0.179053831058973 0.159837297670992 0.120117572193374 0.139821929199098 0.192650617467724 0.163283072667682 0.236144850763198 0.179690737776892 0.177428714921004 0.117897919649756 0.128332354321246 0.0916458608405074 0.152920986212823 0.0820740317322091 0.0540703328603803 0.100263839097224 0.230445525875308 0.209076964471675 0.212221473010905 0.184535843186606 0.168557579671901 0.147581084780642 0.229158963208817 0.242319839529768 0.212946893889995 0.207483920390731 0.218986021346303 0.210532800831946 0.273702672006009 0.225353870383591 0.313966605925558 0.155616876216985 0.189024126710225 0.131292791251121 0.364540517753436 0.233126458453627 0.211391503309192 0.169442458373773 0.281188407557235 0.288248086896161 0.279202880840611 0.230614873094293 0.151001928486824 0.172456315798702 0.210613977646137 0.118105635056525 0.15921245434167 0.172611764123217 0.146444808330776 0.176101509314705 0.171490497979973 0.159598987605164 0.207963344652873 0.160746086817663 0.279152639612706 0.25429721222808 0.263502208587361 0.233803447466752 0.299535620038399 0.328636641491527 0.201692756840697 0.172878109354042 0.191565235741185 0.199897473703862 0.228424927290332
0.200316962822097 0.177342199194581 0.246077221029044 0.296819753788876 0.176305422924916 0.203488188965397 0.325321986300145 0.337322428737522 0.318689023626092 0 0.147934618640429 0.258029533667544 0.18780210631897 0.263087379243127 0.220892106146845 0.320929607829042 0.148723658364788 0.126831538161173 0.191298335405801 0.183798746510584 0.0533125575267488 0.0316844281124173 0.272842474135473 0.272917921826411 0.126481382559905 0.163791640501953 0.118450949935462 0.168575456391903 0.153301801642742 0.210599784824157 0.233576881206375 0.224271256327176 0.153835070331375 0.141629733920182 0.103613474169923 0.0994039674934196 0.13884544485904 0.0651191851670975 -4.82861558104357e-05 0.0676194356456124 0.219524383276729 0.197849578078178 0.207466448315292 0.166866818336639 0.156967371535702 0.131347784157175 0.228925557264022 0.244064747428188 0.184966832747437 0.186769708255359 0.199382330075342 0.206322149301859 0.257382270171721 0.258067425286702 0.308501262858091 0.307777202516432 0.196785173089054 0.2177445381574 0.326012907638161 0.378769455477762 0.227420078987437 0.218482643495894 0.240847755505808 0.237550158956189 0.269387397639331 0.254870713135538 0.127312533650981 0.133606383001933 0.137051441476395 0.101747122369161 0.156158745857878 0.188810422826219 0.127671963756661 0.152957990793124 0.179103176735776 0.173663838422763 0.146892147267143 0.166225008658037 0.272534753550216 0.276186755545736 0.227954691804148 0.244618080216174 0.395199477251141 0.290901575744496 0.195877469173971 0.160865246795213 0.194354375662488 0.198333959666155 0.221130934398275
0.288344946612542 0.251316426332398 0.230755174130057 0.231780142196998 0.108687981800737 0.0833598150426962 0.26242201722947 0.25568947371597 0.160268825589659 0.147934618640429 0 0.288487043144901 0.340488025818766 0.300605493887844 0.181363066757596 0.161880883704574 0.256673558930988 0.230673709326582 0.279996352016316 0.210944148785578 0.0392917345126824 0.0103930519784905 0.204961730786822 0.169778194497148 0.0397294339538982 0.0611449458488614 0.169684501877102 0.248384271125636 0.128275935532468 0.138610709957896 0.243068019827277 0.198819206451751 0.130928462026127 0.0736591573911186 0.141956962504784 0.0860174754217481 0.142723352443339 0.0968826696456956 0.16596030187583 0.173115465688597 0.262235083732568 0.257930249691993 0.252619912083152 0.250294465071 0.288848614495807 0.209463211216 0.241146035044327 0.289214450250966 0.233590259950778 0.221175412680256 0.272036102506953 0.23917492786178 0.256166487411085 0.23567863572752 0.254796867819636 0.182759665408061 0.292509531519779 0.257978183382039 0.254104877230315 0.178965367973643 0.220031481702787 0.212648462655016 0.227067076891616 0.208336798983213 0.207663206951109 0.226691938923221 0.178941404398816 0.19493207925979 0.156832461889742 0.108444422252079 0.145479426571967 0.0911377366566345 0.228656283290594 0.26065109052549 0.234874597500113 0.221489082814861 0.135896410572329 0.169230186605689 0.279651280166988 0.24510794219329 0.222496023961038 0.177246355831863 0.194137851009373 0.202915214753887 0.144352196367565 0.17140685611774 0.168324391878848 0.198888724692695 0.176413315727014
0.300059658167629 0.257382663847771 0.201295175331532 0.307589488779984 0.136551796805957 0.104534583180031 0.257439037211749 0.364196296388934 0.1428955590881 0.258029533667544 0.288487043144901 0 0.251901590459008 0.373482878108568 0.125951524114731 0.217288366584011 0.26362485470557 0.276241841128923 0.230691327468571 0.231699877284817 0.0411105870449294 0.0311707658305609 0.160649293093508 0.192616862776037 0.0399368537899987 0.0765876722543497 0.205676170424377 0.306490447253741 0.142909582482021 0.202951711919695 0.241202823137698 0.260366652213247 0.0991202569840696 0.0763886992514616 0.114660741278419 0.108229802953717 0.142758467616491 0.0979306243364724 0.104655335783793 0.138256781417513 0.280566869097721 0.276294773834654 0.25485636240284 0.233835671917689 0.254863521472191 0.23880163964982 0.221209261008868 0.278500259815364 0.240677222091911 0.201968660112413 0.268267458475753 0.242860241346777 0.228696792307112 0.253773066635924 0.26669789469292 0.358321574320523 0.331768210755236 0.388545747690006 0.211151470056897 0.299752169359513 0.191806986125135 0.236208379522515 0.182318670176057 0.209070708237104 0.208547970974235 0.203640863304043 0.185797155621612 0.219619235813812 0.186852669394368 0.120613687355934 0.139535431719949 0.11311403078209 0.249702362833985 0.308752879975443 0.277357021095552 0.268483945314843 0.0964232614927935 0.155028709509876 0.250635481573943 0.260115869137997 0.168680749235411 0.203734210056361 0.203406262492127 0.157115631730492 0.104486184432355 0.149574130436321 0.185047759677135 0.162761722389769 0.153174743070314
0.309013560968757 0.243883085699519 0.296346751070999 0.256330553837644 0.12669050032367 0.10519627896404 0.356356006132579 0.25494848974884 0.238057249781597 0.18780210631897 0.340488025818766 0.251901590459008 0 0.305369018450862 0.286834011086464 0.226120242100908 0.262274747873766 0.236712585669896 0.275624460831483 0.202984967053838 0.0656997312069321 0.0336111722615755 0.332121333859322 0.220684722236685 0.104080934503394 0.108896590279403 0.165436609734055 0.224334476394406 0.165421927213675 0.18419464202742 0.246343741386098 0.189906778048206 0.177341394522569 0.0753740812826275 0.154273961045039 0.0979233810838106 0.139963338004309 0.0994067089667554 0.158700431354643 0.1681607155766 0.309451004196179 0.296086051846266 0.284041211741599 0.255609627553943 0.296323453077805 0.246448689883406 0.252141276997771 0.290277484544688 0.243654334570928 0.239412882977406 0.284472386599183 0.275233061275965 0.296671824510366 0.213729231379938 0.334921096350486 0.18717613080138 0.304379288872242 0.197849515700437 0.382641470735465 0.253394205323877 0.227501879236412 0.191280375662018 0.270779191170479 0.242098574568304 0.208970016498917 0.182903646873609 0.152324040038976 0.201106623935077 0.169151656755555 0.10842280732507 0.157673353429673 0.0889656634683923 0.253257874922141 0.271476834507355 0.245867839612785 0.265599455788491 0.17346576275979 0.212287783792181 0.344606907246075 0.265521406835514 0.261349541329806 0.215037872287379 0.209496088726042 0.250848418411147 0.159294490448794 0.176185750359736 0.167252669854854 0.180418948360223 0.183895297850858
0.267233401076168 0.254080198947857 0.238888640235503 0.326307794265389 0.126985320974524 0.143375299465022 0.251886880199595 0.34757716330895 0.155247617780566 0.263087379243127 0.300605493887844 0.373482878108568 0.305369018450862 0 0.187023111391745 0.276230400930804 0.28599004673081 0.267633897987305 0.255537816400423 0.229185024164528 0.0456495187538217 -0.00345792775080168 0.24340221531188 0.254253128829176 0.060762733661425 0.106619278052401 0.197856423984029 0.303734636567383 0.188686495168239 0.256999067014196 0.277176446042558 0.264453799734816 0.129730633887999 0.12659889537145 0.129829769855932 0.108767271791722 0.142531094065551 0.107807823412413 0.0981748793256315 0.121626053485897 0.338143959966461 0.326486987188505 0.312020981275645 0.285436778106105 0.335168689409394 0.243614249208043 0.260435061469934 0.303672553139999 0.263933993938848 0.229704262893117 0.281139741154372 0.250790515244518 0.260270048299286 0.260905962372742 0.265309733337365 0.29376475962379 0.334970314276296 0.3132941199444 0.257368302883279 0.350297369212015 0.225271044008581 0.2410688667418 0.234662688517029 0.231237379739032 0.188536607665945 0.201159246918718 0.177109087954986 0.206819814600787 0.163888249249282 0.090752835148507 0.165433748695192 0.127577017450661 0.295604451195642 0.324218453105226 0.309073949924416 0.305615058891055 0.135467839937866 0.201134107832124 0.299076628349696 0.287490210328007 0.19528647858374 0.194376397516761 0.229621557585359 0.191908618847123 0.124645254544538 0.172686610302645 0.166516400615045 0.168111377048071 0.19538292347521
0.215025022576118 0.173733600765367 0.261973555682542 0.206129602590237 0.129162011610788 0.130222092011619 0.296185333088213 0.163785189528825 0.305585980491053 0.220892106146845 0.181363066757596 0.125951524114731 0.286834011086464 0.187023111391745 0 0.266469359556195 0.158940375309759 0.149250306507224 0.176325873460158 0.155058994411389 0.0720602841381879 0.0336511316713703 0.333676113473962 0.219095309806718 0.157916326360264 0.150511189829241 0.131327211260706 0.152741779067622 0.189880025777291 0.169729799773027 0.221897990112225 0.165111063697482 0.180726147811685 0.0849787825292303 0.137510311608735 0.0876002947365905 0.148218178797477 0.0749740324731868 0.0875172170175807 0.146096539131018 0.236439280196305 0.211217032180459 0.215790786055584 0.171853951336784 0.180510922679398 0.159641498044821 0.189431705782232 0.220149136297922 0.195436645357835 0.181819109230826 0.212298665641663 0.178826747475502 0.239772883446112 0.172805207167549 0.263572677051419 0.0997493770416612 0.20794787118131 0.119935156422288 0.347069719028779 0.218719564725965 0.19130531551578 0.15073690195266 0.233906584330542 0.234218243741195 0.228693358508337 0.185085933400133 0.133480871814275 0.144942115239423 0.178712503325259 0.0990635071756512 0.139836265144514 0.162234145894746 0.170571998968576 0.180657940199617 0.177200884358205 0.159242900649766 0.203381695636561 0.141615152148241 0.271784226204145 0.225798472834428 0.231497159043995 0.19492686938684 0.224146322829028 0.246149977536523 0.1546119643628 0.149211876426024 0.147926258567936 0.170493280894082 0.191243666429325
0.190560229672082 0.174554441936249 0.240109260997413 0.283635062083762 0.159712474568214 0.180628776442663 0.247799047782052 0.241655135454591 0.263439621323286 0.320929607829042 0.161880883704574 0.217288366584011 0.226120242100908 0.276230400930804 0.266469359556195 0 0.163396367483066 0.146525333696758 0.157100192641277 0.181352261445834 0.0795318049036819 0.0194386964787964 0.311741046875517 0.266515660102909 0.144733481796332 0.15356086177354 0.125343442360815 0.183219248430378 0.216581954070877 0.252257347173598 0.236453545188495 0.198619047925751 0.15019192089157 0.125834187486506 0.112872443743368 0.0888606826041124 0.144613788352805 0.0854642540787902 0.0175270009909555 0.107281431384124 0.230204879073979 0.216789399946624 0.223172528452103 0.16685133711809 0.186802226556408 0.149002203426085 0.205638400756016 0.210134292069416 0.18887251459652 0.192099313052084 0.215648405088447 0.188962147451532 0.232785705643632 0.205353125047866 0.269696835878559 0.185760828393082 0.220441443227284 0.188293784655317 0.300838216282134 0.318401519601716 0.198168667717893 0.188100848732471 0.190140864248921 0.208705174951312 0.21167519179205 0.198121121842161 0.0880177410404042 0.132944784395719 0.150367955884477 0.0810164146790399 0.146806307729606 0.179726012968807 0.151694456056782 0.175201992611883 0.178731960642903 0.186882925636688 0.15932266817062 0.171813862409365 0.265382292209483 0.251206115884758 0.20288258406544 0.199656595392441 0.272200939108369 0.219493237172534 0.144574480354492 0.148628208775887 0.150674218262041 0.159424603635567 0.184901331270993
0.338210257840241 0.366937376078763 0.189068428662537 0.159465526508513 0.0701082433694599 0.0576727054728731 0.178200690820258 0.152846136298204 0.157792622870491 0.148723658364788 0.256673558930988 0.26362485470557 0.262274747873766 0.28599004673081 0.158940375309759 0.163396367483066 0 0.447705900655313 0.244889633320868 0.233095097596491 0.0839738989559078 0.0557963536165218 0.167754583374189 0.130998062699515 0.143110124271244 0.119591010557065 0.243473245356803 0.297350701578325 0.167047826083102 0.163138021125618 0.236016699849733 0.205265287479859 0.107345803533464 0.0171088913417479 0.15052635168388 0.124677142344884 0.203730587406468 0.169467941868161 0.169290326228937 0.182460204263527 0.371463291660959 0.360602251096538 0.34748535766734 0.367024047934951 0.383489526364604 0.315495008410708 0.269798472780707 0.297650932298488 0.31752494966818 0.272290523625289 0.452597485188675 0.375305538219043 0.227952383057808 0.232127665300869 0.254094402191439 0.213017394454852 0.3070720992394 0.238271907225387 0.216384072344965 0.175066947223426 0.148799733263651 0.152469444265486 0.330843922952094 0.347970754174 0.103559248189947 0.135504226894677 0.195211440516869 0.182797131806821 0.162364757930483 0.016108910264731 0.0762692564824238 0.0936801471798101 0.37333213083978 0.440028338801885 0.412209213116131 0.392705891362097 0.200397956704293 0.262674455908559 0.296035249018629 0.281140364678076 0.202202229536996 0.150019935065595 0.0534786101976081 0.0491126989781026 0.100029692199132 0.107213781352573 0.125439381710282 0.113787716523078 0.140092002400204
0.353864987894298 0.368717236191815 0.168662780305263 0.190080537894125 0.0581211552914756 0.0563518171052397 0.171671362753213 0.169276703148889 0.162565331611961 0.126831538161173 0.230673709326582 0.276241841128923 0.236712585669896 0.267633897987305 0.149250306507224 0.146525333696758 0.447705900655313 0 0.263550091748001 0.260432485330502 0.0769302320080604 0.0561148371171398 0.162003086039338 0.130290258266514 0.122522492431424 0.115878955290087 0.247359363231699 0.340108129590471 0.17045602463099 0.152534250551232 0.24005641937254 0.216268719319778 0.0905322278754484 0.0134883615945979 0.12670106524924 0.132395238355864 0.193776017999975 0.169108413843021 0.18283806889086 0.201699884640794 0.346845493564433 0.338501435651001 0.344637101981276 0.360215078494062 0.356416714233055 0.325424565729834 0.249109967473817 0.287647225200729 0.292839867480084 0.266402331262442 0.43553977673417 0.370372682048766 0.237007613139482 0.24126388627027 0.250895654337266 0.221376487143152 0.29917488278282 0.253394846101969 0.190542708720287 0.149282653834729 0.149989943405081 0.166698408398289 0.306100835901116 0.341121782831229 0.122381872350675 0.161245941146997 0.218204885370096 0.227439486298749 0.206875757749798 0.0353282483319585 0.0426237058371811 0.105347816473256 0.361665459887713 0.448555728357906 0.39741315822779 0.389816161026115 0.187372357216921 0.257981225909614 0.296695295837645 0.273306893356157 0.20196976007531 0.146076030809575 0.0655372859354279 0.0543049421794038 0.0916010758224066 0.105550099438564 0.151661820847586 0.120741451411542 0.142891453981796
0.311090823178124 0.30897564229607 0.252946533719101 0.268537342679113 0.0992623639236992 0.129885211934117 0.245707286655113 0.242943112771733 0.209358146072399 0.191298335405801 0.279996352016316 0.230691327468571 0.275624460831483 0.255537816400423 0.176325873460158 0.157100192641277 0.244889633320868 0.263550091748001 0 0.30307433960833 0.066278288526786 0.0446328666796222 0.233820915222985 0.190911170034914 0.0789376112974905 0.0878607448015062 0.126644840794681 0.250429252544458 0.160187607758352 0.171920388982442 0.278017469245916 0.233152757505357 0.153425807571795 0.112626572906522 0.153281448996392 0.118453974020657 0.142375736144863 0.0949780107662656 0.138167891771877 0.172236002699063 0.259816913287563 0.251978208981197 0.285663533263702 0.282876901684121 0.259881240936241 0.215611207884908 0.30414338692496 0.328580555185916 0.234658738208411 0.245928120667557 0.31562694102177 0.299046975601274 0.338651516681497 0.312273059839461 0.271316401758205 0.215691322833962 0.238220001455764 0.216329909100217 0.252658604561538 0.198957979185922 0.256061772893011 0.248954638905777 0.321022605377574 0.318758998064283 0.247173390189226 0.273382342049151 0.193834793059156 0.188394287708863 0.134344763468983 0.0861408213095983 0.15338615275425 0.0857126639003152 0.188922702493628 0.228303658503638 0.276643180452778 0.258741858143058 0.164015872175292 0.191330962646921 0.299601192789977 0.274907947135487 0.212602998916539 0.207144066240084 0.269024165277136 0.281415347609818 0.204430372923866 0.212374088188126 0.223648800984979 0.244050951308145 0.183137715596723
0.266409186961766 0.306185848961496 0.208006977536645 0.261844025652385 0.0926172417535446 0.0992377609123282 0.200533240047556 0.227499890381456 0.183640026396872 0.183798746510584 0.210944148785578 0.231699877284817 0.202984967053838 0.229185024164528 0.155058994411389 0.181352261445834 0.233095097596491 0.260432485330502 0.30307433960833 0 0.0626173151938666 0.0356110705451436 0.194560665281104 0.18418624507909 0.0787672178227644 0.0912909666576537 0.151325392799202 0.256624003771259 0.157229458177251 0.166659273938122 0.264897845723364 0.247117226442625 0.120570791242192 0.113540395244389 0.122888495357084 0.103679021999346 0.127791199083178 0.0972481999505732 0.129298875763256 0.134665787931163 0.24038342240236 0.262233152388434 0.276527519896352 0.269454787009635 0.260894832781156 0.220755994527655 0.275662691946564 0.286141444657203 0.216451064673381 0.219265310657468 0.267720975948445 0.25966929496431 0.288423305488731 0.299933598390904 0.223896770776571 0.20176878598513 0.227201862772471 0.236497836133063 0.182645982171995 0.177700238494527 0.221970407776873 0.239674469373455 0.299617562354748 0.329523154461279 0.224856878854138 0.24052859029887 0.171128390569163 0.203674529905738 0.149961330479462 0.0709649006313492 0.135781942393415 0.112500435579081 0.177304068825763 0.208812674462641 0.247863869743792 0.242521280057069 0.151444996465011 0.174696777824786 0.264846897461193 0.235265240045306 0.165497234329078 0.190842417037761 0.260092009933133 0.221686653676609 0.187833964195926 0.172202931213229 0.195452554066297 0.208041110482376 0.166206180516986
0.0912941174228034 0.0709952387065567 0.0910149290464264 0.0499233928566141 0.0233147135925354 0.0326850194351944 0.043467410854738 0.0249939364919958 0.0444995258719329 0.0533125575267488 0.0392917345126824 0.0411105870449294 0.0656997312069321 0.0456495187538217 0.0720602841381879 0.0795318049036819 0.0839738989559078 0.0769302320080604 0.066278288526786 0.0626173151938666 0 0.0290805296126053 0.0995580342626171 0.0868637800042588 0.0889019421801467 0.0605221982695822 0.0634522522438228 0.0587607493173002 0.0911838281855275 0.0633338362150974 0.0865474733884329 0.0723961333932042 0.0910429646377473 0.0584075038003362 0.0637041507502695 0.0687713945329159 0.0723459140182452 0.0662842030539833 0.0294401001539454 0.0833517452912733 0.0742569999372959 0.0659697077658059 0.0792937723765054 0.0773620950611566 0.0928604597337047 0.0771423375164012 0.0431534608205594 0.0557007569968888 0.089391171962273 0.0847303358750327 0.113175068974901 0.088008455225967 0.0624061904161004 0.0629823257366908 0.0697445611528216 0.06302950127208 0.104386533853378 0.0354393260763788 0.116878773366556 0.047847060779941 0.0715991158284593 0.064890373862626 0.048471966071336 0.0650525927551017 0.0481793759690525 0.0424119537564259 0.0559219433926378 0.0197064833059831 0.075136181167464 -0.0162125174706654 0.0370964688518696 0.0724090111872326 0.0716603734680572 0.0697401837893846 0.100865616633538 0.107864823243834 0.1017370339827 0.0835934354728973 0.101976923527854 0.0862324594241153 0.0731913936257181 0.0527131670209979 0.0279805280889103 0.0275299341741196 0.0262341107283163 0.0239883537770511 0.0252701162387335 0.0459057461435629 0.0515900345244612
0.0265597207959226 0.0507240829863767 0.0287429628748192 0.0217075167929091 0.0189624220285531 0.00319820493775989 0.0486664448999996 0.0168450107909254 0.0389978479498273 0.0316844281124173 0.0103930519784905 0.0311707658305609 0.0336111722615755 -0.00345792775080168 0.0336511316713703 0.0194386964787964 0.0557963536165218 0.0561148371171398 0.0446328666796222 0.0356110705451436 0.0290805296126053 0 0.0118832468403848 0.0260881595368308 0.0666856110918618 0.0590092170602166 0.0447855932318372 0.0641893320799252 0.0361483438326953 0.0400722774276993 0.083640085963714 0.0588372937958449 0.0465547987132912 0.0333606920631286 0.0376016103357395 0.063893930604227 0.0524880572575437 0.0294172241640447 0.041258547926646 0.0448768024399115 0.0483590040200589 0.0523297477681433 0.0714380647112394 0.0622048291296476 0.0261924334706954 0.0450161423059056 0.0561942436190433 0.0662152701182401 0.0535433391332162 0.0375389361452613 0.0571948228216928 0.0350630341148733 0.0334533188999884 0.0186550382767477 0.0425763748546798 0.0302168933532173 0.0450240435495535 0.0393157905968382 0.0716676601027482 0.0396323897350826 0.060247017090273 0.05328658709148 0.0495477150099193 0.057841648092001 0.0226207449054859 0.0102291010535897 0.0458014048361653 0.0253588483304173 0.0866866638957152 0.0199426265709226 0.0318394895836054 0.0339339420779745 0.059816568945881 0.0614108511494255 0.0628647279615672 0.0593252268500628 0.0593044567035271 0.0341053142030589 0.0670013694363431 0.0574195159655216 0.0667679485747759 0.0411921225620587 0.0455615371633536 0.0385499114985562 0.0336117513802352 0.0463602749584807 0.0308637549901711 0.0244509822173521 0.0422820140860294
0.256126573297898 0.211076889572279 0.393166229546669 0.321137289935427 0.172981775875075 0.162470146912538 0.346158538822213 0.254540824050532 0.324526913804355 0.272842474135473 0.204961730786822 0.160649293093508 0.332121333859322 0.24340221531188 0.333676113473962 0.311741046875517 0.167754583374189 0.162003086039338 0.233820915222985 0.194560665281104 0.0995580342626171 0.0118832468403848 0 0.314636986698665 0.183706896725535 0.188212629388936 0.129523248977383 0.164990908512235 0.259647513789062 0.270692299459033 0.307505741142496 0.224991972379971 0.293289347568954 0.182351055612332 0.163823156742295 0.125790570554821 0.158214143386524 0.0808198340717785 0.0834015687650988 0.141245482908221 0.273217563308953 0.253590090663705 0.265693705309811 0.197284993631134 0.225526664696839 0.198365986106695 0.261289004071432 0.278944166324458 0.215824279927522 0.206385356123714 0.263684375778535 0.279076971864968 0.323992413172117 0.268303588113221 0.340003069154143 0.160468058971226 0.250733585088046 0.149562788572517 0.452500047703067 0.302983667421899 0.276963834313342 0.22533370480635 0.316122751385826 0.289842732625539 0.274313163873478 0.252161296422157 0.113042091321088 0.164065696438215 0.145245277630149 0.111121378778358 0.194594194777889 0.173499756858893 0.175714687877619 0.213653006039802 0.202587955739173 0.224034283828834 0.209941773955359 0.200379397917433 0.33719634012991 0.289711322761256 0.277508779724668 0.253026298900827 0.328021457120357 0.338390745524981 0.218133442426296 0.20167953042719 0.20227120328453 0.223677603864368 0.241111805417786
0.188803227283954 0.167343233983006 0.326365548921783 0.331869487650013 0.152602814002956 0.163806351765207 0.281465037785984 0.281021658401411 0.208522249299133 0.272917921826411 0.169778194497148 0.192616862776037 0.220684722236685 0.254253128829176 0.219095309806718 0.266515660102909 0.130998062699515 0.130290258266514 0.190911170034914 0.18418624507909 0.0868637800042588 0.0260881595368308 0.314636986698665 0 0.119822700377004 0.183534520915341 0.0988691006865662 0.151474940017751 0.202663873960375 0.263203263834458 0.27138535540008 0.244239291351745 0.250805328480599 0.225139168523569 0.126450921799462 0.137772172915174 0.127035168938982 0.0736685249005248 0.0482217970887104 0.112155656201879 0.23976346828138 0.21160521667245 0.233861921991615 0.175916805482407 0.179683878609324 0.158191458872866 0.224315137030316 0.253083568866043 0.1931079522919 0.16924899954429 0.196656591054808 0.211605130079918 0.268909061971618 0.254201798448323 0.283969224315152 0.223126432030998 0.21103685651241 0.177335062923475 0.362264045976274 0.353967467209659 0.269934984031833 0.245802693090235 0.223089160801676 0.21513219454396 0.216958659684371 0.211768216373941 0.114913307286506 0.134114120945165 0.113323781053329 0.0760999567051536 0.180922572434865 0.146614008147785 0.140798674896116 0.159407956711035 0.176017704568626 0.208872983297335 0.155157753164656 0.180098485607053 0.285704057011366 0.257268310631322 0.212375632997478 0.203741673015905 0.322596129601223 0.287518256211858 0.171793100519905 0.181573428682251 0.179741248059679 0.179825818740277 0.214240511543795
0.116659737772818 0.109136720537756 0.135920525244232 0.0802219281374575 0.0667188834907221 0.0822671690865851 0.117772849359983 0.0398813766700253 0.179053831058973 0.126481382559905 0.0397294339538982 0.0399368537899987 0.104080934503394 0.060762733661425 0.157916326360264 0.144733481796332 0.143110124271244 0.122522492431424 0.0789376112974905 0.0787672178227644 0.0889019421801467 0.0666856110918618 0.183706896725535 0.119822700377004 0 0.179015856982566 0.0685229165553755 0.0711403123509361 0.114120835381358 0.104908034128888 0.126138269103362 0.0795650430146124 0.144451418481416 0.0612124340471738 0.0876810749325882 0.0890227914644185 0.0961398955780803 0.0640850594025272 0.0273184842918203 0.0643303380891074 0.129457259836591 0.126924262368786 0.130224014868971 0.100035136488242 0.115599297104568 0.10651502058265 0.109681772909381 0.100434036945292 0.139910513519207 0.115647308322862 0.175764023701441 0.138186080134752 0.1277197448449 0.081635517961222 0.151520466506722 0.0628272863909454 0.0965633141201254 0.0277465264128968 0.208636468982213 0.10404355954122 0.119229194564694 0.0744357328719903 0.149144479325077 0.144638853212774 0.0798231952703099 0.0431901667112955 0.0610474614730056 0.0590763071550658 0.111019365002042 0.000337169843578069 -0.000325975050981377 0.095987980954628 0.110754792955125 0.122236894359441 0.125828026351752 0.133211274602596 0.147179737515582 0.13344430407591 0.163662332977069 0.138789697558652 0.13789012818805 0.0914262032929993 0.0815375605996305 0.101569515807379 0.0723289129633452 0.056871199740977 0.0478008696437081 0.0586657035774972 0.0952571080874685
