0 0.0478470874098092 0.0204072893880544 0.0187282851999998 0.00375547738485494 0.00228473601417632 0.0230429827785817 0.0201984055052453 0.0169605231137557 0.00363955980290996 0.0269540700177079 0.0334080084908484 0.0241595766065123 0.0255408745944392 0.0191178625043776 0.0148417021650809 0.0337302778484813 0.0431586529632178 0.0256946951743896 0.0231273903539114 -0.00407014926897164 -0.00134637750400368 0.012636194466994 0.00690966767377657 0.00496196749388457 0.00464414293983834 0.016484903895736 0.0234807817019579 0.00436855778012012 0.00595285746563257 0.0164748504717888 0.0100295303694707 0.00675726571182708 -0.00204625479887145 0.00567414788630054 0.00351120179592562 0.00526902067824242 0.00533320859465798 0.00663759115441321 0.00526727123992081 0.0182902846740273 0.0149416579928809 0.02806264638818 0.0226389162787474 0.0227283414398749 0.0153549751394488 0.0276489757649183 0.021616851177954 0.0147735164982418 0.0139663007911182 0.0606922206686399 0.0585243400842267 0.0344512631563841 0.0304309827694788 0.0388655964588398 0.0227129537846072 0.0302568976055461 0.0313017637799795 0.0179025781491261 0.0242419111058524 0.0160590823346999 0.0134145727799406 0.0390073619734514 0.0339893785695321 0.00951624247815798 0.010699319704117 0.00332733480499638 0.00339222387883601 0.00304654595179241 0.00170177472046389 0.00131767124178835 -0.000307605901031641 0.0385726479910211 0.0355656558834191 0.0403816553131342 0.0377379794719489 0.0107634067258132 0.00964658513212691 0.0229760694223763 0.0221853431175793 0.00994600425472063 0.0106036749153219 0.000666900456875873 0.00385690313026095 0.00877805199790927 0.0108773697664644 0.00654120984817887 0.0108045456519329 0.00347948619091776
0.0478470874098092 0 0.0239439913502873 0.0256302063866873 0.00611946997299662 0.00374682081422964 0.0238836211120923 0.0239401608092479 0.0171376029672294 0.00562390188869291 0.020017793561834 0.042584678182578 0.0215494650644197 0.0251651667381869 0.0179189229458547 0.019099693845393 0.0416820480853144 0.0568807689841387 0.0289170681159311 0.0323793047543491 -0.00244118910587861 0.000651606373597438 0.0176850453029853 0.0117936138822935 0.00767727078388928 0.00778578650786829 0.0198935441423169 0.0311315800641278 0.0116426547344861 0.0107182873039117 0.0268478268146688 0.0182639065526737 0.0190107503044237 0.00712648000302008 0.0109463832900777 0.00572865134863068 0.00782491972631962 0.00643313614327547 0.00933778713486588 0.00580698348277979 0.0286298644154983 0.0243332493813629 0.0419598903109679 0.0363081822524707 0.0313730251043571 0.0235963211240179 0.0348264942836269 0.0370929514942699 0.0181205889242463 0.0195489313884625 0.0708730460937167 0.0718394101158187 0.0338446910575151 0.031688876416274 0.0356535618503743 0.0231449800421928 0.034790939153127 0.0445210341930699 0.0250475572640389 0.0250880765409993 0.0195888240246312 0.0176017878807771 0.0463051074797567 0.0392357770027761 0.0136963135680782 0.0175506958546108 0.00671591988679452 0.00666452561030912 0.0137159912900223 0.000486209648757811 0.00496722094969977 0.000635022710869632 0.0461936593313442 0.0474604021480074 0.0467225721385522 0.0469871547683188 0.01452283300093 0.013725587336892 0.0255418704588294 0.028781177929467 0.00987879616229737 0.0163894989867866 0.00474831948106666 0.00626773973835431 0.0139251805968335 0.0129868872672828 0.0116150135713826 0.0144290642448518 0.00732010805974694
0.0204072893880544 0.0239439913502873 0 0.0341131183201333 0.0156697834944525 0.00782985230213467 0.036495092311048 0.0228541075176903 0.01586439799002 0.0118846042430271 0.00394601656772665 0.0104496490642048 0.0232467586548006 0.015206556749707 0.0223353422015279 0.0193928341857191 0.0189180609750932 0.0227501667072666 0.0242720476224343 0.0157716931700991 -0.00180149356687715 0.000686033281676027 0.0402865939912713 0.0300663179541553 0.0183813553946675 0.0130049180747077 0.0139184430575558 0.0153403503120356 0.0218710905916699 0.0231687370677575 0.0304765562780137 0.0222951135536416 0.0547651806990679 0.0331571189683982 0.00989481745369796 0.00606299292244289 0.00751646649083737 0.00567322102141185 0.00332202625102779 0.00167916085450373 0.0330342762431913 0.0309851593274237 0.0378453849518842 0.0257951418331187 0.0260313466528269 0.0260297796638381 0.0278252440235102 0.0273435108528494 0.0169398776609878 0.0144260870618725 0.0276348678872363 0.0273544736613072 0.0194798294694656 0.019938845307561 0.0203348301501573 0.0273129538350514 0.0230441261770259 0.0236665973789261 0.0573892998136599 0.0470039909966596 0.0345492108875881 0.0267924404704021 0.0187497460694742 0.00979507177520615 0.0150167815925326 0.0163804900468175 0.00633616778671525 0.00486004893861066 0.0136722624319559 0.00221642458991388 0.0100423064316375 0.00429739826252449 0.0161027629268764 0.0248829242701807 0.0207846184801035 0.0219314249512688 0.0109328702418468 0.0099477866324059 0.0296467735968025 0.0217089011445778 0.0127761408367895 0.0163907806761752 0.0227024756015088 0.0243107997738563 0.0127895076005481 0.0125071763854827 0.0118405672641263 0.0140281812179956 0.0114696919933406
0.0187282851999998 0.0256302063866873 0.0341131183201333 0 0.0121469858935282 0.00761012595353135 0.0338418726910796 0.03037263695686 0.013992831450214 0.0145466109383892 0.00373303410554544 0.0231445524035091 0.0130624921770452 0.020256751257412 0.0121869282010615 0.0172056729315107 0.0204527333661306 0.0263842160410732 0.0217689900036046 0.0198654238275599 -0.00168251511510529 0.00150510521438178 0.0277976946002458 0.0246728951655038 0.0111712838830878 0.00918505653755039 0.0142669655130669 0.0206114626266334 0.0203586312970075 0.0227843925785255 0.0273095993562502 0.025340209825551 0.0422717412262351 0.0297933044545162 0.00919571152083891 0.00252312023857564 0.00639407958468398 0.00426336696776587 0.000261321084337519 0.000566933911795451 0.0319422410029483 0.0313049934464535 0.0373994680988574 0.0283328256363055 0.026840046475405 0.025619101250408 0.0310460944898487 0.0326445426438374 0.0164751886103364 0.0155432885948998 0.0263048998244362 0.0297078763983076 0.0247771156356379 0.0292713792076514 0.0228168454422173 0.0404080161751964 0.0249091108399676 0.0342572973266212 0.0426682829756897 0.0433756880829937 0.0322375439277481 0.0302661951657004 0.0194675201740303 0.0128445753717952 0.0140881162912739 0.0178645787589432 0.00693746520689159 0.00821149130876744 0.0148839554237656 0.00826240633930183 0.00982130903003593 0.00527763294669098 0.0167881796297765 0.0240988774631209 0.0201664363379128 0.022109194053398 0.00877348820875323 0.00799986172141469 0.0234706203497972 0.0238823061587121 0.0112838757721077 0.0175928863094781 0.0234272235340115 0.0199590564308943 0.0129167991512536 0.011635034387888 0.01449023241647 0.0156184408355735 0.0106263511160688
0.00375547738485494 0.00611946997299662 0.0156697834944525 0.0121469858935282 0 0.0051741222545624 0.015472450911115 0.0104435191369124 0.0128097985107243 0.0093636392699452 0.0042061856315138 -0.000835644096883479 0.0127628556069848 0.00794589547729216 0.0145401952126891 0.0110435258079575 0.00563714851458851 0.00635598168950356 0.00894095215127317 0.00599769254406667 0.000308678730424366 0.000126423506323526 0.0164948792362458 0.0143066815503619 0.00863863983503411 0.00655431333048769 0.00461665176374432 0.0038337552305177 0.00709132536775594 0.00630025856359092 0.0118084170835017 0.00584171374186245 0.0281165544206559 0.0163232863157254 0.00414176719123425 0.00422779177660726 0.00182735747288325 0.00169148379362143 0.00145050142941837 0.00170196874726816 0.0101376054036986 0.0112950678229505 0.0113473540244481 0.00515821089146065 0.00737154335753664 0.00930493211044858 0.00667495795514986 0.00627206935959468 0.00492458995881209 0.00373331624892842 0.00660956522951808 0.0052225952180448 0.00416968949689419 0.00493993485593225 0.00801461711488323 0.0198803100882323 0.00787822630437494 0.00906845007853634 0.0256214616296169 0.0196419281051189 0.0108972026832046 0.00697609253801368 0.00561798276585568 0.00168539218745569 0.00673747282181455 0.00755460981561359 0.00378341767167061 0.00463150127757421 0.0095536520763142 0.00407954049949882 0.0056654823149739 0.00263219451612716 0.00659269871093598 0.0074672961092755 0.00553789494777456 0.00625000302690848 0.00426814212736662 0.003710828400543 0.0114275528964149 0.00717200465521934 0.0067155403544051 0.00745656601526838 0.0142726964381276 0.0142632980422312 0.00547480369082261 0.00565203353702201 0.00456688130068562 0.00532981548817516 0.00519759750436407
0.00228473601417632 0.00374682081422964 0.00782985230213467 0.00761012595353135 0.0051741222545624 0 0.0088505665826272 0.0102226259916066 0.00539462661094899 0.0201113532862542 -0.00144016773224254 0.0030993671373911 0.00872393381348528 0.0123895128117884 0.0119173768688341 0.0178519687475222 0.00842022154119561 0.0116257313258031 0.00685774674411709 0.00415554102448005 -0.00131312726184892 0.00096696006878025 0.0110575105115516 0.0112079710990533 0.00586367828126071 0.00828346257789337 0.00350661839494191 0.00484714496383588 0.0050302046110951 0.00538096930207306 0.01089331153137 0.00824834672608033 0.0209986759604606 0.0178577889602823 0.00343155300127555 0.00230990467881383 0.00279644180818973 0.00275682040361335 -0.000225985008157195 -0.00117043383476729 0.0182802485696663 0.0192651837790091 0.0233667195755092 0.0197724592803261 0.0119160551536624 0.015597358082917 0.0158150481309958 0.0195147228349485 0.00813231628865099 0.00805320491249146 0.010511437152971 0.00879072139785084 0.0105613072593072 0.0124218134382615 0.00578431938582765 0.0167235470565834 0.00597249356209509 0.00936348035984057 0.0172626757594218 0.0189830715471146 0.010739556993026 0.0101206838220947 0.0022280090759276 -0.000829939529216386 0.00362847930980202 0.00719651959567729 0.00302946112110854 0.0043905045494611 0.00626624849176941 0.00266628008579896 0.00561538774142729 0.00321965683966802 0.00654956698271432 0.00913474852892577 0.0066673602068096 0.00722695102122431 0.00601654380046647 0.00509991521252365 0.0117598716350196 0.0150186997943177 0.00557105780718879 0.0105968442861378 0.0135983872822533 0.0108664491070051 0.00504407598483437 0.00492767789591786 0.00736912410725271 0.00698891733576002 0.00530563899066491
0.0230429827785817 0.0238836211120923 0.036495092311048 0.0338418726910796 0.015472450911115 0.0088505665826272 0 0.0327712802211621 0.0251099780923812 0.0219241833602148 0.0190941289498712 0.0207974862660575 0.0265071267104879 0.0245591453408965 0.0229466754811736 0.0171089936766141 0.021608687416289 0.0267680135966763 0.0243020352308983 0.016221978036498 -0.00391300627890811 0.000147838507357412 0.0267662155357973 0.0216254479213682 0.0109584638878458 0.00837089721198614 0.01538098506149 0.0179560176873345 0.0180159183813337 0.0173286358462391 0.0276745653788169 0.022119011674821 0.0428241364170198 0.025942696197579 0.00851217115282135 0.0041067108019445 0.00575949979755372 0.00499431897967443 -0.000259429341794985 0.000668391389413425 0.0338840006322113 0.0343459313546192 0.0404654008409175 0.0300911786351329 0.0278748368802496 0.0294570763231985 0.0358228279018351 0.0351574072037735 0.0171764890649874 0.0166123642919617 0.0302104126409793 0.0311154322138648 0.0317353742614158 0.0323226465409373 0.0379270754753222 0.0469867833969394 0.0291710578202739 0.0336919342417152 0.0500453473836367 0.0478122093658418 0.0341609035296787 0.0294099429625625 0.0209194888226035 0.0139862500394594 0.0147295827385888 0.0180807828167968 0.00876596386600313 0.00807414948708719 0.0146380919631838 0.0105436311924971 0.0107944685051887 0.00738645933638543 0.019562501030272 0.0265381691423554 0.0236292110877669 0.024530097342689 0.00768727733042004 0.00824644055266779 0.0274977943716199 0.0262668864331028 0.0165639573844095 0.0197656787122157 0.0254121930940559 0.0257226317041899 0.0141159332926474 0.0145104610929383 0.015227765621102 0.0184429924006864 0.0117688795941909
0.0201984055052453 0.0239401608092479 0.0228541075176903 0.03037263695686 0.0104435191369124 0.0102226259916066 0.0327712802211621 0 0.0187980947487331 0.022171827562173 0.0153866693668422 0.029088976414145 0.0171731949793815 0.0316877033542214 0.0145381886223472 0.0189037572915445 0.0192434036924967 0.0268224035325812 0.0179487523171479 0.0165080102750537 -0.00285697965121924 0.000971701389896745 0.0135038447123504 0.016021912481796 0.00428072473522125 0.00515166834824643 0.0125329080513898 0.0197172550039493 0.0129312338106852 0.0133878466644546 0.0203018451172248 0.0194313184294468 0.0288291849311171 0.0238889708587397 0.00717627230173704 0.00190166536424513 0.00441549034444562 0.00382849547399204 -0.00149354356975821 0.00130401228257518 0.0261998172808903 0.0274629337664858 0.0351835906947466 0.0265943442700419 0.0234534295652731 0.0234978124928373 0.0315966582341731 0.032139431338622 0.0141371462106905 0.0148937596935261 0.0262790072423401 0.0286994377910076 0.0301127852973502 0.036477154213696 0.0333040554508614 0.0529128355436906 0.0246753854115668 0.0365633643795728 0.0300478981094207 0.0389391591139365 0.0249432567213336 0.0267697539231692 0.0171386546392198 0.0126053475097163 0.0108158785382399 0.0158756559732623 0.00573792567424548 0.00863823597654951 0.0110473186802713 0.0102520853865198 0.00731227188864748 0.00607479133240891 0.0167357844236677 0.0225862812911823 0.0205114750037322 0.0239378515789604 0.00641265666729103 0.00666197689726983 0.019947043533422 0.0275365577571212 0.0124388128168234 0.0186263611799865 0.0218092999959759 0.0165832159179878 0.011747361509355 0.0116758329308247 0.0145477864371757 0.0157652630667145 0.00973672411161329
0.0169605231137557 0.0171376029672294 0.01586439799002 0.013992831450214 0.0128097985107243 0.00539462661094899 0.0251099780923812 0.0187980947487331 0 0.0180121574610667 0.0188162383749349 0.00654168878808464 0.0184077572873811 0.0162871743733227 0.0196055107237188 0.00953209581138232 0.0133879322263309 0.0159751791538846 0.0129912767736575 0.00829103452462843 -0.000489826928935022 -0.00143673153553272 0.0120834941626557 0.0115439169082731 0.00755536310272513 0.0061752086913542 0.0069588666522274 0.00702286542956707 0.00467211624523986 0.00467732579669697 0.0099362469664872 0.00377894108451109 0.0260038276118311 0.0103187491775009 0.00569610422607333 0.00513983358068628 0.00333710161997757 0.00426346107195186 0.00429208612488537 -5.88083912546709e-05 0.0122750877224008 0.0121988593843045 0.0162610977651828 0.0101571200114635 0.0102239733545849 0.011745103914904 0.0163346063472099 0.0108792034619622 0.00927035134478633 0.00895919198457031 0.0251538529477804 0.022834823482988 0.0195178063828406 0.0191601113231062 0.030475387373876 0.0357974438057131 0.0140567355028803 0.0112583944023946 0.0287856620748734 0.0307825174809825 0.0147121783215294 0.0102846606467869 0.0188655206579758 0.0133392403254839 0.0069017588168827 0.00763065465591268 0.00344832638847037 0.00414680535508555 0.00870245791954897 0.00585839734027257 0.00582334140598035 0.00478534631898097 0.0179417246194697 0.01791212064053 0.0153943707683493 0.0139322755219843 0.00409219510506025 0.00407501486072753 0.0149910681490614 0.0128910816644988 0.012248523816663 0.0110092486563582 0.0113134616894449 0.0136804216760147 0.0067960929098987 0.00805177302523248 0.00566670084399833 0.00892028909670317 0.00462866592170853
0.00363955980290996 0.00562390188869291 0.0118846042430271 0.0145466109383892 0.0093636392699452 0.0201113532862542 0.0219241833602148 0.022171827562173 0.0180121574610667 0 0.00735650552036616 0.00831940904729138 0.0100986687845985 0.018196367265685 0.0167340741657963 0.0197558014482021 0.0163905828736406 0.0207239031780927 0.00766918031625703 0.00469228197637353 -0.00182081305437356 0.000760094983347273 0.00746091631754667 0.0106456654305804 0.00567396703757988 0.00786340301726396 0.00724127537793683 0.00992709321453931 0.00769929159106665 0.00811670118320571 0.0129923894318929 0.00976352081695293 0.0307165317681828 0.0210479378594935 0.00665661102773925 0.00350882117486085 0.00317564181859956 0.0050124361901212 -0.00119285772731826 -0.00193479810741606 0.0277023509741593 0.0276798053004043 0.0306951901696695 0.0264397172075401 0.0180965144365861 0.025081105953696 0.023605642192973 0.0300086059660436 0.0131632484604945 0.0134970901513797 0.014795792045789 0.0136318108723169 0.0167933397829576 0.0209760992787049 0.0195155234292307 0.0418757112471533 0.0108857040035187 0.0212142393090796 0.023655955446699 0.0281761821813652 0.0130074756138559 0.0117160670578524 0.00615343288025501 0.000113884706275846 0.00677236721732287 0.0136510467255754 0.00905669237688241 0.0107114744835725 0.0126650324552686 0.00957993349070812 0.00758495167276585 0.00733958007924631 0.0128934851547965 0.0207017865787375 0.0134537426578239 0.0159126538248093 0.00624945444313835 0.00525651917602102 0.0133989482584199 0.0231020755989582 0.0131452580583305 0.0189586354331 0.0221129157006078 0.0197589859721081 0.00978127259179377 0.00837592078429162 0.013331297929588 0.0125594130447382 0.00917759270132818
0.0269540700177079 0.020017793561834 0.00394601656772665 0.00373303410554544 0.0042061856315138 -0.00144016773224254 0.0190941289498712 0.0153866693668422 0.0188162383749349 0.00735650552036616 0 0.0311134404555921 0.020893824316662 0.0268190774315 0.0154945053357497 0.00506008447642207 0.0184730422888273 0.0219300786738557 0.0153966518275207 0.013101295267392 -0.0055553665240049 -0.000866690697392792 -0.00981948906762835 -0.00813880893441932 -0.00529782790537494 -0.0048886066805451 0.0140909865843885 0.0159454843928795 -0.00308278577071447 -0.00695619023922927 0.00292328135749402 0.00166738800403473 -0.0213887097864745 -0.0207301202274879 -0.00281321206406823 -0.00121804244185791 -0.00155407238414353 -0.000334846943518742 -0.00205531578702222 0.00156004281834646 -0.000214831968404636 0.00238352454704728 0.00158209644325924 0.00139291393448221 0.00347773223195626 0.00233764910494958 0.010906588308014 0.00512015384588581 0.00322178783623442 0.00338337232975518 0.0245877117743137 0.0249463741512682 0.0270784885238759 0.0208630252159292 0.0388866496464675 0.0242399351792867 0.0271099767268711 0.027739794803679 -0.0120750766001185 -0.00376896392886666 0.000284056627178184 -8.52801295665801e-05 0.0208725395689036 0.0168142155978742 0.00835891758001715 0.00647830433964942 0.00576055059219165 0.00521096217896744 0.00323147292354727 0.0101588111708592 0.00222082247932078 0.00100557295778658 0.0240277497602773 0.0131257687956786 0.0191703890347163 0.0159011038228095 0.0012979568506815 -0.000645298169632761 0.00465771388367505 0.00738659170632309 0.00807907072617305 0.00316312301310079 -0.00182252684361716 0.00117361771521568 0.0028375559401968 0.00734208950417811 0.0026317468907753 0.00725817880026516 -0.00101136763408004
0.0334080084908484 0.042584678182578 0.0104496490642048 0.0231445524035091 -0.000835644096883479 0.0030993671373911 0.0207974862660575 0.029088976414145 0.00654168878808464 0.00831940904729138 0.0311134404555921 0 0.00726284663339307 0.0360898799458981 0.00292536985872968 0.0108361155330941 0.0398347874349497 0.057262052378256 0.0219825960416069 0.0324374887080937 -0.00728489697881676 0.00768329624496434 -0.0081969002565635 -0.00894361742229503 -0.00602508571434198 -0.00390268176066591 0.0276233659669613 0.0436963191630914 0.0151938356355152 0.00769966420464249 0.027895928326229 0.0316386864587969 -0.0126351571649633 0.000441329407804075 0.00618119202061545 0.00171529286867569 0.00355889556789063 0.0032641524703124 0.00120840617935098 0.00557427208821819 0.0291054782575391 0.0294767137020538 0.0428376585687572 0.0389876955359995 0.0312488255329765 0.0285682663837885 0.0410488514499648 0.0480120437503715 0.0161355528948224 0.0198076912239797 0.036999515560633 0.0426305869062617 0.0429830817624289 0.0419550403332778 0.0327491695501463 0.0186924259102089 0.0479481502497869 0.0765485621405906 -0.0177349402617565 -0.0205455821148794 0.0146195221458742 0.0229806799375246 0.0256663463812802 0.0244922129893668 0.0168135092932472 0.0235120925814521 0.0150165027605662 0.0159838171432845 0.0143307252019581 0.015697740765101 0.0102511877554798 0.00535171463046115 0.0309186718308688 0.0342130591305451 0.0352789458856425 0.0380832548100045 0.00755878284428253 0.0061208358268131 0.0108935001055294 0.027817605159677 0.00725975617947158 0.0158747115902632 0.0102312638354929 0.0049770420418246 0.0164572304301078 0.0133657986509324 0.0213270511721004 0.0202028524349199 0.00888077584647659
0.0241595766065123 0.0215494650644197 0.0232467586548006 0.0130624921770452 0.0127628556069848 0.00872393381348528 0.0265071267104879 0.0171731949793815 0.0184077572873811 0.0100986687845985 0.020893824316662 0.00726284663339307 0 0.0235223185516703 0.0334890857785264 0.0247636393588942 0.0136656996893617 0.0171523185626399 0.0217033162235061 0.0112671955523211 -0.00385340266740809 -0.00313618272814737 0.0280670386994973 0.0195656665351004 0.0103189117515118 0.00804554924673385 0.00850008142216712 0.00825589311192791 0.00465785593386388 0.00477092066811655 0.0139055798789155 0.00576333934093321 0.0254582599683857 0.0114022412274629 0.00256857095622422 0.00322756028781961 0.00405695070463743 0.00295790069978357 0.000390151009071412 0.000725509840758547 0.016576238878369 0.0175113358642163 0.0200684125680799 0.014545452049166 0.015871802255463 0.0142963704174839 0.0182379752321057 0.0156358162574641 0.010509604870163 0.00823368797745313 0.0300097518378918 0.027366658583972 0.0157995808653743 0.0149315960492736 0.0264179128502663 0.0228101783790214 0.0171299319578513 0.0117973647051303 0.0387631812646877 0.0328730232760628 0.0144846061808759 0.00900054155569851 0.0146394141235585 0.0108555438401313 0.00647043495834259 0.00597130647896131 0.00024425394835511 -5.55918908722092e-05 0.00735041125691832 0.00395550702131428 0.00458880421470793 3.6931673239529e-06 0.0166506036085011 0.0176466000065628 0.0210494633282099 0.020167267042887 0.00867536989898381 0.00898912957960843 0.0250056455236919 0.0176053979984189 0.011295293928063 0.0104676492340088 0.0098095495859579 0.0140118259699388 0.00644703455436608 0.00937708548375707 0.00379146927572405 0.00619082883701588 0.00529354967618373
0.0255408745944392 0.0251651667381869 0.015206556749707 0.020256751257412 0.00794589547729216 0.0123895128117884 0.0245591453408965 0.0316877033542214 0.0162871743733227 0.018196367265685 0.0268190774315 0.0360898799458981 0.0235223185516703 0 0.01991268385392 0.0266105678341274 0.0183410033662407 0.0269554499118484 0.0192312111781274 0.0175166459475002 -0.00315867490363761 0.000822838512481267 0.00649672309312196 0.011884665014871 0.000534486973385921 0.00293003896112344 0.0127472282986574 0.0213148627104974 0.00446965258281108 0.00676030102569551 0.0147451473793373 0.0136802508565252 0.013667040443065 0.0129232906162705 0.00307847933826394 0.00129143780475709 0.00334701397288501 0.00233236779867058 -0.00330335755164203 0.00151150657508568 0.0174953593097822 0.0204302949497579 0.0268372579634448 0.0206813024361432 0.0173412915868779 0.016433517903661 0.025928954718093 0.0251417549596707 0.0102859946144457 0.010509071918213 0.0262316764651839 0.0276540052799714 0.0312702696895018 0.0358760720610366 0.0342301627417502 0.0461682740377898 0.0248271189266681 0.0359877498250292 0.013664436176566 0.0261234829711416 0.0161281941263136 0.0187250660717007 0.0167706667458959 0.0130395422781661 0.010914813599017 0.0140604517160709 0.0049736487987617 0.00754689980370429 0.0115302465569126 0.00565322224262014 0.00655393696318997 0.00396421948750623 0.0182618603394725 0.0217910404458241 0.0214306599276415 0.0255451723630298 0.00571557092126507 0.00545670321663104 0.0162665364247516 0.0267643468641063 0.00861042329838535 0.0151835841468715 0.0142818920730509 0.0109782522718602 0.00834594811704847 0.0109393527307406 0.0110955603207546 0.0121888077724765 0.00644309922497846
0.0191178625043776 0.0179189229458547 0.0223353422015279 0.0121869282010615 0.0145401952126891 0.0119173768688341 0.0229466754811736 0.0145381886223472 0.0196055107237188 0.0167340741657963 0.0154945053357497 0.00292536985872968 0.0334890857785264 0.01991268385392 0 0.0285374951006958 0.0162311370703603 0.0199300870613665 0.0189166503751737 0.0107834772433276 -0.00149239679136812 -0.00226858146786927 0.0296795652021988 0.0223510184124836 0.0136341063593737 0.0119382671840972 0.00912520479404398 0.00874925640308483 0.00708234778173958 0.00682924933055127 0.0160755828728769 0.0064014455734087 0.0339772125076599 0.0156667018552607 0.00472062128793565 0.0040763136665334 0.00585817283367046 0.00453466939752628 0.00262152559499932 0.000973691569151186 0.0198764045777139 0.0192488638173265 0.0227853800697436 0.0140416679082208 0.0148561309495256 0.0158156290575261 0.0181043241016257 0.0157469550750175 0.0121075659886508 0.00916066735727307 0.0267464933423306 0.0221572365887479 0.0124106592061059 0.011534845500718 0.0199134424387349 0.0183694189252319 0.0151853070521673 0.0104933755681381 0.0381538156110097 0.0328148112525547 0.0151830983273797 0.00890261926886575 0.0128344056133447 0.00724838057642431 0.00887446086680586 0.00951110170673023 0.00404710839918798 0.00334621074181089 0.00810062400195793 0.0068686349117132 0.00524685551537449 0.00284603652637195 0.0168006345693498 0.0196419062421256 0.0207774708350931 0.0198137722593648 0.0112488638625997 0.00975505025354314 0.0247631212005609 0.0174382130362109 0.0122841748837974 0.0123314293638268 0.0134724022393008 0.0181183883647112 0.00695749210151232 0.00898976000448365 0.00622163420112275 0.00804759203962419 0.00672689733254635
0.0148417021650809 0.019099693845393 0.0193928341857191 0.0172056729315107 0.0110435258079575 0.0178519687475222 0.0171089936766141 0.0189037572915445 0.00953209581138232 0.0197558014482021 0.00506008447642207 0.0108361155330941 0.0247636393588942 0.0266105678341274 0.0285374951006958 0 0.0163975617681982 0.0232512629292695 0.0158435657225808 0.0135589312458567 -0.00177969802669852 0.000359315884620836 0.0265641340398878 0.0261900440502734 0.0115825850704242 0.0127973928504808 0.00807137284145137 0.0138048757872523 0.00961554059243899 0.0118833039267951 0.0182039427430415 0.0124369280649185 0.0336949380250492 0.025398584604503 0.00553601990088227 0.00346629282045993 0.00676077402592158 0.00410621278071792 0.000515739908958333 0.00152295274300484 0.0249193113309868 0.0260056896867616 0.030033810337492 0.0246232248521595 0.020890811008651 0.0212104602085639 0.0224281184403704 0.0262974833426303 0.0135464463660789 0.0117864070470312 0.0240568159030478 0.0225508378723485 0.0130580374897212 0.0162682284801347 0.0115130762908642 0.0225410681886371 0.0151401377783071 0.02196916947872 0.0314633724158508 0.0348313262536109 0.0156612620804392 0.0136864018488911 0.00861327644609922 0.0030885258372408 0.00743628349447078 0.0121141539726575 0.00402472662597196 0.00462200917173987 0.00817896959135831 0.00621424851247982 0.00599005715202278 0.00328539485260447 0.0141466535099771 0.0182572993643995 0.0187041941509311 0.0224884731109692 0.0120282064111714 0.011654954052044 0.0235777795441435 0.0250026738045989 0.00946180815684017 0.0164729393201829 0.0181944551365525 0.0159175194757003 0.00854153796523777 0.00808516724677515 0.0102615534403048 0.00906887861274521 0.00812677606574352
0.0337302778484813 0.0416820480853144 0.0189180609750932 0.0204527333661306 0.00563714851458851 0.00842022154119561 0.021608687416289 0.0192434036924967 0.0133879322263309 0.0163905828736406 0.0184730422888273 0.0398347874349497 0.0136656996893617 0.0183410033662407 0.0162311370703603 0.0163975617681982 0 0.0556000954106121 0.0227676312738103 0.0254061050060523 -0.00164324533238392 0.00242979292214705 0.0132039126033147 0.00771824233778019 0.00695167020561969 0.00846825595615394 0.0230400525807662 0.0319950646135979 0.0141123127084548 0.0112440665444763 0.0280823140369747 0.0225309606781243 0.0147628721755696 0.0092434697687246 0.0100389093303634 0.0059238031727141 0.00822912887956013 0.00841788352532152 0.0072167723308378 0.00583876667964672 0.0356045749901413 0.0311742592866484 0.0423440991660867 0.0377673006933148 0.0325757457603741 0.0302300590948836 0.0361439166409566 0.038936357677555 0.0204314360441672 0.0211901242256665 0.0542884496838338 0.0518304603724269 0.0304571519312323 0.0263835709251084 0.0282271808717653 0.0178951986209908 0.037025758064007 0.0469222752712611 0.0154967811776688 0.0149245978547869 0.0167292051429578 0.0173655012185248 0.0314613280155366 0.0250134261419069 0.0117522227983415 0.0171167110778149 0.0110969627607487 0.01032658080206 0.0143440331345464 0.00939580574568274 0.00713241297429596 0.0041594165507562 0.0431330275041232 0.0448230759710619 0.04405101331447 0.0408133979870129 0.0139965744475931 0.012911847334299 0.0221445829428431 0.0258920326459873 0.0119252852550696 0.0168054072451706 0.0089040552947176 0.00951711339598369 0.0141185848902118 0.0123244944599266 0.0149019948622601 0.0167125682359612 0.00787294937414913
0.0431586529632178 0.0568807689841387 0.0227501667072666 0.0263842160410732 0.00635598168950356 0.0116257313258031 0.0267680135966763 0.0268224035325812 0.0159751791538846 0.0207239031780927 0.0219300786738557 0.057262052378256 0.0171523185626399 0.0269554499118484 0.0199300870613665 0.0232512629292695 0.0556000954106121 0 0.0279303600690532 0.0343490152707741 -0.0047155857134872 0.00348079636712328 0.0151927212771249 0.00873642730694471 0.00732464371188055 0.00965432291951338 0.0295261207523353 0.0442701787000837 0.0182822084948231 0.0136930940320496 0.037205543358594 0.0298705253232687 0.0159447313854675 0.0095043747122128 0.0129159395637803 0.00647286550352205 0.00910159257321853 0.0102417567073941 0.00834704710953465 0.00721795179451344 0.0460286722650511 0.0416692620004046 0.0581187616419201 0.0514360286459581 0.042602850157605 0.0388495587103133 0.048409355749655 0.0538735645003383 0.0260761697460708 0.0272418059239299 0.0686032006077631 0.0670785743706926 0.0396861119479573 0.0370047553151709 0.0353366863970443 0.0221215353451103 0.0487869857682559 0.0677224639086237 0.0164166464785484 0.015697575086745 0.0213733542310439 0.0230166337252962 0.0402756381597735 0.0308897403935508 0.0144419144831482 0.0236454281678109 0.0126106804429568 0.0133315585932423 0.0174169815734032 0.00922181218253009 0.00879898921962642 0.00518689145611071 0.0511596122758189 0.0578792194629398 0.0555506155331278 0.0553138815320481 0.0185147786935209 0.0165889279583042 0.0286381679383232 0.0364515611883671 0.0145457591059988 0.0230821103364857 0.0123939903550391 0.0116775671118507 0.0200475333093899 0.0164367719048264 0.0210312066775401 0.0217805594831229 0.0105622782446534
0.0256946951743896 0.0289170681159311 0.0242720476224343 0.0217689900036046 0.00894095215127317 0.00685774674411709 0.0243020352308983 0.0179487523171479 0.0129912767736575 0.00766918031625703 0.0153966518275207 0.0219825960416069 0.0217033162235061 0.0192312111781274 0.0189166503751737 0.0158435657225808 0.0227676312738103 0.0279303600690532 0 0.0210938007703394 -0.00293083093926512 0.000989880497418945 0.0218078207261203 0.0137996165262579 0.00837538860824058 0.00697406485347064 0.0144148291040992 0.0178850175787067 0.0118816745563875 0.0106920269800387 0.0228862743508239 0.01711467301597 0.0237859830761144 0.00826669086092545 0.00719352517814757 0.00455792129950608 0.00455360705010207 0.00401598706507501 0.00350358160758402 0.00119604041046451 0.0208915330787382 0.0231117571270255 0.0260948763178935 0.0176536153678546 0.0180957524526152 0.0178648384895131 0.0176019226834489 0.0177708673879923 0.0108574915324319 0.010036934689537 0.0315090067928951 0.0309465211371884 0.0217409660731281 0.0188056738943452 0.0197660912516981 0.0197858116172944 0.0216274694565759 0.024024146138267 0.0268409490529696 0.022499854267728 0.0194802848209049 0.0154233185179704 0.0232023914374844 0.0164577922862941 0.0142168476772979 0.0151140386907187 0.00708737725869497 0.00708325530824843 0.0135634065878678 0.00426568687607531 0.00802811857456244 0.00173184898262129 0.0231415957705253 0.0249209912038279 0.0224576135048722 0.0216565860656043 0.00893070129480966 0.00716542704790271 0.0189962994933773 0.0156925606559679 0.00754273566392272 0.00954771610899897 0.0122734107906538 0.0132655561726942 0.0104763474286272 0.010388168413849 0.00935786394238345 0.0123365750038819 0.00666290348025292
0.0231273903539114 0.0323793047543491 0.0157716931700991 0.0198654238275599 0.00599769254406667 0.00415554102448005 0.016221978036498 0.0165080102750537 0.00829103452462843 0.00469228197637353 0.013101295267392 0.0324374887080937 0.0112671955523211 0.0175166459475002 0.0107834772433276 0.0135589312458567 0.0254061050060523 0.0343490152707741 0.0210938007703394 0 -0.00235515790608954 0.0025746613426632 0.0116697719203069 0.00977763527346102 0.00417338114048301 0.00526009490581196 0.0159034759237957 0.023045635440465 0.0104871791863258 0.00955328046828465 0.0216089883302406 0.0188752383329403 0.0124579989628115 0.00437735160153752 0.00583030536364599 0.00308636024510728 0.00437107568367969 0.00309832509262985 0.00377503040906123 0.00308437410523854 0.0183297968149359 0.0193630879209248 0.023466729268373 0.0189452449566411 0.0183660259903386 0.0143174973934706 0.0174369254873135 0.0196805579936758 0.0101345893600309 0.0102328659442094 0.0305140404857784 0.0313856887013254 0.0200671887077628 0.0168171049816506 0.0159865293669608 0.0158336759021832 0.0249526552209749 0.0359120437724689 0.0130420844612151 0.010400318924541 0.0135308600387778 0.0139894702135142 0.0246404824746772 0.0206733399533187 0.0124155216810428 0.0150067526997983 0.0101390712430893 0.00997518659206047 0.0132284527554797 0.00616626412973914 0.00660167671022277 0.00194019831785567 0.0267895458070217 0.0257200325426216 0.0236106938910193 0.0239135521536095 0.00923020101075576 0.00716750204434214 0.0139090475405924 0.0153081752753828 0.0055470742261198 0.00878582257469822 0.00646780080829073 0.00551863529210342 0.00965331669336059 0.0093081774237449 0.00949849563379874 0.0103861008097258 0.00531765994832232
-0.00407014926897164 -0.00244118910587861 -0.00180149356687715 -0.00168251511510529 0.000308678730424366 -0.00131312726184892 -0.00391300627890811 -0.00285697965121924 -0.000489826928935022 -0.00182081305437356 -0.0055553665240049 -0.00728489697881676 -0.00385340266740809 -0.00315867490363761 -0.00149239679136812 -0.00177969802669852 -0.00164324533238392 -0.0047155857134872 -0.00293083093926512 -0.00235515790608954 0 0.000108747085974892 0.0024750985315176 0.00408591280013868 0.00388980462254633 0.00303694632005366 -0.00143184977514851 -0.00246834507416285 0.00189802676498738 0.00257659115700202 0.00113294836513789 5.9185906155767e-05 0.00871530188537335 0.00701947826546769 0.00327954416893893 0.00163455833357526 0.00136003742927983 0.000959858511075458 0.00200025464107373 0.00188455105050105 0.000291255399262332 0.00122105979471284 -0.00175615136810941 -0.00244263467876301 -0.00295323287602401 -0.00164646870016889 -0.00465053834088318 -0.00470269882378668 -0.000895775633905061 -0.00133248775517928 -0.00253493595797473 -0.00381167491531696 -0.00606220183613409 -0.00526943516821451 -0.00543383968241936 -0.000966687395013512 -0.00537657851156214 -0.00810003219815481 0.00519524870236548 0.00698547597623778 0.000885296444648094 -9.13665261706953e-05 -0.00083184697168562 -0.00151952531060827 0.00223752248980961 0.00179012312538729 0.00100101428955079 0.00239878419597143 0.00272684275444768 0.00247790198230576 0.00245978558418929 0.00208473511624966 -0.002350037991624 9.52264560291823e-05 -0.00358562539160903 -0.00328588361820582 0.00077762559129308 0.00146308397507664 -0.000635331559291103 -0.00131434285049753 -0.00117077786492287 -0.00036356886722834 2.88055894967519e-05 0.000277993706779005 -0.000620713145675322 -0.00041265268587394 -0.00106904887875852 -0.000420850982455775 0.000832825508301746
-0.00134637750400368 0.000651606373597438 0.000686033281676027 0.00150510521438178 0.000126423506323526 0.00096696006878025 0.000147838507357412 0.000971701389896745 -0.00143673153553272 0.000760094983347273 -0.000866690697392792 0.00768329624496434 -0.00313618272814737 0.000822838512481267 -0.00226858146786927 0.000359315884620836 0.00242979292214705 0.00348079636712328 0.000989880497418945 0.0025746613426632 0.000108747085974892 0 -0.000518396717238428 -0.000841986604932126 -0.000553379778455683 0.00110774481025555 0.00291136389977577 0.004468973050051 0.00502086225467288 0.00293387619939625 0.00652462813837029 0.00691332290934506 0.00695574721438032 0.00555169941695764 0.00220416955266596 0.00155651207571231 0.00205797824987615 0.00119180182296042 0.00196027959668604 0.00439091512901258 0.00658674637732038 0.00685895415619223 0.00683507760751947 0.00481050827832187 0.00291919429007257 0.00531471859270544 0.00459890833497251 0.00879796523808696 0.00220692054197113 0.00389112307202231 -0.0020260139803171 -0.000802723283663821 0.00249697013541984 0.0024886592548593 -0.00239950737271908 -0.0030095895207842 0.00378556301933452 0.00793771730669977 -0.00343104022369141 -0.0057326115866695 0.00384966847507186 0.00321808509880155 -0.0013874556361224 -0.00103673514256785 0.00588987123751574 0.00571919570392502 0.00582659178784449 0.00569275997354834 0.00529620568687876 0.00411020108978983 0.00429630474352771 0.00379361295010172 0.00269019210043816 0.00130125951389286 -0.000706078473086278 -0.00021076446467095 0.000983041758595481 0.000514403328119074 -0.000613185418403333 0.00236949740472041 0.000306918458570466 0.00264176680620928 0.00436982321853382 0.00306391898642424 0.00292783854481799 0.00212303011998079 0.00520128508708066 0.0040034158788474 0.00223273965807579
0.012636194466994 0.0176850453029853 0.0402865939912713 0.0277976946002458 0.0164948792362458 0.0110575105115516 0.0267662155357973 0.0135038447123504 0.0120834941626557 0.00746091631754667 -0.00981948906762835 -0.0081969002565635 0.0280670386994973 0.00649672309312196 0.0296795652021988 0.0265641340398878 0.0132039126033147 0.0151927212771249 0.0218078207261203 0.0116697719203069 0.0024750985315176 -0.000518396717238428 0 0.0427257547345625 0.0265270209902926 0.0199418945060218 0.00846056402757358 0.00842268261651508 0.0217590832262523 0.0249731817026403 0.0284799986625158 0.0190911679217265 0.0722278110892241 0.0424879940893981 0.0113034454669111 0.00729208251105666 0.0104000282270921 0.00542313648570839 0.00587232554830887 0.00103831643651954 0.0345162665859636 0.031414036238669 0.0376373109819043 0.0235278083183809 0.0229034791952137 0.0230983837456841 0.0214409082393183 0.0213532850091995 0.0168648236477992 0.0128189860638413 0.0238174946290102 0.0216557215608016 0.00579483525577831 0.00669524657417236 0.00537459247988543 0.0149827037276795 0.0118204138970175 0.00514718145322152 0.0719273434228571 0.0577175253324552 0.0327050037825167 0.0220447441123632 0.0108524113833783 0.00285401685407992 0.0116527849957332 0.013174783791334 0.00187843712504919 9.2297113785692e-06 0.0127113087081989 -0.00289669928287032 0.0101628709483095 0.0031517707130777 0.0102975394953455 0.0233969066758615 0.0163741772953389 0.0171281760930336 0.0151320804458077 0.0154169845825898 0.035315467749426 0.0199480426620559 0.0120833918118097 0.0153821978724275 0.0201334892754177 0.0246495995181527 0.00928862844737229 0.00923433971468597 0.0076742346239769 0.00930481659505882 0.0105899469887212
