0 0.900330369566665 0.208231858562531 0.0478862907869876 -0.0544140408596395 0.17382570493143 0.358824095159382 0.231965389903952 0.169883158770229 0.195585588465306 0.635523814284534 0.570178884390659 0.510115084126996 0.274340549608116 0.191206652496058 0.287461042491349 0.816813753159058 0.835691099039087 0.753701796676851 0.747926864918621 0.315485728009492 0.139991860508911 0.15288942300758 0.00495357687373866 0.263807115342076 0.0421111668373765 0.572532537547158 0.667977579560918 0.194595115624941 0.0869401594367388 0.537134727107576 0.395114143227848 -0.0165578086776347 0.13614361572048 0.446412125039759 0.514897432408086 0.528515754223404 0.388801398768644 0.34991390493907 0.350872269531151 0.581614350345406 0.669536682135788 0.559058980990159 0.57892780383405 0.605625563321399 0.618150979538658 0.565361769052422 0.438712957615074 0.624844548421289 0.64400998761415 0.885671060758532 0.858510966517721 0.588026631542307 0.659826886685339 0.211756243925289 0.266235946479855 0.132394920617067 0.647066275681646 0.0304301036054891 0.172186604511377 0.205469837467341 0.226626256997898 0.505320731938792 0.652660361414152 0.381639839064434 0.380358169681324 0.319503576999921 0.4535205578634 -0.0555510090677772 0.102518944698264 0.242156666222837 0.495375495553792 0.341721682720197 0.6485082533514 0.652824060417957 0.540964580157103 0.594511579811918 0.522669403454312 0.59157967935795 0.432375478516811 0.399046175667495 0.485974315410412 -0.0810322408736746 0.0172692778745437 0.49586924566841 0.538258973516189 0.404860869704951 0.380812705648314 0.344349005264183
0.900330369566665 0 0.161593186155672 0.0513576935947139 -0.0621260972176008 0.215494557284348 0.278528569404068 0.215424332713465 0.120766338858392 0.205926427975549 0.489161355528472 0.632312915233595 0.406961009144422 0.284536355784894 0.142644280116627 0.27368583877959 0.827561606506279 0.856921133460543 0.723151334473009 0.816217153752632 0.38121466024292 0.112873081305388 0.0955399328464058 -0.0533973611274947 0.237729429549147 0.0182965323126031 0.612951992286774 0.745788991137955 0.224936235622102 0.0955208151239318 0.560136046636704 0.401262848642762 -0.0689592560772057 0.0693240165883831 0.46786355470974 0.518169595666421 0.531170533188362 0.393708792166784 0.352587836657042 0.322205755250407 0.612126430385732 0.696348407715986 0.612905984059735 0.62502052263824 0.647082324679833 0.64572043054922 0.623061078223686 0.520906530713274 0.638593377174257 0.674544886484782 0.863417172761763 0.871752495590541 0.507941102293478 0.644790112358075 0.101545037319562 0.24592996293056 0.10075224915434 0.680945900336244 -0.0607509561989119 0.0969394414252358 0.148607079335464 0.172359817230772 0.517590727183763 0.687242731293313 0.332082169415558 0.29487320837878 0.316709565803676 0.421789726381433 -0.0239203498374316 0.131465926738657 0.201011586713519 0.464414828142684 0.403680692124424 0.655455566551765 0.660727787806276 0.574755838619435 0.650868595765762 0.498538434683009 0.544235897124793 0.425398278501297 0.277965797466617 0.433962863245104 -0.105233976234995 -0.060819216245321 0.481108431779765 0.44828600780833 0.404291699115841 0.326278274553647 0.349813095999751
0.208231858562531 0.161593186155672 0 0.559896840830629 0.430985956695039 0.197912465262697 0.636755038055096 0.40165304089011 0.556107417137752 0.278346256149306 -0.0279278050673421 -0.143447504790134 0.239126686545555 0.214556113530766 0.550515214800182 0.494431143772349 0.040700154659489 0.0684028864925562 0.321757090156963 0.183164442259497 0.117144773679684 -0.029865163082503 0.810237935669198 0.642254862324435 0.627267717713431 0.464454211647942 0.06156797683335 0.112895941533709 0.654868460195057 0.564982026666399 0.535183228115695 0.529313433126208 0.65269956745737 0.454275408888535 -0.00342708410328688 0.212214990468519 0.249652735117546 -0.0443236639426483 -0.0891812259114268 0.0171187772037942 0.297963131236998 0.22000522884078 0.280441797898597 0.278091388629451 0.297702746206616 0.242808342641211 0.243433040356365 0.219302339586825 0.283810706997202 0.1995266036858 0.124485695613647 0.208391235151223 0.330159040828556 0.230004863229779 0.390500795747025 0.315081151715196 0.355866445374024 0.138844158165008 0.661411832936742 0.404871688483097 0.613382542400813 0.417825724171147 0.120134568879588 0.213668185599508 0.493419775272927 0.478912656341146 0.153039560291185 0.271084208059083 0.0192970161429634 -0.0248393907738995 0.148713268777662 0.27121937049026 0.0211510813297124 0.177510348413115 0.205213204555897 0.142879997583983 0.132607316971731 0.168418064928976 0.482576898706662 0.429018058090767 0.351051295736956 0.33966740740294 0.28642347939992 0.470264717518164 0.347117024256985 0.290139722554091 0.233581520957015 0.156776935723708 0.256416582416968
0.0478862907869876 0.0513576935947139 0.559896840830629 0 0.510920124409868 0.265574669720104 0.603874258496258 0.824593421974322 0.602573984715488 0.585817357600736 -0.0564821972231194 0.149225457069921 0.0809101477390215 0.480504847666863 0.244902174147341 0.466817593928565 -0.0486630972627541 -0.0371872935912929 0.109538115217965 0.115926974921012 0.0667580794225758 -0.0110197343916127 0.406033290249666 0.694314414887138 0.214177073370449 0.293434260903873 -0.0229052043113221 0.135646371192026 0.470238345786586 0.614177871940705 0.396047519607465 0.610115767511673 0.364576854303928 0.442526845015806 -0.0724144959559358 0.132546159222816 0.0463984289966988 0.00866912142317581 -0.265106528643947 -0.106104766452382 0.161999569076629 0.0490253969688707 0.177990275306356 0.178787725478143 0.105385094624143 0.0810708946210821 0.137800858884745 0.11976750583567 0.104312707793708 0.081112577474003 0.00648230999474028 0.0582322122609019 0.221696126725591 0.175381460466418 0.62109690344391 0.706418852955003 0.429482374610473 0.340464052200013 0.432138997637395 0.639173930269005 0.56386324351451 0.58385238316695 -0.0136231971981746 0.121288788492974 0.454847423488203 0.491876265995193 0.126904229411777 0.192335410051438 0.0153333276956472 0.120770224897276 0.267773035426964 0.268191976347103 0.137024797133607 0.1430222008717 0.173682630155617 0.182642876876407 -0.0522503597318614 0.059450204424092 0.209166678899637 0.520462700023742 0.257540418898502 0.403039898670873 0.585912508976803 0.442050877370921 0.312611392291048 0.20295975763673 0.27080260613514 0.143934253673759 0.25672310805965
-0.0544140408596395 -0.0621260972176008 0.430985956695039 0.510920124409868 0 0.323616013672548 0.477494792578213 0.335455951869968 0.668849152068857 0.466876699480827 -0.0697702186665035 -0.0613267105240843 0.23903165659238 0.395504714323042 0.449064419685872 0.438074734776152 -0.0979442891600871 -0.0758914570910233 0.058129015014372 -0.046526812324212 -0.0218320723757094 -0.0856178491853884 0.436500228462499 0.405607764540622 0.188997746015439 0.125599363003366 0.049856710547299 0.0409187296381392 0.359044903539932 0.392970338578457 0.22705337864756 0.265429383502802 0.240081072367904 0.223564436036623 -0.229376807476786 0.0770280129396644 -0.0938879522432605 -0.145908444841453 -0.309120566784753 -0.0901314929261727 0.0210160691238649 -0.0291537676468803 0.10299957352805 0.0585017550198554 0.0332202770420839 0.00409879871952729 0.0802995024695568 0.116043459202053 -0.0541278145316986 0.000934621122784918 -0.0497584597305027 -0.0248884466817054 0.0785981470218955 -0.12823169067002 0.492113855354618 0.355178559025163 0.430143429227694 0.103374358651082 0.30058628213013 0.205972923163425 0.253605727955346 0.121054003775062 0.0234861222692166 0.0502229395708523 0.251073079344558 0.364876901819985 0.108931123431134 0.163101376296946 0.0817123007237115 0.0871865535213309 0.155480412778219 0.13429925577978 0.0963489066801656 0.195111348303233 0.169414198368368 0.208806659507854 0.027489690544 0.137669898598423 0.136925477539622 0.24411089021999 0.250465226892778 0.190294142818406 0.338001203917428 0.464578382233696 0.173053884578546 0.102699905206369 0.104141917710945 0.0610028728384489 0.0839394315785121
0.17382570493143 0.215494557284348 0.197912465262697 0.265574669720104 0.323616013672548 0 0.396672961507774 0.333096274881185 0.501805049333121 0.54742093586496 0.229029147275955 0.169173255557265 0.247404514829508 0.164914410736331 0.201432276689129 0.399365472312718 0.0878538037712263 0.208795638074971 0.174538696701205 0.2103737900947 0.124995633098413 0.0116430317978996 0.211745524563141 0.154369018838772 0.138798165862679 0.0752749079143279 0.170771751741159 0.273717209960621 0.19197708608584 0.133347265907699 0.191476876490896 0.194568486110258 0.0439552773294098 -0.00122849763867357 -0.0430934831448445 0.0791168417860396 0.138673579757193 0.0423016447746677 0.0150207538306799 -0.0600999304847391 0.132742111491598 0.135717867874232 0.184162569947507 0.135851236036175 0.15345378214168 0.0898889796681763 0.109395065162902 0.0674442491769807 0.137325440709634 0.194269908393418 0.124960579167665 0.199236381512038 0.164384868343121 0.112201059537066 0.375686817441331 0.335632587567897 0.240099988319889 0.295578867668942 0.136423015411079 0.141135919411609 0.0997475614918879 0.081253001070046 0.0572923534715881 0.0777190255894336 0.25995677182461 0.21770710628105 0.322287928068052 0.313459245619604 0.129112864744327 0.193122849357605 0.0765590173291119 0.103139050639818 -0.0386935472819904 0.0983222896925893 0.164193742479249 0.118091403451199 0.196417346769301 0.131798094204177 0.228608630936683 0.183172036688809 0.157334106629577 0.265144637433624 0.115631463622578 0.134998341746675 0.177015691464283 0.0862979072861835 0.0541517121612852 0.0828512043386017 0.0363315623606572
0.358824095159382 0.278528569404068 0.636755038055096 0.603874258496258 0.477494792578213 0.396672961507774 0 0.672124230026168 0.65522489246642 0.416483941909233 0.336635540294967 0.228079840540651 0.477097157170778 0.381514148005049 0.365612066491409 0.411785430704907 0.131640674331626 0.190793436052027 0.374751135898097 0.298159332766763 0.0735455099180434 -0.0515251948931288 0.454042878944107 0.420414573883218 0.313382489128795 0.104463334630566 0.292085934748143 0.336253112640869 0.513274344844337 0.485713227002163 0.545420760560546 0.557769270846929 0.327889750077842 0.344528393926081 -0.00744837446654477 0.23879567659031 0.267849872476045 0.131121151498262 -0.0436686766826092 0.0308070284652757 0.389769657995922 0.330395220531057 0.3803098720589 0.356321763112898 0.344298313987435 0.296247046042828 0.351218035213721 0.275189294102858 0.31397440658385 0.319010678893153 0.203777686698066 0.249728385289319 0.572845185467346 0.432754039712079 0.762482802881858 0.597062373521606 0.488132648917737 0.43272834933137 0.413366082439051 0.436372885134088 0.60661605334818 0.471195770674274 0.125540584172998 0.240701461315642 0.498984866613485 0.48028099906681 0.260612479308647 0.319550159337318 0.143343899196789 0.117481245613066 0.296733140779767 0.394588834024321 0.11307453428539 0.25631779609097 0.307929993219381 0.214651151221016 0.150072869616716 0.131346351729928 0.371708598716256 0.385610018288436 0.459213984756602 0.421447334961146 0.375908639722348 0.502039322732873 0.469633904518237 0.43838165395679 0.343961214222713 0.316904615059896 0.277137432686997
0.231965389903952 0.215424332713465 0.40165304089011 0.824593421974322 0.335455951869968 0.333096274881185 0.672124230026168 0 0.539956385648937 0.611995238001819 0.189983252923891 0.361304883270268 0.167476809090543 0.417416707723512 0.133550610901949 0.411460365080044 0.07651764198423 0.113288954371871 0.177029874960795 0.18291048211893 0.192667544998682 0.0511937427424661 0.226138813293377 0.536887391502257 0.153256544337667 0.172348827194877 0.0873721176481539 0.289364299140335 0.411319379145643 0.592751293716056 0.446077522755131 0.648167597791521 0.24372375459598 0.377044810931947 0.00684269638023299 0.166705762926109 0.166353039362634 0.228501665922556 -0.104155097761219 -0.000352007406170085 0.342718947986842 0.230263591541459 0.306768189842188 0.306397276556641 0.23954717800718 0.219440113040123 0.307113915736748 0.262794095473225 0.264694880711897 0.298470294734895 0.129144593790448 0.147488430440921 0.470055638769299 0.448108536158567 0.653794387390655 0.844746924525986 0.260677192273139 0.450728807122997 0.316055624728379 0.713413440971835 0.558893958248909 0.636191857451055 0.0683773901566109 0.184647402357134 0.477544315211507 0.542257037289815 0.211899640061741 0.290979231396787 0.0305518181412893 0.0808359751589363 0.375860564485781 0.406884298529544 0.244539926148865 0.22408765649652 0.273166440990264 0.256765978112778 0.00270466754334995 0.0920881964166452 0.219986306340304 0.507718403998458 0.411738619143966 0.591375516841824 0.65244482776506 0.498301238063917 0.498749270752979 0.427414914502227 0.473471535317056 0.338942721037972 0.361630248293516
0.169883158770229 0.120766338858392 0.556107417137752 0.602573984715488 0.668849152068857 0.501805049333121 0.65522489246642 0.539956385648937 0 0.714979767665139 0.188333966433032 0.0874105734841012 0.453744703949722 0.468652549110472 0.586207764087772 0.599587749498648 0.0170501087623173 0.0629311337572643 0.200863732634788 0.135911528574145 0.0483971793246559 -0.114207036256818 0.548564543963153 0.454892242304893 0.300316245086931 0.0998121114057963 0.0630851415331351 0.130025927016642 0.399668048071151 0.393052328522195 0.314042530349753 0.341874710633976 0.224551578071823 0.149192372606465 -0.145942361725842 0.150794516669255 0.0464575917658908 -0.0706915303243619 -0.224353913465076 -0.095271817465519 0.117851702619391 0.0864535247790009 0.177481748609452 0.123102024089577 0.145620385016559 0.109263894819141 0.253482661385919 0.27118734059985 0.17356178749136 0.186736340670603 0.0803980827475389 0.111361505308348 0.313213749504221 0.138960861217167 0.644202036699836 0.494741655968111 0.497631306101671 0.249537953377414 0.416379403630956 0.307598996590384 0.276764834527193 0.134045031813956 0.186779122496856 0.242240582881817 0.379706661768609 0.496681372093391 0.191982682676008 0.346297460895019 0.0352558154834093 0.149545501437634 0.171227841703385 0.288170838940911 0.095988982980478 0.189216766177566 0.299502333669699 0.222692070491535 0.113776742061986 0.158185570152036 0.373704993941202 0.367654905413433 0.406100644527888 0.426757619018721 0.414727226508709 0.487787839572954 0.323771783327366 0.246733940330857 0.184089927370915 0.107385720202761 0.177413079072548
0.195585588465306 0.205926427975549 0.278346256149306 0.585817357600736 0.466876699480827 0.54742093586496 0.416483941909233 0.611995238001819 0.714979767665139 0 0.123604810771308 0.263390053056054 0.253868964692164 0.496179289366708 0.314206606141264 0.589179596531277 0.107770694638767 0.160005132721509 0.143284701251415 0.157259039887375 0.154837917537343 -0.074808362139912 0.226029225297095 0.375503820436478 0.141779519278671 0.0552810412146849 0.126237785517091 0.291644458822403 0.272942751033925 0.360589690146875 0.292499231865994 0.383307598825906 0.0486385370176627 0.15399652509488 -0.0372390296113877 0.126035343016921 0.1102347494026 0.0284396457330406 -0.0355372991089584 -0.144011038766517 0.150526331455272 0.116429108670819 0.166901060395374 0.13359306230873 0.158774216538088 0.0996853927165293 0.248670284358741 0.282660891320564 0.154182729563438 0.251245774683265 0.160100503162439 0.149574481231884 0.191876991853361 0.183111678443325 0.444733699470305 0.582997706786243 0.365948215437509 0.409967668216346 0.186324871121623 0.348625820027767 0.192810912521225 0.199528170644465 0.107897403056651 0.195151546082329 0.375516999159341 0.472850410944365 0.264280921047774 0.331700316452854 0.0470952109502321 0.142192284992982 0.223232219598518 0.316391793338217 0.199375575539903 0.215266167109335 0.319937161139375 0.259558636824705 0.175739464546669 0.21160362361533 0.281714679748927 0.399601399686079 0.213416005768433 0.480011367204061 0.490712390399569 0.398786200170441 0.388786965123652 0.315932758865511 0.323936438253644 0.235747447282807 0.255591283727102
0.635523814284534 0.489161355528472 -0.0279278050673421 -0.0564821972231194 -0.0697702186665035 0.229029147275955 0.336635540294967 0.189983252923891 0.188333966433032 0.123604810771308 0 0.579508658324789 0.673347893494148 0.312689921100964 0.2224047906117 0.20619529403396 0.423203513278547 0.504102997977409 0.413881796263493 0.403270477732253 0.128201025550231 0.0701341380802638 0.0429054499562826 -0.0335585834035224 0.0567327531215334 -0.0434374842125133 0.398168742654678 0.423483187313481 -0.0142739451500097 -0.0808169535245129 0.212645071652216 0.134940628471546 -0.195190093394827 -0.100210045743192 0.124037590706384 0.195984761944119 0.23517714536285 0.232268625472738 0.295267271152334 0.171728871504271 0.292459739562518 0.350038694192306 0.221736088554119 0.217643325405538 0.249226941561314 0.290649549613413 0.250029660912734 0.165896570669595 0.38861663990709 0.407751455309378 0.412025711502148 0.427961074088678 0.523137601205699 0.493218958379312 0.305035533606637 0.247569782389508 0.194262917109308 0.518390725388187 0.0108984508971134 0.098118565941939 0.016880384819614 0.0247370142988758 0.219794967563352 0.254465105528649 0.270024443654862 0.199709190509258 0.203426587814008 0.267032074951109 0.117380750085634 0.151315577294074 0.292949836265152 0.30347581057955 0.153473335046293 0.239448344048078 0.282311338953228 0.154796142170226 0.295905920815996 0.242248391205777 0.366413152004182 0.16772393006997 0.48381370838209 0.471273896239165 0.00476123513227516 0.0982143406576935 0.314315774275139 0.403231678022343 0.312450337932694 0.357852647613733 0.139284069738945
0.570178884390659 0.632312915233595 -0.143447504790134 0.149225457069921 -0.0613267105240843 0.169173255557265 0.228079840540651 0.361304883270268 0.0874105734841012 0.263390053056054 0.579508658324789 0 0.356922766798955 0.527432391322326 -0.0129000427258626 0.17149568089002 0.476261181521667 0.584668109514399 0.409614447263444 0.583015389781836 0.249426384983803 0.0465965349395356 -0.184335742666341 -0.0923705616430237 -0.154103685823008 -0.133983687898706 0.577778592762722 0.715051569434939 0.047807866955083 0.103530186760024 0.330685875221842 0.346541616507228 -0.323872899529862 -0.111702995510668 0.113436903376433 0.225231539828093 0.186304419048453 0.244330641224874 0.250352800429629 0.109424433044218 0.307633246696268 0.34589031651079 0.246705356622762 0.250110370808109 0.252113490759591 0.272472312986008 0.339359375289413 0.273560600135438 0.348959688820699 0.422267758587498 0.435229434224521 0.466815112887681 0.38386787131377 0.562754183987015 0.19964202279749 0.404904833460127 0.228566065210415 0.774171387523319 -0.245542738246267 0.095383321506824 -0.0145653791717955 0.0982890894348953 0.171391086923018 0.275658247825213 0.318121812847421 0.157204021767249 0.279129123183185 0.300989667553678 0.0706612437054151 0.177752024840714 0.254996226873206 0.288880771501268 0.300245647907509 0.321146768225125 0.398296539499307 0.318053477486882 0.358844129877673 0.262846728121432 0.266138756280661 0.286084573235383 0.214301914287605 0.394419002529433 0.0957626491910919 -0.0254795599414791 0.376389208622685 0.364799700574117 0.456556181770146 0.347976728745983 0.246178700263603
0.510115084126996 0.406961009144422 0.239126686545555 0.0809101477390215 0.23903165659238 0.247404514829508 0.477097157170778 0.167476809090543 0.453744703949722 0.253868964692164 0.673347893494148 0.356922766798955 0 0.494904435594335 0.583038001751233 0.398072281857187 0.356994938070075 0.394652192589598 0.402117314132936 0.3931098182978 -0.00471641894008252 0.00285251494818077 0.345713020524975 0.123516148118602 0.229108289178941 -0.0260672564980576 0.442229845747117 0.407913708691502 0.233756865034316 0.0681868723480672 0.298118484826542 0.182874050692069 0.0410094491219031 0.0276342320713773 0.0966313751182656 0.234352966660326 0.21988870292797 0.12862409442197 0.194305938086336 0.190556715395141 0.25845467117346 0.305098198825197 0.280172285133845 0.233657797337329 0.317721802804836 0.316592107153127 0.321317277305262 0.336983358148792 0.349343209279697 0.413373838991759 0.36093086929424 0.343157268913803 0.403680363421615 0.321703132536219 0.355500124434899 0.1849554621387 0.46048272418271 0.403707699091054 0.154569068029287 0.0658205071086263 0.0990240785499096 -0.0199446773649087 0.291870153472755 0.35398156424718 0.265980391969723 0.248002810653628 0.068897146854576 0.302337718745527 0.167664716850416 0.203524254838129 0.175792788291614 0.35661584401452 0.18273343275869 0.324394496959693 0.440912066930466 0.284927222129368 0.370182547392392 0.277250978366714 0.493652491310428 0.24303906386376 0.487974665428219 0.383433373867364 0.043418696762034 0.20585402790594 0.353433289106499 0.395814292374334 0.20812468669157 0.237573085969993 0.181543607191597
0.274340549608116 0.284536355784894 0.214556113530766 0.480504847666863 0.395504714323042 0.164914410736331 0.381514148005049 0.417416707723512 0.468652549110472 0.496179289366708 0.312689921100964 0.527432391322326 0.494904435594335 0 0.479783763135458 0.649197898812903 0.193717315387707 0.233164200311072 0.197574251609571 0.299005673759645 0.124071883191001 -0.035749283524837 0.252579369646654 0.407894485407841 0.085005203921295 0.122713316672682 0.372770411779867 0.460191247609243 0.376449256297792 0.354659885060293 0.356287423222101 0.424606929331012 0.00448633238697551 0.0958119088401706 -0.114428451962121 0.0695562572903874 0.0710964050575218 -0.0199287117181516 -0.0129669712365792 0.00720836481282041 0.208897915452931 0.193059347339092 0.199229113226558 0.154096440599902 0.177782767355433 0.172038282387149 0.257609041710362 0.278356599938241 0.190724418431299 0.273949895335792 0.222949232292643 0.200251573988753 0.184399855140885 0.162039259870762 0.360217547962091 0.409902019223302 0.542996093004545 0.508957175254538 0.134357781970646 0.231759511687518 0.1875381524555 0.150175021437036 0.0463894045445333 0.146980675292973 0.39308113194824 0.461236619330831 0.0774732539016781 0.306450768442346 0.0622969035715599 0.228597430161628 0.30063030803264 0.319001647778323 0.319048726961893 0.287388505969922 0.381199642474728 0.312809589948897 0.243426608528921 0.216394234516088 0.288271482092642 0.453141289616488 0.276449357239592 0.330143307970553 0.3474832472495 0.310836804687856 0.360956323159283 0.334266926912269 0.364601524835469 0.24976751827572 0.264109271337247
0.191206652496058 0.142644280116627 0.550515214800182 0.244902174147341 0.449064419685872 0.201432276689129 0.365612066491409 0.133550610901949 0.586207764087772 0.314206606141264 0.2224047906117 -0.0129000427258626 0.583038001751233 0.479783763135458 0 0.696009340294193 0.111701054637695 0.127682334528222 0.172195480926562 0.107187794644097 0.0555840095212197 -0.111384408986968 0.766384311928861 0.47707788015196 0.608361002648783 0.360187115799326 0.123767542070575 0.107361510877826 0.423632958719187 0.310300911756861 0.243815633111866 0.194383104391293 0.443849511818504 0.239496337352586 -0.0963900212610196 0.135155734183391 0.209945520162601 -0.0765836627956275 -0.0493094572056198 0.0640755851149739 0.176457130778097 0.169809250197725 0.220721119159509 0.151713045006094 0.239021505571499 0.205223856157535 0.282384892477337 0.343426371533514 0.275584358618131 0.264207424217697 0.173094119741901 0.196513632821034 0.253137184066049 0.0767028127895782 0.274458838688616 0.191584204824591 0.340764002585983 0.0818248839012036 0.547061294082613 0.232101000562584 0.279422478634387 0.0410384528736663 0.192546780099309 0.204647103188912 0.366286786830864 0.395213614894778 0.0699164349895922 0.280661556836205 0.0647647306523498 0.0877585598402492 0.0835239849636313 0.316337379091947 0.191697196948299 0.250823445250982 0.339221590898594 0.239492285574879 0.26452026280599 0.238052927937652 0.545548449521584 0.36613122690273 0.469899465084943 0.388028123167678 0.247936412934333 0.478446795982047 0.328331511998015 0.324429587038794 0.224848185322635 0.181538171977179 0.234832304433829
0.287461042491349 0.27368583877959 0.494431143772349 0.466817593928565 0.438074734776152 0.399365472312718 0.411785430704907 0.411460365080044 0.599587749498648 0.589179596531277 0.20619529403396 0.17149568089002 0.398072281857187 0.649197898812903 0.696009340294193 0 0.221823350787698 0.260931091995064 0.223268253220347 0.23692103218629 0.27862464724508 -0.139329891918354 0.630817422918467 0.652697837504286 0.512253610284755 0.422024488963625 0.169019784880416 0.302855406631658 0.504972867135616 0.410823858184177 0.413337892073841 0.438972875896187 0.36941530720041 0.27499248577046 0.0258260390967748 0.136797445995526 0.326199359285673 0.0807810262476791 0.0109726800613086 0.0875931633301423 0.321680288777758 0.29554770382003 0.3265974732129 0.280220886610824 0.302687524999658 0.277692274243483 0.344044343941951 0.32836195496599 0.352928196424982 0.392745522493748 0.308603748609119 0.293812230977763 0.285379138436669 0.144137696792861 0.375106935879932 0.403592203432556 0.259154848690588 0.259020883017839 0.557546629379479 0.446354290167539 0.399138713619533 0.272409534685827 0.163526316289863 0.26448925703061 0.421632227745011 0.520700654038467 0.131623503915258 0.400236505708922 -0.0393356046417886 0.148231551942322 0.241042931010658 0.342025462885149 0.301585690421233 0.349268604046939 0.385757056790243 0.339497453993463 0.31320806796391 0.358138927307672 0.504766672963532 0.588546659954409 0.375741442584961 0.490706014765686 0.364744806181675 0.436818485764142 0.38040485331728 0.354427036756563 0.301750465272327 0.236146640020052 0.254746074304349
0.816813753159058 0.827561606506279 0.040700154659489 -0.0486630972627541 -0.0979442891600871 0.0878538037712263 0.131640674331626 0.07651764198423 0.0170501087623173 0.107770694638767 0.423203513278547 0.476261181521667 0.356994938070075 0.193717315387707 0.111701054637695 0.221823350787698 0 0.851195323424613 0.573809995264269 0.639068783153567 0.35006436439029 0.116466706424268 0.0322985325111683 -0.0612230405117041 0.210485063109881 -0.0155595876817657 0.550792361626092 0.6228311912666 0.0807078228176807 0.0267966186774611 0.438282009394481 0.294997788359298 -0.0614055938716277 0.0840905733233954 0.484905637198243 0.558703527285477 0.462098938647125 0.359209712730731 0.407646055010003 0.439885071855161 0.541848350471949 0.638175943943158 0.534279421764666 0.564806068918176 0.579736687539331 0.605435599128248 0.482897963657152 0.358552381439196 0.536191146239018 0.583747174219447 0.90094903017831 0.851967082815282 0.337220246145408 0.493098884812215 0.0747606629510649 0.134554128447763 0.107406116773079 0.606644243142429 -0.062611540713223 0.0742598417554644 0.119551450963182 0.164489176526625 0.486012998033043 0.591223127696974 0.209055749284315 0.220157040327551 0.21137172095188 0.320020223916816 -0.0286541079314751 0.100904348869624 0.254014453880593 0.387828744934332 0.5368338704571 0.732271114436925 0.701767192560192 0.647775994465798 0.637416228071514 0.518593306400416 0.526112218574304 0.418705103557897 0.24065348043395 0.353042975312432 -0.179504885486572 -0.144051650864669 0.37971344607857 0.409594695642594 0.269615134354083 0.243567588917428 0.328641578729363
0.835691099039087 0.856921133460543 0.0684028864925562 -0.0371872935912929 -0.0758914570910233 0.208795638074971 0.190793436052027 0.113288954371871 0.0629311337572643 0.160005132721509 0.504102997977409 0.584668109514399 0.394652192589598 0.233164200311072 0.127682334528222 0.260931091995064 0.851195323424613 0 0.664442691470639 0.694341750761497 0.32713681261249 0.061675855152135 0.0705575070468351 -0.0427831644985096 0.202159044489676 0.00699831335449396 0.599182590322111 0.745037392824368 0.141700160862074 0.0704740849180709 0.462412955988927 0.321902850183947 -0.0947180299544857 0.038156715063169 0.423252092770798 0.488722710033071 0.504863343387324 0.379793568347142 0.433964873336272 0.376799043981176 0.501858583545962 0.599463163348295 0.491537766600931 0.506306087973001 0.541125128422031 0.541098211817938 0.462525435818216 0.334379514714369 0.551873923018183 0.560042337631839 0.861139565676404 0.851186791450563 0.387219540370169 0.529474746168792 0.104507055064376 0.205355943117219 0.121096634992479 0.684067308155572 -0.039562954172746 0.0843591805376952 0.103936362900955 0.150373001623798 0.414915451287354 0.544797010984294 0.239949694123789 0.23543994693633 0.331152076360298 0.461977430637061 -0.0252759011483504 0.128633044664642 0.235767954690585 0.377846906478886 0.425571834748321 0.72167704330117 0.634572213177306 0.59229294580869 0.65826189151402 0.54472622139046 0.540084875358522 0.41507201046231 0.2449946150763 0.378638001356965 -0.207204841391279 -0.134516627111878 0.353977590600585 0.384853719211852 0.290436231043073 0.244957588741127 0.321300195377443
0.753701796676851 0.723151334473009 0.321757090156963 0.109538115217965 0.058129015014372 0.174538696701205 0.374751135898097 0.177029874960795 0.200863732634788 0.143284701251415 0.413881796263493 0.409614447263444 0.402117314132936 0.197574251609571 0.172195480926562 0.223268253220347 0.573809995264269 0.664442691470639 0 0.767349136086815 0.225115733606937 0.105547404478202 0.252673821396789 0.0397376606361663 0.28726509909717 0.0710442982232458 0.558981169680273 0.625760185709938 0.348262101153929 0.225770160668161 0.593864302318296 0.445889682851436 0.0627948515730888 0.133944461389587 0.237264156560097 0.390569672579833 0.372704018059478 0.289136056732173 0.185812548515647 0.268200081699127 0.464797949243875 0.516495966112265 0.4274778202638 0.449751228265527 0.474143141648029 0.446575149663814 0.361790930603852 0.283514581182274 0.414249739187408 0.432036457405698 0.607548206502276 0.650090375106213 0.351762261932248 0.461487413529061 0.12210613319874 0.206791011371544 0.061654374642758 0.505518552527014 0.0280828257498912 0.0740888442187344 0.132704882454401 0.135098535247648 0.342265590648323 0.484769849025463 0.42018493449416 0.39856423745582 0.406157068525436 0.422678107244504 0.0258933372325644 0.10284497733404 0.161306417351024 0.316964166345007 0.128859223844372 0.445912679915726 0.348012227858813 0.308269556685827 0.39284502296333 0.316718455689444 0.348175649918455 0.276591159372843 0.119120407856484 0.307585579139604 -0.150279928552177 -0.0125945706109782 0.356588156096368 0.333814009277714 0.266974553847363 0.161189604988202 0.171658337911792
0.747926864918621 0.816217153752632 0.183164442259497 0.115926974921012 -0.046526812324212 0.2103737900947 0.298159332766763 0.18291048211893 0.135911528574145 0.157259039887375 0.403270477732253 0.583015389781836 0.3931098182978 0.299005673759645 0.107187794644097 0.23692103218629 0.639068783153567 0.694341750761497 0.767349136086815 0 0.251989878296144 0.154185372666908 0.115018897838098 -0.0532054272391817 0.179292817367839 0.0469248010983067 0.644668397576295 0.773995616220802 0.322387902432875 0.17814615703915 0.576700637804927 0.472590153972164 -0.060668020785049 0.0213452022098856 0.336621337361484 0.400409175039189 0.387635604264075 0.227911735806038 0.288144127087866 0.261351668912523 0.499735202218649 0.540518073321735 0.486828194934847 0.507442111510068 0.521437339167881 0.498661674881482 0.436104844234156 0.359556636947193 0.449623768680096 0.487334227947035 0.661206414977715 0.645087796665591 0.325237010063855 0.492064350723322 0.0319220301581614 0.149190354561235 0.165791791599953 0.625635944531799 -0.126376780144435 -0.0444503112596745 0.0755803462285119 0.109121804047278 0.394275272053725 0.568279641862304 0.335175153987257 0.243477533695013 0.389285543456692 0.471980329382536 0.112084287358881 0.261743973733443 0.130863504248968 0.317881730202543 0.19568185037286 0.441192134764445 0.417803072683155 0.326523033086278 0.440748946349989 0.33256695133999 0.354134061382912 0.254283425422867 0.0767938625091509 0.240504579531715 -0.152642846026441 -0.105200259059789 0.405108315561975 0.343820992122115 0.280719978648986 0.204051394514107 0.26149711228008
0.315485728009492 0.38121466024292 0.117144773679684 0.0667580794225758 -0.0218320723757094 0.124995633098413 0.0735455099180434 0.192667544998682 0.0483971793246559 0.154837917537343 0.128201025550231 0.249426384983803 -0.00471641894008252 0.124071883191001 0.0555840095212197 0.27862464724508 0.35006436439029 0.32713681261249 0.225115733606937 0.251989878296144 0 0.0514003153807409 0.0690455337559854 0.120340991418814 0.172200749518357 0.18737725097849 0.172969087022225 0.29155637075525 0.154997419087159 0.0840995805661306 0.288868346257777 0.294667109007962 0.0472728126135883 0.0575996781175865 0.13348790771933 0.0548420676076264 0.234518871534694 0.229802559014036 0.174538868175079 -0.0418506127121939 0.363991208437148 0.345804849173112 0.291315183316447 0.28382634137462 0.307765495176696 0.309033352872141 0.268532696605686 0.211853196086826 0.286541902293073 0.361068496361384 0.315824506361627 0.328395804842021 0.171354443612865 0.253426588536429 0.0120365926277123 0.150492481751915 0.00643952128625736 0.307941619414652 0.0491179881829785 0.150110323677214 0.141609318815958 0.192122717506323 0.131690445934399 0.161894163079689 0.238815184638997 0.194727611535687 0.248503301797859 0.256842712906652 -0.0229785458201383 0.0115455164397846 0.178454390571914 0.309151585752816 0.189181038565072 0.269803023985427 0.206390271569476 0.191468362598253 0.239340192455351 0.20699933515052 0.232579152864513 0.323206012354726 0.0749785916381487 0.291017052379022 0.124031201593682 0.137208758601461 0.299182242567678 0.258650958944929 0.291371146736352 0.229176494427617 0.207135698845299
0.139991860508911 0.112873081305388 -0.029865163082503 -0.0110197343916127 -0.0856178491853884 0.0116430317978996 -0.0515251948931288 0.0511937427424661 -0.114207036256818 -0.074808362139912 0.0701341380802638 0.0465965349395356 0.00285251494818077 -0.035749283524837 -0.111384408986968 -0.139329891918354 0.116466706424268 0.061675855152135 0.105547404478202 0.154185372666908 0.0514003153807409 0 -0.0451993922644359 -0.0155285916887652 0.0263165906839501 0.123781636834741 0.0778940788992878 0.10390755390712 0.0625189285487782 0.0910050105583874 0.136602901413221 0.1358340470052 -0.00886031293127801 0.0651267314777859 0.114021211212116 0.00596456043435044 0.00267112239613963 0.116172061301407 0.0770107938144495 0.164603313460346 0.140672914090749 0.142277552774666 0.132932124755749 0.147918355569292 0.135249000157172 0.171912975727853 0.145996405700616 0.163584256092776 0.150146832381641 0.158857584568837 0.111895905344648 0.0416424021383187 0.0292498349376465 0.107744370813264 -0.0202520990842008 0.037120533345943 -1.04419413298224e-05 0.0807334285911309 -0.100293877267513 0.0454934570520874 0.0659507564755446 0.134481720666343 0.154359246704403 0.115224455980807 0.041865506551069 0.170723976755974 0.0263163323664111 0.113651038644335 0.0655697407878192 0.0256005203616174 0.138015582896953 0.00155575778971254 0.117755277541183 0.0679848807208409 0.0564145033001168 0.0788416602734387 -0.041237546922077 0.053299389846984 0.0363283602852561 0.0996008383090044 0.0872034341694338 0.0970093365854746 -0.00581099771710344 -0.0474383497281791 0.0436985121081006 0.0527013234315855 0.0802341836063943 0.067634345674135 0.0885048000880854
0.15288942300758 0.0955399328464058 0.810237935669198 0.406033290249666 0.436500228462499 0.211745524563141 0.454042878944107 0.226138813293377 0.548564543963153 0.226029225297095 0.0429054499562826 -0.184335742666341 0.345713020524975 0.252579369646654 0.766384311928861 0.630817422918467 0.0322985325111683 0.0705575070468351 0.252673821396789 0.115018897838098 0.0690455337559854 -0.0451993922644359 0 0.684355162341843 0.768912496752948 0.559371701047629 -0.0141723760333295 0.0336721536182685 0.556038436286599 0.467054439319048 0.335180754689634 0.357077586511895 0.695581218645223 0.394628105239817 -0.0648079106072528 0.114285279695607 0.249938875822266 -0.0283840302004601 -0.17042030719854 0.0472294941954789 0.190169380951058 0.148562025016477 0.226017215778212 0.162449441965231 0.217252750846375 0.178325185942969 0.203521372681231 0.198888285649984 0.268218080817584 0.180155217097854 0.113126795291744 0.173680248218473 0.240268077867789 0.0770755091368126 0.31062119928214 0.238530428242057 0.214600612033457 -0.030130098439289 0.777916795461747 0.407545135793977 0.484151797635624 0.254483492932376 0.11838123097322 0.166110813993493 0.438013497621916 0.420896290964918 0.0874758839492307 0.269153108637939 -0.0311125077666984 0.00982803870920207 0.0920184820938505 0.203187172438433 0.0751119259941523 0.214604673699626 0.211935747069981 0.175960915307474 0.148262317076496 0.223429830000821 0.535869734337628 0.455535831325941 0.393334480680778 0.325637219071121 0.197014070398116 0.413138447989038 0.247837760643588 0.183933661643805 0.11967726430655 0.0331730905844414 0.147414748263951
0.00495357687373866 -0.0533973611274947 0.642254862324435 0.694314414887138 0.405607764540622 0.154369018838772 0.420414573883218 0.536887391502257 0.454892242304893 0.375503820436478 -0.0335585834035224 -0.0923705616430237 0.123516148118602 0.407894485407841 0.47707788015196 0.652697837504286 -0.0612230405117041 -0.0427831644985096 0.0397376606361663 -0.0532054272391817 0.120340991418814 -0.0155285916887652 0.684355162341843 0 0.546480169514669 0.657997086742505 -0.105749659850019 -0.0305105035106127 0.494152523014151 0.59464829639266 0.319844820554738 0.498659448710644 0.639686652149182 0.534018624308059 -0.0738558295905922 -0.000381874882387562 0.173824398291307 0.0825758009620065 -0.11315628189891 0.00258102471250551 0.162384392669613 0.0461473452687174 0.152283428755004 0.140304692021135 0.0909597130895513 0.073872680355463 0.0878043591703026 0.0457352541757066 0.155998264763283 0.115917858714991 -0.00520049345027866 0.0243940475334656 0.147287011117647 0.0134813152824047 0.434908464296736 0.461505076586842 0.22240708738564 0.0424999149193705 0.728114459610677 0.680862872098489 0.647148362342077 0.569709499194796 -0.0279731486630485 0.0211949694369474 0.361662515355632 0.464361408387103 0.0200761001283018 0.21091339115857 -0.029474028300194 -0.00153538765520427 0.309944760959137 0.192146548677261 0.151830596940353 0.160558146609616 0.120123213891295 0.16212601072608 0.0205834164203905 0.167134280682781 0.351356570739435 0.608720460145839 0.343076521922351 0.39974101004401 0.469492679078297 0.47166992253348 0.220638792231489 0.206988749307 0.193567505119731 0.117784837040069 0.267187314309345
