0 0.548656555330465 -0.0258063739603142 0.195753371047619 0.105467181800109 0.218807963591844 0.130849871183897 0.00413919825447722 0.775897432811337 0.72317614840836 0.384524518522286 0.386510176402679 0.339611183488994 0.248692106798195 0.495838398016845 0.507233277274127 0.600061910800857 0.67607232041692 0.518583755450793 0.554764724465362 0.244444715790524 0.239397207902201 0.476610000985053 0.309298590628492 0.293196128803675 0.146512865686371 0.303102089005016 0.309761476762774 0.329520042660389 0.246616432326403 0.368034103999471 0.417097832310097 0.382709237364455 0.341481752573311 0.513892325532878 0.461594018577388 0.236006711693571 0.226553207755023 0.405669800389221 0.224323380467445 0.519220253901322 0.493592225754017 0.372842398565403 0.491420007338165 0.657302622649754 0.524700626790809 0.502738784649703 0.50878709329578 0.353609818212367 0.422365290374073 0.536784741024198 0.425571380989791 0.387719387269147 0.378881296153488 0.135292401385745 0.379518576485253 0.40519337824162 0.472296340243816 0.159807181913801 0.0427124800756201 0.367642066017083 0.512498548347549 0.445269383723915 0.443688544917516 0.632968288702116 0.569139601597332 0.487850281004667 0.416786686422793 0.575717536656854 0.427602589720091 0.456536287360445 0.318412401152192 0.332708383982607 0.370240972070725 0.431974356823633 0.14176363148966 0.295804401088741 0.486901923111011 -0.119339819547459 0.13110546785759 0.235536556319447 0.726520328338208 0.666197846155572 0.519370230792195 0.586411864092113 0.462182966507165 0.271401332198784 0.374773560130053 0.724943500619391
0.548656555330465 0 0.615136515169327 0.494879472368206 0.610486925714167 0.671529024058556 0.326182898406806 0.540272128317142 0.0726890286541153 0.408154106970843 0.377541665993583 0.488734546589431 0.448470199863942 0.464895491646065 0.424917590288082 0.454855243387501 0.463303417996896 0.488888542525315 0.471045281240057 0.445335430945268 0.440734444383813 0.512989001624847 0.226102395494843 0.226591000895421 0.533945513637361 0.333286404752251 0.580115919846137 0.595197835531909 0.397211199186981 0.359961376197775 0.712521191826541 0.604891053896805 0.658498254118668 0.686762831761653 0.354020015550529 0.460855171677631 0.336609045358723 0.574441331156786 0.189980613360434 0.610504456977336 -0.174192098260604 0.529233131823373 0.535495236141351 0.38329695401463 0.288634507852131 0.0906945131903615 0.422045605284794 0.50477136884391 0.0797164344040789 -0.149038227126406 0.629819129532842 0.23150958428115 0.52691999539464 0.0387991268593281 0.592447741390681 0.539125348463611 0.659123749452885 0.18501051389772 0.51224251271385 0.506906381350593 0.639061761924455 0.796970372583551 0.641183289270612 0.482939461002535 0.0913142779966786 -0.0838366689794984 0.147421021836717 0.116321626850859 0.342371876556495 0.198290456247934 0.609599793830867 0.647621217036091 0.227907667840558 0.279126915863787 0.269692106500766 0.161647368674116 0.168681556463924 0.184250835676989 0.399172590708183 0.313263488933811 0.015725868692197 0.171762468161807 0.525391162445375 0.323749530437079 0.498979511540689 0.499484899806535 0.39934379932123 0.445939575930213 0.44981826099463
-0.0258063739603142 0.615136515169327 0 0.463773674726375 0.287446416728267 0.343674622564515 0.264331571902652 0.416758247183756 0.71482358710854 0.659137523056801 0.27003963556485 0.405198397721464 0.176289658987879 0.19561469855933 0.429025495797852 0.32510882823386 0.130287912247862 0.0158031473615241 0.244021619390955 0.200750592694482 0.512587315100059 0.381602150953047 0.221579063348249 0.323028142885718 0.340156750791418 0.384967210034203 0.0339457270298346 0.330424463167011 0.293946874166967 0.236208647568497 0.699553294307206 0.559435915085576 0.581172145069508 0.210602985137318 0.22892526820137 -0.0749576052246093 0.223951803800374 0.0385043414059201 0.216565215158526 0.0815897499624813 0.109727851186366 0.265157259982657 0.362876086158436 0.319423055167606 0.408843490079271 0.415935347738511 0.350901767307495 0.640287893060167 0.560488318646019 0.174781476821076 0.0189662753278217 0.350883518014464 0.360491647569345 0.537570250166069 0.326619334003345 0.664172311530986 0.759861157113953 0.359568478571259 0.444303541284623 0.534067595245959 0.489208834308712 0.415176722925691 0.504068122341417 0.473118545898932 0.452646087700574 0.262309203962908 0.407879590250814 0.583222802643556 0.385603186443013 0.646168565520465 0.626734972887481 0.541274648026368 0.621810848122296 0.598442164844189 0.631388467486517 0.48191575344659 0.528454517260303 0.556297093957957 0.669615180357441 0.847142774416424 0.889261788302296 0.431792799050622 0.577605345678243 0.38892861238283 0.375501155475168 0.535915606302086 0.583345329989606 0.343692811269134 0.17856669319199
0.195753371047619 0.494879472368206 0.463773674726375 0 0.487298366387185 0.512964926873595 0.678372022561536 0.621668518431019 0.480365157419445 0.495818962954608 0.407524103461947 0.537198220096461 0.0793637239510852 0.525232820127465 0.413163916547808 0.458590524829198 0.683483476238689 0.648157672000991 0.762717184329215 0.53584215186484 0.39580882321744 0.170110379998286 0.409756621932576 0.346674655166957 0.343169265345829 0.339509187470169 0.312440979136493 0.4164230696627 0.567197166951712 0.378591873239862 0.550226963246568 0.531903494464938 0.603537446649235 0.386285247410732 0.287886362998969 0.046601906635958 0.404857031150591 0.374467827882671 0.49405446538397 0.436561197797041 0.693674933310404 0.605074782704045 0.398548706011622 0.545539331176205 0.502463362733945 0.310929119750999 0.405297142326389 0.465724984636817 0.503167632004135 0.550617248306874 0.0603700244996883 0.214656715749007 0.503320106877798 0.501099901300133 0.707236655964809 0.679995600818757 0.651800306728698 0.703147932375572 0.699007506244908 0.705150921916425 0.635928671652091 0.626218609032512 0.534149431272169 0.631201187445463 0.646043836010501 0.58386038279072 0.612418998506333 0.588833909143512 0.521715269130883 0.50440604792117 0.60179300788009 0.397602548197795 0.371004184855022 0.320267157469518 0.526532944071278 0.469512506340046 0.646216057664371 0.595868376697661 0.354837709690469 0.646079772125999 0.445548655874685 0.621068696361008 0.0114132296219516 0.523102975520708 0.465951696271113 0.393196926980234 0.487716897019924 0.567450256742403 0.647104725698655
0.105467181800109 0.610486925714167 0.287446416728267 0.487298366387185 0 0.408054463508224 0.21373955651103 -0.158704970588176 0.51044912048302 0.199744028185143 0.576327290440281 0.21000760701173 0.486649567544271 0.564876810880504 0.620762643734801 0.529925714650565 0.629433425546512 0.62321724783799 0.613148298574121 0.211298412547261 -0.0896045667944692 0.122298932173586 0.151072549448379 0.148519957562255 0.0175213169891582 0.479676035978543 0.645816851741679 0.269129199168022 0.152199655416982 0.252341608803348 0.315476356078447 0.089648799158545 0.125589883771637 0.336122251692452 0.22345287771898 0.283422922598364 0.112849014762002 0.399285210873584 0.105715955995699 0.386806752775451 0.353581891003278 0.339167664294349 0.305741275570815 0.368344769431016 0.412603908879637 0.253379836296605 0.301579916104209 0.379699495865349 0.434630510352884 0.547110128535104 0.497916935692225 0.193113914824862 0.398198468142283 0.152426925137922 0.154303388020751 0.453482975800645 0.459223040757435 -0.0106751091236393 -0.0355783893249711 0.142966775070166 0.0875653957327038 0.57615714994168 0.433479538367314 0.522949464306194 0.346896238974375 0.604136749829678 0.288395457713568 0.39181931739666 0.315704068135606 0.251484850741753 0.400555964764791 0.279301655163096 0.495669790678056 0.494233988416099 0.360698488338633 0.422040451339424 0.433560956408722 0.231364618374608 0.38875965817207 0.234095682480428 0.46343532821706 0.154493841042321 0.183903967107474 0.247210580820701 0.403418458686812 0.335918001882428 0.351996035678472 0.25835149316849 -0.167685853069191
0.218807963591844 0.671529024058556 0.343674622564515 0.512964926873595 0.408054463508224 0 0.217244561435698 0.242040999637877 0.0972890616944377 0.160250772238439 0.287525741933411 0.239171799327036 0.319667504010078 0.253302571222248 0.360056854342042 0.32329676292728 0.245510280484483 0.180694731486123 0.24989749981415 0.359316955448921 0.413128285899945 -0.0195183881771498 0.274433870062768 0.192864096351731 0.325087532972136 0.2694602571244 0.335807099943844 0.236501352834377 0.314988449740235 0.404807746865822 0.342538637427677 0.291974202207109 0.438528876719131 0.301133365303487 0.220294769773235 0.203032131589014 0.305286012708518 0.253967266474763 0.197725954695439 0.122535577533839 0.139218911158258 0.132427241195891 0.166913859466877 0.223230124655133 0.244670579130649 0.190382257865519 0.23895660505639 0.365645591009683 0.00758423536248832 0.230310023647978 0.398323380375026 0.228969322910554 0.181376058116122 0.0906890295959779 0.105284566569558 0.336218032545067 -0.0176083861331724 0.356972172930163 0.184365108123976 0.2974136233691 0.471672715483024 0.29575478687037 0.268640950061339 0.35300183875483 0.413533196569773 0.300961021279441 0.26122680179292 0.183838886604421 0.085253402977577 0.466752688380884 0.118950240894458 0.16042637729653 0.139123836722359 0.132863227440419 0.102753507631437 0.244015901597692 0.327954799041004 -0.0192252987369142 -0.00479012524935543 0.071341845351384 0.0987734450218708 0.0748574957976427 0.0488335323586098 0.196139897618309 0.224034361697722 0.175846339758006 0.130150543439851 -0.192031278772784 0.271460335624762
0.130849871183897 0.326182898406806 0.264331571902652 0.678372022561536 0.21373955651103 0.217244561435698 0 0.136983020029957 0.115689458349567 0.0117662933653703 -7.24446296520479e-05 -0.0212462491754159 0.0407798429575031 0.0034121478219168 -0.0466353342657279 0.03200810476216 0.0516113504482617 0.0401509484720499 0.116366268423328 -0.0158657824948444 0.0274837667458025 0.108873944110917 -0.00585790262076279 0.139472306384027 0.0898269449213536 -0.0503873300617518 0.00964160507831158 0.178616379462085 0.216439796335524 0.182152933221654 0.203904389110934 0.0370759730288114 0.0150876555267659 0.195075692652393 0.161878695559105 -0.0905002236082504 0.115449015391474 -0.157692541926981 0.142994912691357 0.178148862372844 0.0577812334669365 0.027342363435627 -0.0126848108498242 0.06719502320418 0.198327056139472 -0.125538830898756 -0.0593735345637749 0.0842211296977044 0.0776797866095168 0.0757534034292136 0.0245992880814915 0.146197336757438 0.216634040364171 0.20662489098647 -0.122639980568984 0.127171037676086 0.172329774517497 0.224981232003345 0.921994093489956 0.64793805784676 0.670231407555446 0.460298767236346 0.300229924481232 0.684168862834785 0.789602515923929 0.77261967814548 0.670509522749023 0.719871791772658 0.719156560505073 0.419690483921205 0.482065722684593 0.367209238711713 0.447353851400252 0.422492715494087 0.364299836544842 0.532230675815706 0.524577251322553 0.485293811396581 0.477664957254096 0.579854760276647 0.621299588705849 0.575072587247467 0.534763449754485 0.62249704298783 0.656329658804786 0.410894427027092 0.398945137959982 0.582538497139359 0.29091703091715
0.00413919825447722 0.540272128317142 0.416758247183756 0.621668518431019 -0.158704970588176 0.242040999637877 0.136983020029957 0 0.632575021893924 0.620698075943714 0.389779417040894 0.455881264884761 0.868442055677076 0.746457796632213 0.708262977992948 0.688621642768609 0.485271509279552 0.520602797460755 0.520160678642101 0.585818964251974 0.373912897272439 0.564206359542219 0.079525461127118 0.497487094931961 0.49067763170243 0.53417664069959 0.301868312233892 0.291053004821089 0.509645511460089 0.667635405942261 0.414355394505971 0.28887813423979 0.767821987723378 0.581993375707848 0.672539738350457 0.376520431838887 0.659305075608822 0.581746929855864 0.587327456169741 0.364288479674097 0.415040764935181 0.455216055676561 0.624371709060854 0.622583641134998 0.59095429896731 0.390799359199234 0.321091205669176 0.709715464125504 0.779596981118077 0.774917044783453 0.690846361232239 0.675581852777974 0.724604858079976 0.385832579553133 0.419260087472182 0.470517880916142 0.40709717238033 0.361025600842561 0.309723361940718 0.557550824385331 0.554078922588793 0.52294570428758 0.522989745231796 0.604463216265607 0.673113020944594 0.621542637745084 0.586169081266851 0.693509682944751 0.716011498067906 0.420271008203198 0.453769969004368 0.564580581996784 0.340114816607619 0.627136620229363 0.688939893155766 0.416242694629834 0.555091986126372 0.818246189281027 0.735652847418422 0.680826138180726 0.706630426028237 0.495219519720379 0.541581923443773 0.5174288759915 0.594292727632707 0.407051436853421 0.57696053850005 0.175430831801978 0.533853148146173
0.775897432811337 0.0726890286541153 0.71482358710854 0.480365157419445 0.51044912048302 0.0972890616944377 0.115689458349567 0.632575021893924 0 0.470885036410965 0.550605237098383 0.267672672762638 0.31523168106219 0.511043098126395 0.734507047854015 0.503396512215674 0.401235642680513 0.723665468131285 0.710258016875017 0.626003759811166 0.528201218751408 0.678149342606745 0.558396969194808 0.556384106471863 0.421563757703161 0.416126313372843 0.421513070807431 0.612480426584591 0.730401958824699 0.318536176569689 0.280533282885042 0.522656126535457 0.589229456234576 0.648451801526725 0.485368244351401 0.640915982571055 0.664005883690148 0.492867410417306 0.476962043320796 0.233896766212538 0.437532928799979 0.423720742829872 0.371754329185565 0.583476656468308 0.585815931574401 0.538626362840917 0.625186829859718 0.544860906791353 0.545688920656097 0.492813170349025 0.492532149027495 0.496620884452611 0.593871656975061 0.594735476036236 0.587054638037622 0.440377021446163 0.281382820955064 0.409271567759715 0.388096929321933 0.303868217221445 0.393677336597058 0.662706017699625 0.530472892254093 0.629128664453317 0.659088780706981 0.528786226681631 0.539638569296871 0.389387330008385 0.506688870292183 0.145745081731176 0.463333657676068 -0.124653948377173 0.522710506971043 0.354979888191827 0.33098100477153 0.376073350376554 0.391377856307545 0.506491221271795 0.596875526260349 0.346545532485955 0.155014633668425 0.557833716745314 0.448446532173101 0.389961902589821 0.302299378313084 0.464378381777336 0.525429506300613 0.609440806113656 0.230855227147127
0.72317614840836 0.408154106970843 0.659137523056801 0.495818962954608 0.199744028185143 0.160250772238439 0.0117662933653703 0.620698075943714 0.470885036410965 0 0.441697140018529 0.452108151339834 0.663852973844429 0.281478130846364 0.190095418638817 0.48813123344388 0.560311583988638 0.588732464907597 0.378370899564961 0.659701124316004 0.623826301201765 0.5262799680518 0.568531676467096 0.118486441052327 0.474153424778241 0.43879720291599 0.43223220494516 0.492659895993529 0.509057194556172 0.432371049387805 0.490213953337304 0.478787638192295 0.469000484916911 0.418502159712247 0.440738534951452 0.393218462250202 0.560140672019867 0.358626893720866 0.341767530103059 0.423374125925035 0.22872039131023 0.388284973921388 0.362541309612576 0.126023805224331 0.196914380899109 0.651505135853092 0.635436156404855 0.627943159754809 0.59246265284954 0.412867705216839 0.399809482023819 0.335480753056015 0.515741406222614 0.180770738810924 0.451117030617697 -0.121398481175206 0.452272066371701 0.369753575873075 0.310832196654121 0.294880738328383 0.362605363493846 0.405496449817846 0.539392046648756 0.159637208232714 -0.000301435299354311 0.542204051461218 0.337271065751452 0.42770380138949 0.184716419341856 0.4547000484504 0.502854795279725 0.550629512919814 0.216343267651402 0.36056713222049 0.398483832886087 0.606021645527605 0.776541613412366 0.411577331959984 0.571467624807848 0.559226941631642 0.499754565665953 0.400598758922421 0.424859003489249 0.344403387985697 0.470556567709042 0.252793116011528 0.328054795310872 0.556129135946686 0.394807296188337
0.384524518522286 0.377541665993583 0.27003963556485 0.407524103461947 0.576327290440281 0.287525741933411 -7.24446296520479e-05 0.389779417040894 0.550605237098383 0.441697140018529 0 0.515653919281993 0.502853068032492 0.464638355746146 0.431571799598061 0.539914993917955 0.588569282045687 0.468140233060719 0.375188355624083 0.544015949685185 0.605404285173529 0.553998403639895 0.544808310546623 0.495020315317889 0.55315690642376 0.473844382169141 0.440752486820842 0.626227727979578 0.498448320792842 0.33596061267271 0.204649647017124 0.455137086321178 0.404680544751548 0.613697243073459 0.548753077826997 0.417345846705599 0.541120084737318 0.571901874229851 0.668897696311472 0.125477431397403 0.527733199729431 0.4269772442305 0.503326914231258 0.545179455806018 0.45573393688024 0.728457699299862 0.463853710643459 0.289614677077941 0.0684231073258938 0.532380338520626 0.243433482910088 0.541017947758049 0.198223438523229 0.368570174117795 0.334789243695881 0.454765076496626 0.457610173775733 0.459380734698884 0.495159713143902 0.443421565244047 0.346158154636225 0.4189465312757 0.50740735591966 0.474221888018801 0.292335396979737 0.388953999976145 0.452324445606589 0.417203122450002 0.332151379477041 0.332219194059303 0.60703286334382 0.373438743378695 0.563293170982681 0.527841756455489 0.511103774050742 0.516854652766342 0.562982873054153 0.611044424295025 0.46053100947503 0.491542686877685 0.582164577490329 0.638651994869661 0.608746698283143 0.661868989482562 0.398098036753135 0.66378185792191 0.368435330011524 0.439602094515697 0.679015332572268
0.386510176402679 0.488734546589431 0.405198397721464 0.537198220096461 0.21000760701173 0.239171799327036 -0.0212462491754159 0.455881264884761 0.267672672762638 0.452108151339834 0.515653919281993 0 0.697239669331876 0.192032348751796 0.0872358453308919 0.384839575194322 0.384303258113191 0.661483258499242 0.58131849167802 0.431326189552981 0.543305872111829 0.627506336741217 0.637620315737144 0.194632922582583 0.553251757240569 0.374893129798959 0.441368370341639 0.466608262823493 0.593297279703313 0.74779739572845 0.470977027340008 0.448299519948064 0.131486001003333 0.427946859435286 0.345300503939027 0.411918749915677 0.409013422308546 0.32174014796101 0.363186279937343 0.460287617020618 0.51152848716093 0.538964235396354 0.559760213941754 0.489553380541975 0.57905832516902 0.713353753786572 0.554014633677105 0.598633632740085 0.548251794552738 0.5034770764342 0.420951440238647 0.459728559807651 0.291783099516062 0.446578540484725 0.175405526441312 0.614514139109075 0.601880398994901 0.583657277402561 0.502190368560529 0.635992025860458 0.682095695668159 0.59541961582616 0.573332195947344 0.636730635470888 0.652711189194199 0.464622526844795 0.45670524442063 0.519435554087316 0.376082924342466 0.449444772788948 0.467535937508559 0.354019303629666 0.428761829240325 0.565070801460013 0.530879810215322 0.586181152122038 0.529333582516602 0.481094069046473 0.481125089954141 0.45837619515114 0.557211969147208 0.463674905627826 0.459218622369963 0.189728773078819 0.459212581016221 0.296397444270038 0.481729228068556 0.235443006454846 0.433581539292954
0.339611183488994 0.448470199863942 0.176289658987879 0.0793637239510852 0.486649567544271 0.319667504010078 0.0407798429575031 0.868442055677076 0.31523168106219 0.663852973844429 0.502853068032492 0.697239669331876 0 0.463085106704662 0.550427837456192 0.559537320844345 0.364575831357579 0.565141763931901 0.630514456965369 0.581765839715831 0.566769371721735 0.552039311223542 0.530745152634621 0.429019741135491 0.541715478520468 0.377945420789265 0.437152057029213 0.479656363587571 0.672699871518908 0.577903360778395 0.57128812465926 0.627390844633626 0.341323472399387 0.50145409548288 0.211485894332742 0.484212072623395 0.50991922081541 0.490453882744687 0.550076736022462 0.556387050110529 0.495691446072819 0.520701298720315 0.609285206265048 0.635927763391856 0.550502513446804 0.483474279200423 0.572135698177403 0.646534123802663 0.416727171796191 0.39325969242731 0.531262437721367 0.343198155296446 0.538806090366217 0.581706675875737 0.523628378447152 0.471495826640052 0.690527553759526 0.517755761246509 0.619932984791278 0.619653564657652 0.491206365610572 0.49184157104296 0.476758592007093 0.573292066144826 0.358521325418996 0.652532578655968 -0.0109591567060096 0.533989033700153 0.582523251399368 0.501738989572246 0.381703349168246 0.427338907934968 0.616725861443521 0.698202778261932 0.317004763395579 0.165125490568994 0.698981700420979 0.432598954222609 0.605402716434991 0.211600515004491 0.546155863768898 0.479988186225466 0.577924565534285 0.320067454000415 0.457625943558698 0.445073933506921 0.590345199305561 0.848003003099472 0.846162818255536
0.248692106798195 0.464895491646065 0.19561469855933 0.525232820127465 0.564876810880504 0.253302571222248 0.0034121478219168 0.746457796632213 0.511043098126395 0.281478130846364 0.464638355746146 0.192032348751796 0.463085106704662 0 0.81807292089134 0.502746782802405 0.574352114631751 0.619392742791681 0.495901085381092 0.464718006905498 0.305096216669432 0.707023200586267 0.690784103448068 0.706985012156985 0.680736200937003 0.69884612241277 0.746627829678778 0.734704032198836 0.680152562027953 0.818062330149276 0.788846885059255 0.580253130092335 0.625500513242006 0.713957923462647 0.59401624086322 0.663800403656083 0.591713811284648 0.52278722265066 0.63453414076478 0.763474576259005 0.597280775625287 0.843330566032664 0.850494206769244 0.675003340122812 0.795440536465009 0.514576670694689 0.654309066952821 0.430757920663481 0.601075118788492 0.0406432920365762 0.542394002205498 0.47257817013108 0.590319778667902 0.268077857211702 0.401198629363693 0.629975844802126 0.721043896975518 0.593308957658686 0.346148423884462 0.727543256655988 0.696051302272754 0.670039404778659 0.580648262026893 0.693369962392616 0.631878617358185 0.66534488749838 0.515478978286836 0.534308143539616 0.588743318775933 0.743345248700227 0.722034214074159 0.750654649570658 0.276896892015389 0.424850949868476 0.663083213088554 0.458087471659871 0.368609675536168 0.157368819048106 0.532374152830595 0.508979915466343 0.557693553074761 0.520100677464057 0.544423128653651 0.591401210944888 0.588363563210553 0.51966828144532 0.756052881351672 0.660089352145513 0.530079268409611
0.495838398016845 0.424917590288082 0.429025495797852 0.413163916547808 0.620762643734801 0.360056854342042 -0.0466353342657279 0.708262977992948 0.734507047854015 0.190095418638817 0.431571799598061 0.0872358453308919 0.550427837456192 0.81807292089134 0 0.566530268527602 0.585605718047095 0.547679902886402 0.64063016793461 0.513888333603496 0.493272361192542 0.650468227460851 0.617067709852235 0.437522944950296 0.714147844982034 0.78520749769998 0.58756501558372 0.717876660520066 0.541004922086538 0.525657722140118 0.444782119554905 0.526251181141321 0.103802331603118 0.501962610464551 0.451250199238696 0.579462048684067 0.200251973740913 0.296654905809533 0.552851497943915 0.702471516391796 0.598197273634319 0.52491164540342 0.628494213120666 0.72664256719258 0.543229313002035 0.57168597036363 0.594711292519382 0.440999137346705 0.591251944854586 0.401020224654862 0.456490469379235 0.452760312311522 0.609419373647638 0.861686723160613 0.508466533197671 0.624761976861729 0.466209450185477 0.511017771224826 0.39139738082729 0.243399095468539 0.603613316928731 0.590306084151991 0.600613160715732 0.583929000024547 0.565719951923739 0.595358060094384 0.636193803051749 0.59018408222573 0.67191542608868 0.673570366683127 0.465502732766734 0.516011987644741 0.720588322521806 0.497391301831332 0.62447469602764 0.489986105046625 0.237625661905966 0.373998340038733 0.751444800530923 0.684022768495003 0.885233893549752 0.862495326745387 0.582081271616046 0.714302423804462 0.483607738194054 0.611839554583441 0.273954685135867 0.485269416921515 -0.0667494881531972
0.507233277274127 0.454855243387501 0.32510882823386 0.458590524829198 0.529925714650565 0.32329676292728 0.03200810476216 0.688621642768609 0.503396512215674 0.48813123344388 0.539914993917955 0.384839575194322 0.559537320844345 0.502746782802405 0.566530268527602 0 0.468794382168256 0.405058475637034 0.477130030897119 0.188608023207665 0.280168141380356 0.464038147676245 0.591567740641643 0.383817233877551 0.226636545802448 0.603406704860514 0.554887509218743 0.591876842509003 0.420504543659371 0.635707096648007 0.639755111119299 0.657265205289287 0.34905007896784 0.493604602144433 0.51594804395085 0.719350073407511 0.413352105067066 0.543167616000328 0.425362573201144 0.505582822533125 0.391157442952267 0.267621354012598 0.579572493290055 0.563468347964315 0.604216353689711 0.619565588664514 0.560341590753083 0.590305792076296 0.628433518672423 0.616101312917085 0.685167797120231 0.716554471102089 0.510944573973617 0.579686536189663 0.645556238521889 0.525778996772229 0.653337917158199 0.582386173673043 0.372186399253095 0.53655002682433 0.719550492009528 0.623405629171976 0.844109914378464 0.894519069614789 0.612110874837113 0.70075269645661 0.502259425870725 0.634257841425129 0.289207871788141 0.52777331767469 -0.105543320936082 0.549426169213909 0.448486983079815 0.461049604113942 0.240755294407057 0.309097936107689 0.542325133769771 0.681354759471706 0.353506189433269 0.237668900896837 0.631927420448804 0.586724996320141 0.513209292348573 0.451854152715907 0.640396984908461 0.599572961376955 0.709205287854906 0.341034147576695 0.512479962978523
0.600061910800857 0.463303417996896 0.130287912247862 0.683483476238689 0.629433425546512 0.245510280484483 0.0516113504482617 0.485271509279552 0.401235642680513 0.560311583988638 0.588569282045687 0.384303258113191 0.364575831357579 0.574352114631751 0.585605718047095 0.468794382168256 0 0.528624535644691 0.789065824210243 0.623105956083589 0.194918014066615 0.327906566223283 0.613073730641808 0.451418531562879 0.649376277526853 0.596120712905826 0.624132410394746 0.580791584821892 0.581667243764756 0.61898086676899 0.577860452638538 0.608673742707719 0.490991368518966 0.554141549116177 0.49105636092717 0.479975952973593 0.528720120478607 0.433046660645582 0.250227772934867 0.378378851094756 0.288844512203577 0.336435063319237 0.425750686791362 0.457481237356 0.553466029612579 0.435137908779676 0.55612206358517 0.547992542243429 0.434059680647479 0.617168792649283 0.442587215475601 0.414601614523728 0.00622105600591387 0.301213495142975 0.355707060389227 0.320663981874108 0.295430643827566 0.459737580353477 0.517278029618281 0.365078449511377 0.446430553475122 -0.0118857277605908 0.43681157073997 0.304888872386828 0.465946554251874 0.334240278312547 0.548782233808093 0.678437231605554 0.533360623942132 0.554600589845784 0.608215445300331 0.662818270076788 0.580752720138318 0.190927811621559 0.500118996033199 0.520544202230136 0.621321308281622 0.589708824792938 0.543336037144636 0.548155514729523 0.502316840446897 0.530861262939781 0.584879078949876 0.533120217803326 0.56358777553393 0.525602422325101 0.602210375668132 0.457823477143584 0.441023390017416
0.67607232041692 0.488888542525315 0.0158031473615241 0.648157672000991 0.62321724783799 0.180694731486123 0.0401509484720499 0.520602797460755 0.723665468131285 0.588732464907597 0.468140233060719 0.661483258499242 0.565141763931901 0.619392742791681 0.547679902886402 0.405058475637034 0.528624535644691 0 0.584082601474454 0.51354482305362 0.453671208840254 0.413291208827463 0.318466717720069 0.278534420196753 0.487975527688321 0.474362334109231 0.663399310164262 0.5808835610048 0.516810673419963 0.585951236609024 0.392526196959504 0.628857035264257 0.40434479329742 0.61440373049206 -0.0693591830895534 0.469206840414533 0.438320667770951 0.499098922019827 0.225397340172389 0.450419792034099 0.471065385555453 0.458133397197918 0.245796072437549 -0.0419049507277826 0.488545997342104 0.257323784627914 0.561939682619095 0.172307094201282 0.496753303936285 0.560538262158089 0.59470132752804 0.368078968899027 0.592892864788694 0.585439239303608 0.592649544439149 0.23338978591581 0.136793737998528 -0.0642068820961606 0.354753468618745 0.329081324886388 0.410987716847454 0.314568423481614 0.367115936084835 0.456355869751337 0.424181683985961 0.351400500202193 0.663478723971778 0.504641854916318 0.334655914337415 0.451795573427352 0.325939530048024 0.357293617459937 0.317349663785895 0.261917789334111 0.18454695151464 0.439735785788272 0.315693282817499 0.253513910286803 0.401812670445264 0.433810707348242 0.430010473705538 0.560303211740936 0.285725428293122 0.247942909933185 0.324346530949149 0.200181790863022 0.251947929665144 0.252208348533426 0.0202713783870919
0.518583755450793 0.471045281240057 0.244021619390955 0.762717184329215 0.613148298574121 0.24989749981415 0.116366268423328 0.520160678642101 0.710258016875017 0.378370899564961 0.375188355624083 0.58131849167802 0.630514456965369 0.495901085381092 0.64063016793461 0.477130030897119 0.789065824210243 0.584082601474454 0 0.372589801624603 -0.0351463279825734 0.242489994821484 0.267861045839368 0.427408725804314 0.726942302713966 0.607952578100872 0.311648226868441 0.654096138582874 0.317710049624741 0.671526995319371 0.375727960315687 0.247592639190219 0.184709946369043 0.533790223638367 0.114796706907332 0.196910274926376 0.27133755842452 0.367875057412339 0.41796984942749 0.288517613364837 0.279628587705092 0.249265474046859 0.288617583602742 0.281291345413042 0.303330618998941 0.304079821318575 0.303961412742607 0.403541229585244 0.503025857663974 0.291728339287306 0.375254950660415 0.35000626671711 0.352142505048217 0.328304692192415 0.276685307923724 0.232808974398226 0.325756336604847 0.437023411410696 0.303880499873469 0.546121108597229 0.572023749512198 0.410940569481208 0.440260155428922 0.386818377144172 0.357243621923068 0.124659755876852 0.413852022144571 -0.0817074503782793 0.407717936529385 0.383388725719225 0.37930969107828 0.271415078796784 0.240573324049021 0.46614014276026 0.451404501799914 0.170574241205925 0.0414421568156866 0.39686875910953 0.268854488859199 0.260846312206885 0.164542931331868 0.25321427033751 0.290209874610845 0.443434770245672 0.0981785774147628 0.363983299102772 0.328169310073769 0.490064451696271 0.489160214365869
0.554764724465362 0.445335430945268 0.200750592694482 0.53584215186484 0.211298412547261 0.359316955448921 -0.0158657824948444 0.585818964251974 0.626003759811166 0.659701124316004 0.544015949685185 0.431326189552981 0.581765839715831 0.464718006905498 0.513888333603496 0.188608023207665 0.623105956083589 0.51354482305362 0.372589801624603 0 0.506252364789863 0.496842035508161 0.481407266573605 0.469176010943065 0.515130350020576 0.556262339301079 0.443253858281764 0.457241224524324 0.462189798711673 0.554321268695269 0.55918544238608 0.493926123392788 0.380766482513556 0.43188054761317 0.291339119940701 0.294826228969731 0.451334538561483 0.409320929372147 0.304562796444197 0.205210809906989 0.422170372952613 0.383034743154462 0.489632656485752 0.474592769753198 0.41220439089246 0.503347128561601 0.536882932777288 0.556650760978138 0.0253741050392707 0.49629131642548 0.426635230228792 0.388296996185152 0.487817071746876 0.47682275728971 0.613032554337298 0.459923082908418 0.377355094913889 0.0830964574425435 0.411587911860469 0.275320381321152 0.465845484450097 0.25065458780115 0.399414338879573 0.466588014525881 0.48799823699821 0.404372843588043 0.493605128195162 0.542260981262896 0.490155667331794 0.709120935302065 0.71864238749028 0.683253906388486 0.484251581462644 0.243817501706871 0.701709807762379 0.712131096450752 0.625877336606738 0.447587404752527 0.656172288302612 0.754790364465676 0.825805067907955 0.625503165653041 0.543715378434965 0.505872374812342 0.496362889980158 0.714003101048787 0.687397062875011 0.4992164545122 0.310753187607276
0.244444715790524 0.440734444383813 0.512587315100059 0.39580882321744 -0.0896045667944692 0.413128285899945 0.0274837667458025 0.373912897272439 0.528201218751408 0.623826301201765 0.605404285173529 0.543305872111829 0.566769371721735 0.305096216669432 0.493272361192542 0.280168141380356 0.194918014066615 0.453671208840254 -0.0351463279825734 0.506252364789863 0 0.0398926657496486 0.654923062788542 0.638748388311999 0.509293782926892 0.440559645789013 0.767969755721398 0.666776105892281 0.548345046241482 0.637091367433668 0.730729776940013 0.716263766302646 0.595294306559264 0.667822270956236 0.409310998850448 0.52499012140529 0.412473259135814 0.426453939669918 0.542069935417357 0.389212572735491 0.663774397203144 0.623168147470597 0.616664982210542 0.62054094293335 0.690011455450049 0.745873904413957 0.689828866683272 0.635034035115851 0.770658481246286 0.796679630717214 0.744839374462668 0.71670786973725 0.706411070989601 0.666997026498785 0.764024682549597 0.633508704373059 0.678468710267067 0.635629761646236 0.592373762342034 0.440067243225875 0.657988055680538 0.645922725416323 0.747211882384208 0.741511424884558 0.598630649271586 0.651934618087434 0.576581916433448 0.686450552019211 0.182398761307323 0.607348056168555 0.584138759928753 0.696982411751747 0.515069579011046 0.548926616213841 0.780822393715789 0.691240392922644 0.452763306884928 0.318339462299864 0.743673124569975 0.594003710820864 0.714870549277605 0.502352014332379 0.619817435644501 0.539295547032083 0.657817466812997 0.564061424086635 0.579058828914869 0.597664986630047 0.661101717583343
0.239397207902201 0.512989001624847 0.381602150953047 0.170110379998286 0.122298932173586 -0.0195183881771498 0.108873944110917 0.564206359542219 0.678149342606745 0.5262799680518 0.553998403639895 0.627506336741217 0.552039311223542 0.707023200586267 0.650468227460851 0.464038147676245 0.327906566223283 0.413291208827463 0.242489994821484 0.496842035508161 0.0398926657496486 0 0.577385418945054 0.547053515041763 0.520091229185502 0.218896867923753 0.469639076329974 0.595998804411342 0.42856468683146 0.211673822326494 0.489701133833673 0.575359518647538 0.488022740573592 0.539100400532376 0.228772098338797 0.362249420082392 0.632509707489629 0.830221714223453 0.734210243439248 0.470156462096395 0.254308183093832 0.0374686824976743 0.458341489482457 0.489102828532153 0.636089556524806 0.444164411844219 0.571227603232998 0.662272755018047 0.457705563523492 0.480731458167825 0.626719643519726 0.50908138799333 0.510395070898123 0.585079800122958 0.583130311617004 0.547762185565593 0.378360338813062 0.324800503229045 0.567496019686713 0.405833366932822 0.789340669155605 0.759876027501232 0.743264406229876 0.809156189494955 0.758523533318893 0.791858702443188 0.705198609516445 0.745106191931868 0.693625778483533 0.767694339779034 0.864577547183865 0.901147080163145 0.549939376287359 0.611159348508771 0.490745451050081 0.473468750888092 0.537574703634908 0.587435527407419 0.453886169051462 0.3379560144183 0.584484628415817 0.598219704609578 0.702615974622324 0.710918514059013 0.423297801109681 0.593980942833443 0.435758403929579 0.547377271668028 0.0953946582373045
0.476610000985053 0.226102395494843 0.221579063348249 0.409756621932576 0.151072549448379 0.274433870062768 -0.00585790262076279 0.079525461127118 0.558396969194808 0.568531676467096 0.544808310546623 0.637620315737144 0.530745152634621 0.690784103448068 0.617067709852235 0.591567740641643 0.613073730641808 0.318466717720069 0.267861045839368 0.481407266573605 0.654923062788542 0.577385418945054 0 0.527327898534817 0.382480703405513 0.440488014719493 0.495241366979654 0.632414495355073 0.682825981813084 0.557202138888767 0.523998013610895 0.179044834582778 0.497847103914507 0.472481152199171 0.516501575417343 0.504574626105995 0.520458196080884 0.589411932333486 0.640997990160717 0.556086529766323 0.617282742081661 0.602317236281181 0.673184302275973 0.84017608749606 0.634860035669851 0.322796857934772 0.84638678156325 0.794764500917372 0.70277534087113 0.591406730983806 0.558656054843657 0.603835529300579 0.714186557709784 0.676445842800709 0.560579136829849 0.645870470557354 0.294975046888778 0.455181890163946 0.59950592529168 0.16823731062626 0.30822499036815 0.0541812184410492 0.844063115083919 0.822660801777947 0.63244571885649 0.544168105180382 0.536564985038949 0.382098580253518 0.640959974822188 0.794854408500414 0.725198573723634 0.565954209544206 0.605815578281625 0.645404797423389 0.440319055859893 0.4879285359457 0.296977379214201 0.337980956514467 0.442192947729034 0.440519753808902 0.633303942427368 0.613540169883575 0.624288567145453 0.621774238775545 0.678094651965896 0.731073512307381 0.736375731573631 0.665226063262226 0.698021502075164
0.309298590628492 0.226591000895421 0.323028142885718 0.346674655166957 0.148519957562255 0.192864096351731 0.139472306384027 0.497487094931961 0.556384106471863 0.118486441052327 0.495020315317889 0.194632922582583 0.429019741135491 0.706985012156985 0.437522944950296 0.383817233877551 0.451418531562879 0.278534420196753 0.427408725804314 0.469176010943065 0.638748388311999 0.547053515041763 0.527327898534817 0 0.710989227966792 0.495924118117917 0.493160945829283 0.716880605535339 0.438807395277132 0.688883605339302 0.735040836250567 0.568069992598606 0.542141797928114 0.832166370366623 0.675447975975856 0.694325874343128 0.644531514688491 0.532028696090621 0.571303119845829 0.454004361093751 0.615860443800103 0.376177432451451 0.595582999747757 -0.0203846810750749 0.487420031952404 0.500317796924437 0.550383480711683 0.404644036605723 0.478257005416393 0.639236791335102 0.709938905295833 0.439140587223878 0.233546718037265 0.83760342434787 0.56528383396204 0.777459224595971 0.384168192793425 0.738238464708341 0.682986901753419 0.617918242084528 0.544158550570228 0.534038189035123 0.570131066280076 0.65936787066014 0.509785316424092 0.469922951740367 0.757352556488916 0.871442222386066 0.757936175475815 0.677414116677217 0.36801676113142 0.665551265162773 0.625409553991275 0.726872980322812 0.685178988352925 0.714408960122091 0.174719299034672 0.447378086098907 0.461762195263992 0.175129705250802 0.192096889809133 0.145762406569155 0.856267244136786 0.910655053041732 0.634569015962161 0.573087714708175 0.437132347194099 0.394467666851755 0.608175905826383
0.293196128803675 0.533945513637361 0.340156750791418 0.343169265345829 0.0175213169891582 0.325087532972136 0.0898269449213536 0.49067763170243 0.421563757703161 0.474153424778241 0.55315690642376 0.553251757240569 0.541715478520468 0.680736200937003 0.714147844982034 0.226636545802448 0.649376277526853 0.487975527688321 0.726942302713966 0.515130350020576 0.509293782926892 0.520091229185502 0.382480703405513 0.710989227966792 0 0.755045939545611 0.786942348524594 0.706505191121903 0.696762810492975 0.779012978737891 0.435945063725748 0.481093121976996 0.409167406358845 0.465041726371186 0.388391241556638 0.403073452435742 0.598851434250249 0.579631238938643 0.584396016223921 0.581430531360286 0.627111231194657 0.686387893665802 0.688128578218591 0.659900298383535 0.713929521703729 0.750864021345252 0.452530297483043 0.506675166789939 0.675186461320965 0.476341294776398 0.695348556646633 0.778723825092297 0.536374634946448 0.66023605349938 0.84367143815145 0.752800484418054 0.784382025634513 0.807203957582749 0.573564600770009 0.630816725954581 0.595593950246338 0.641657121418051 0.406920616533383 0.620052714363519 0.0398543636515157 0.533474761908321 0.553446829211083 0.549154222616813 0.329125257511568 0.350011860045411 0.595356551960289 0.761168683705462 0.466050789363173 0.298083320453092 0.790094257181485 0.660159610681239 0.642357084975789 0.486928712966938 0.752747052174629 0.65986442953538 0.673440751059815 0.454442936942448 0.5723983183812 0.567142913823533 0.727441320572201 0.0827005834448998 0.466264745374782 0.530828679256283 0.520338601027183
