0 0.272384525853963 0.453022739904477 0.378267593619167 0.330485265275418 0.240232771975685 0.254649991816413 0.501809300444553 0.380028583869695 0.379272812444811 0.265682948269722 0.184006970333562 0.204421244024506 0.243260107878376 0.27986329456723 0.252136257859713 0.15183377561655 0.229227850064143
0.272384525853963 0 0.213979233697875 0.288442605963563 0.212633802604322 0.30892506831635 0.223559575358908 0.259542024628312 0.24229958212391 0.201930767405737 0.20429306186425 0.160042284991796 0.147589558217619 0.198369517047348 0.213050037564544 0.180181283195704 0.168589761001084 0.231146959546466
0.453022739904477 0.213979233697875 0 0.396083462748144 0.330375983560147 0.203961206397435 0.186048962554652 0.385453707692834 0.404549544042882 0.361016043058399 0.237006357576919 0.217830568334542 0.0978109439151707 0.208409621109147 0.230419387907331 0.256994233226679 0.186116743198684 0.211527563504129
0.378267593619167 0.288442605963563 0.396083462748144 0 0.358931674992509 0.225888516640647 0.157968564905181 0.345318669571495 0.463081698430814 0.442754031475054 0.219113342966277 0.177049970373542 0.139131071818742 0.187058611405958 0.191015116642423 0.181635183566954 0.190949298178576 0.158582852298721
0.330485265275418 0.212633802604322 0.330375983560147 0.358931674992509 0 0.193564502170099 0.300323895300369 0.307974980058264 0.335596576048165 0.331930005744905 0.259622207344018 0.242174177848908 0.197834435677956 0.227358962360321 0.188553943384615 0.27642340611916 0.235382729861171 0.265948239460144
0.240232771975685 0.30892506831635 0.203961206397435 0.225888516640647 0.193564502170099 0 0.217577464184224 0.224641702555842 0.257841457517313 0.222445226989484 0.260602974304249 0.210223464528332 0.175745938911014 0.189477313600223 0.255447070282452 0.190563436934654 0.136261242499294 0.233715061987157
0.254649991816413 0.223559575358908 0.186048962554652 0.157968564905181 0.300323895300369 0.217577464184224 0 0.293474457773691 0.198914851649278 0.279024959518964 0.164000422125951 0.23698130308135 0.269686506916774 0.219378443991425 0.167867199266642 0.231544891756303 0.221952128491939 0.204188189105637
0.501809300444553 0.259542024628312 0.385453707692834 0.345318669571495 0.307974980058264 0.224641702555842 0.293474457773691 0 0.371059370608527 0.353370784655574 0.178906527954279 0.163455377599185 0.146456280340192 0.263522907612042 0.309900869457452 0.22268991339169 0.21497742048368 0.225526136645798
0.380028583869695 0.24229958212391 0.404549544042882 0.463081698430814 0.335596576048165 0.257841457517313 0.198914851649278 0.371059370608527 0 0.451502349882686 0.208770258871128 0.185751155199912 0.140963047607496 0.173475636729042 0.17919393621913 0.188195174876324 0.1575073436611 0.188318508303559
0.379272812444811 0.201930767405737 0.361016043058399 0.442754031475054 0.331930005744905 0.222445226989484 0.279024959518964 0.353370784655574 0.451502349882686 0 0.240470128854484 0.243364846337718 0.166567243828593 0.296658284576053 0.306526345874997 0.232924314504681 0.234471711253214 0.215490088675825
0.265682948269722 0.20429306186425 0.237006357576919 0.219113342966277 0.259622207344018 0.260602974304249 0.164000422125951 0.178906527954279 0.208770258871128 0.240470128854484 0 0.26084497652291 0.142834620260502 0.296422117458316 0.230055019632019 0.242317316334878 0.223211684222175 0.246253623608667
0.184006970333562 0.160042284991796 0.217830568334542 0.177049970373542 0.242174177848908 0.210223464528332 0.23698130308135 0.163455377599185 0.185751155199912 0.243364846337718 0.26084497652291 0 0.225351134477116 0.22149405248555 0.179389478403848 0.194581955331433 0.24153528488771 0.243666504611107
0.204421244024506 0.147589558217619 0.0978109439151707 0.139131071818742 0.197834435677956 0.175745938911014 0.269686506916774 0.146456280340192 0.140963047607496 0.166567243828593 0.142834620260502 0.225351134477116 0 0.158539756937644 0.156976957919711 0.149494782402471 0.134527691998734 0.176427979145418
0.243260107878376 0.198369517047348 0.208409621109147 0.187058611405958 0.227358962360321 0.189477313600223 0.219378443991425 0.263522907612042 0.173475636729042 0.296658284576053 0.296422117458316 0.22149405248555 0.158539756937644 0 0.190650566646853 0.322312837163403 0.251741944477538 0.303501617247247
0.27986329456723 0.213050037564544 0.230419387907331 0.191015116642423 0.188553943384615 0.255447070282452 0.167867199266642 0.309900869457452 0.17919393621913 0.306526345874997 0.230055019632019 0.179389478403848 0.156976957919711 0.190650566646853 0 0.207261961353211 0.259134523820683 0.246495169941418
0.252136257859713 0.180181283195704 0.256994233226679 0.181635183566954 0.27642340611916 0.190563436934654 0.231544891756303 0.22268991339169 0.188195174876324 0.232924314504681 0.242317316334878 0.194581955331433 0.149494782402471 0.322312837163403 0.207261961353211 0 0.219753770748878 0.285568516853891
0.15183377561655 0.168589761001084 0.186116743198684 0.190949298178576 0.235382729861171 0.136261242499294 0.221952128491939 0.21497742048368 0.1575073436611 0.234471711253214 0.223211684222175 0.24153528488771 0.134527691998734 0.251741944477538 0.259134523820683 0.219753770748878 0 0.218540064006294
0.229227850064143 0.231146959546466 0.211527563504129 0.158582852298721 0.265948239460144 0.233715061987157 0.204188189105637 0.225526136645798 0.188318508303559 0.215490088675825 0.246253623608667 0.243666504611107 0.176427979145418 0.303501617247247 0.246495169941418 0.285568516853891 0.218540064006294 0
