0 0.0520739996898341 0.0285670363534116 0.0335736493451735 0.00616294771357846 0.0107862442163945 0.0384543446708431 0.0350323045910115 0.0164827899376169 0.0159233157460615 0.0408668998308456 0.0432773703091545 0.0335319775631619 0.0363822703287554 0.0163553268999864 0.0211671886739491 0.0351020611086331 0.0436368050529633 0.0458970372276523 0.0338136381779258 -0.00141254575166528 0.00131885910730665 0.022110682939899 0.0241324046151646 0.00623277415386306 0.00882189256227944 0.0212597162635079 0.0304081881800097 0.0201955690394016 0.01982117172538 0.039877851125898 0.035981974981364 0.0237114541130995 0.0425254533432553 0.00959129720322702 0.0125420872951501 0.00658460812877288 0.00789202293978731 0.00939703272461384 0.00284773779877192 0.0390582897557258 0.0341505745570498 0.0291969761611519 0.0409252624462916 0.0227539487873653 0.0276056223866945 0.0412331700960098 0.0419238381115506 0.0196131759227341 0.0178998230568065 0.0547643424217168 0.0475049865116758 0.0560502201059447 0.0528336107992947 0.054896770213664 0.0357911754377795 0.0590900717415255 0.0466409163222089 0.0258146696319881 0.0336586953122846 0.0401717124421047 0.0420840866508337 0.0388632113678152 0.0312205040598904 0.0245830813099 0.0306871011854936 0.0225463693241752 0.0273523885030488 0.00627341128271813 0.0243410511306815 0.0277836128885697 0.0360239313050681 0.040005995690914 0.0298537644962028 0.0364123081162973 0.031306630670878 0.0103181432300237 0.00708893468097597 0.0268764568730237 0.0347537148366145 0.0140158515171194 0.0213708151400897 0.0215899328385913 0.0228533339282144 0.022381648239563 0.0241323401598839 0.0274149689858511 0.0265472876880915 0.0210429193912107
0.0520739996898341 0 0.0256785133833083 0.0349571800055465 0.00555600958613403 0.0105753504342037 0.0347166812765825 0.036059787978275 0.0161830984429659 0.0191010357401525 0.0341343011496064 0.0406519558497702 0.026765479184029 0.0355564461314687 0.0165370985375578 0.0215785538153521 0.0318230256381662 0.0437803227870738 0.0410284427201916 0.0351540687047635 -0.00199882545500073 0.00217999004340782 0.0213214097922585 0.0247073131504545 0.00815079727880231 0.0103508531918616 0.0201734223609133 0.0288442789016891 0.0211545609518883 0.0215543027317182 0.0358746031258683 0.0344513019065566 0.0211928722387153 0.0381253553529536 0.0101664431623893 0.0130465253136704 0.00915847756465956 0.00883787582755393 0.00838937963023835 0.00195837182319726 0.0416357112917279 0.0393438313959843 0.0377208325652422 0.0502904144789146 0.0249516389551225 0.0302899588637955 0.0449428947956155 0.0461178072531903 0.0203923446811138 0.0191210252926969 0.0511192232815737 0.0474230526776395 0.0458506077009028 0.0496632908109039 0.0425662141057025 0.0403510516312615 0.0420327057261543 0.0471839212976717 0.0266491063102062 0.0337329249288297 0.0320838338143196 0.0372648360345647 0.0305327644352242 0.0301602919631448 0.0229390035459774 0.0304560400968251 0.0238155652144094 0.0298843494498351 0.00985512536135601 0.0208848763535053 0.0205001079602213 0.0351341263977806 0.0361382267225598 0.0311208343168176 0.0304493893678945 0.0306754202433125 0.0112442607742124 0.0116326516024157 0.02651071546226 0.0357062220027158 0.0149433830889561 0.0224168584724251 0.0238554620786615 0.0237238221823267 0.0211949336137935 0.0217474562433519 0.0242357649823829 0.0252641779061965 0.0170039000089579
0.0285670363534116 0.0256785133833083 0 0.0331366733632932 0.00952221300458071 0.0127229551344045 0.0463842243352502 0.0317858803677611 0.023928086787682 0.0213287252954234 0.0242560990671195 0.0240796300376132 0.0307623459264348 0.0312146425966328 0.0243495978652427 0.0261160378677641 0.0110819245667953 0.0134431650798123 0.0211089845707618 0.00895698668124682 0.00128515462545906 0.00747575393848353 0.0316484833278036 0.0304781042662165 0.0119596290299472 0.015377736527234 0.00989450207830815 0.00925596724374205 0.0180902407250997 0.0223356177863316 0.0327112503142591 0.018950038633429 0.0414448094189785 0.0429394049283382 0.00607353188567784 0.00951471858578954 0.00878017679155095 0.00374951938810193 0.00379877029137727 0.00211528166991783 0.0342180186141681 0.0212524355738191 0.0197712456635316 0.0189933879154787 0.0183192906184292 0.0188718270771958 0.0378369720483611 0.0353399458588769 0.0140437771423645 0.0116944075802814 0.0187314694806928 0.0209700744322142 0.0320983608032143 0.0355119671580103 0.0458912226311637 0.0504183041226317 0.0263821684028174 0.0325524928077055 0.0626791953404899 0.0480100260336982 0.0403134272689527 0.0342680655868343 0.0143990445131902 0.0108452644725235 0.0212536839332777 0.0226907742340152 0.0148312420099993 0.0152450243085644 0.00933100703912702 0.00556730039462347 0.0187853833666585 0.026041137258497 0.0191564799230946 0.0195407270242986 0.0203275044931538 0.0207721804136352 0.0088643536620982 0.0107600240584985 0.0253607599648122 0.028012321176248 0.017313564878515 0.0218769630535577 0.0327550726925177 0.0332095405595373 0.0181963155317133 0.0178057111766628 0.0185444199517468 0.0263683285114003 0.0165756176688311
0.0335736493451735 0.0349571800055465 0.0331366733632932 0 0.00520296604234066 0.0151351737628512 0.0423180817249707 0.0479597091861081 0.0204068456876374 0.0298143286777656 0.0256860522598301 0.0447945104980341 0.0246624430822633 0.0482791178590858 0.0153421509135204 0.0330261103346986 0.0183177622026448 0.0262734512090311 0.0280196877598691 0.0224248657950815 0.000290140050612371 0.00681731252885777 0.0289816172522335 0.0364740717150714 0.00655261446852162 0.0132668141283755 0.0135391197096769 0.0223739994550328 0.0185511153890528 0.0257098518044228 0.0332818162618327 0.0298832620644742 0.0341437035315504 0.0477231351185259 0.00929452682163909 0.0106717239168484 0.00913409294156629 0.0085109072233311 0.00421456352779916 0.00402166720904872 0.0388347664793466 0.0300466116053249 0.0271423255158617 0.0328080570651766 0.0230190619145495 0.0262476701942528 0.0399336106035795 0.0418863374235154 0.0184485977859106 0.0168303781159831 0.0290516864493154 0.0312978033562383 0.0389710407019929 0.0498634520761584 0.0527645242985104 0.0757594690197802 0.0328137960264683 0.0553541370863944 0.047837921310787 0.0665411035714982 0.0392703078564801 0.0454276628257111 0.019716922205242 0.0149409333676212 0.0224245060459843 0.0285289267624421 0.020866876354381 0.0231449638817393 0.00833224930547883 0.0102104564389106 0.0195058144228645 0.0313915523088118 0.0228376262305061 0.0252302623069385 0.0234545936273393 0.0262079318791229 0.00904836190575207 0.0109392333969373 0.0245314575093922 0.0357797836250971 0.0166694895520121 0.0243581736670762 0.0334932234793593 0.028968105679611 0.0229916343650277 0.0194513762062538 0.0248350391834955 0.0258862336057406 0.0216674411616919
0.00616294771357846 0.00555600958613403 0.00952221300458071 0.00520296604234066 0 0.00455392337562609 0.00943366928612536 0.00532847604919342 0.00808867607112929 0.00707981254982255 0.0060139081344455 0.00199756812841963 0.00866354339792938 0.00458394319808652 0.00971912319528581 0.00880366589512962 0.00267633183673996 0.00217124198283134 0.00429216447052853 0.00106697838098794 0.000575298638433403 0.00296798532430735 0.00796858856555842 0.00732102946189216 0.00492995178735637 0.00354139409777215 0.00271922218126103 0.00123756423347567 0.00502111560680025 0.00548023056965556 0.00697318346382499 0.00345579042916281 0.0105880519745661 0.00879625170446128 0.00126237689500749 0.0020877533550999 0.00245064930383462 0.000664748054594605 0.00168764826695463 0.00072076241747401 0.0042256811535653 0.00243242196321058 0.00378660519357065 0.00120765095111351 0.00151988749557631 0.00149011119411379 0.00785273487845324 0.00580186562698304 0.00243084137864772 0.00212889166236665 0.00379860897495765 0.00473182052697162 0.00415732814239466 0.00540789325168926 0.00915987562816723 0.0086307347440761 0.0052879283861247 0.00597855169227902 0.015866102159271 0.00635810918420916 0.0071789365289243 0.00513310923050011 0.00263259436050887 0.00337902576030046 0.00453815048071445 0.00469809673291408 0.000522926483989352 0.00167131454141097 0.00508471119683117 0.00079372602834744 0.00248216479007211 0.00640266020059479 0.00327365976460634 0.00272385704803694 0.00491881690302299 0.00497168034426779 0.00306711921603489 0.00381373420996252 0.0076133447124027 0.00639996800086219 0.00476721238112814 0.00526306286069448 0.00813485309944675 0.00730279188721044 0.00324507809254387 0.0035482233088527 0.00268589743250718 0.00531559302407126 0.00161905360822334
0.0107862442163945 0.0105753504342037 0.0127229551344045 0.0151351737628512 0.00455392337562609 0 0.0159088522307253 0.0153472796021676 0.0114895553871734 0.014062598652556 0.00866297013754746 0.0105636741363055 0.00920061511834247 0.0137406737439878 0.00836926620859384 0.0149541988630519 0.00284707773133303 0.00478377565092951 0.00677048096743858 0.00488368485090097 -0.000514296495738481 0.00321242481139215 0.00780885950489606 0.0111703122227776 0.00515159622177888 0.00518629502842923 0.00320485831978168 0.00464525852778428 0.00518168654093368 0.00720004379899148 0.00968119170788139 0.00845175582877195 0.0127240592797386 0.0174410044738851 0.00315120178061651 0.00393133456440561 0.00295251636664591 0.00382894443466577 0.00176382452460987 0.0010699793963055 0.0143094436297003 0.0095406987295175 0.0106259656587569 0.0100733075108723 0.00716647303883991 0.00731613526460301 0.0170482032170564 0.0152080987372492 0.00574061180277593 0.00504514026069609 0.00804895219481266 0.00813645407577998 0.0101104787723594 0.012936730913795 0.0160404119234584 0.0232814036107514 0.00611965280013032 0.0156468359866618 0.0169312831162753 0.0213649466305449 0.0133864876192947 0.0140995413116086 0.00610052471321042 0.00653115293066496 0.0085704813278291 0.0101217650509241 0.00244718392259706 0.00457957302245856 0.00216320458545767 -0.00170396080523432 0.0069537368850598 0.0124334278873159 0.00511499919891558 0.00625894126950949 0.00698669629117066 0.00851105804622569 0.00380142701362888 0.00392294697468718 0.00872340713508062 0.0109161763031824 0.00700699307803274 0.00826009622059987 0.0158707540533285 0.0133315801041214 0.00715626802043598 0.00644391316978099 0.00603322280397869 0.00939727377447685 0.00546886350879194
0.0384543446708431 0.0347166812765825 0.0463842243352502 0.0423180817249707 0.00943366928612536 0.0159088522307253 0 0.0453588509321689 0.0277556410017271 0.0247547423734607 0.0331573484291768 0.0333998094120043 0.0342030159502635 0.0362430550730042 0.0211475745004426 0.0258008268688656 0.0174359557981924 0.0180820874017934 0.0283455551913034 0.0140920035871977 0.00173901179545833 0.00366752450810093 0.0304744539167792 0.0304787165041512 0.00932156386099985 0.0128315948958272 0.0126275452265098 0.0140688298120331 0.0197994219411285 0.0249120354451896 0.0400518288967297 0.0295119222564871 0.0437381222562238 0.054803086862598 0.00423746191766621 0.00981260209900237 0.00583724780276395 0.00309336090311026 0.00363621716124779 0.00135454113792616 0.0460149354449771 0.0309989782363106 0.0307769526937066 0.0372180327170057 0.0278165539223856 0.0279644854168393 0.0530213716362033 0.051845150826981 0.0194922228285745 0.0163239859729523 0.0274698529808834 0.0299017377822848 0.0478201718316352 0.0579615189248362 0.0613201493567711 0.0620612588339638 0.0417488856015636 0.0503468104743742 0.0572770194269974 0.0601363023630306 0.054168738349203 0.0527600935563329 0.0187165673620341 0.0144102775100538 0.0269959130729658 0.0291230689269713 0.0194225108289842 0.01995565926492 0.0137073130191435 0.00403643310427867 0.0186029490154957 0.0359970534898685 0.027225773038841 0.0209856378614075 0.0263752597175033 0.0252233980947661 0.00883734853810305 0.00778742106560118 0.0287491359125534 0.0347494627947317 0.0211563696903594 0.0271939766012644 0.0429798638760987 0.0447394331049767 0.0262524170801746 0.0227362637851311 0.0271381056395025 0.0364915009856006 0.0225765259830239
0.0350323045910115 0.036059787978275 0.0317858803677611 0.0479597091861081 0.00532847604919342 0.0153472796021676 0.0453588509321689 0 0.0218591709311263 0.0294405994560897 0.0311230768704992 0.0530383702594589 0.0278508791983424 0.0535195822425142 0.0138388017260462 0.0319202856036111 0.0195644841631952 0.0290651664290908 0.0300315179716672 0.0233931229397893 3.08439309219577e-05 0.00667441016281897 0.024930116752782 0.0317596795792614 0.00343637251469735 0.0092898995866217 0.0153689032623751 0.0263136626166611 0.0183870920641167 0.0230702533664922 0.0343570055245209 0.034126472189332 0.0335934872901883 0.0506402824674234 0.00847183733580539 0.00945774899174095 0.00658409321462879 0.00647571279433866 0.00528839264340468 0.0037866544083046 0.0422618705249683 0.0336446516734107 0.0339561710670465 0.0434141075150332 0.0269713230591708 0.0305230719835365 0.0430863040718377 0.0463416886768371 0.018944141703967 0.0180335255314865 0.0291407254957047 0.0321069766220244 0.0417482576820919 0.0576189936031077 0.0585358935927416 0.0754049515146957 0.0422282853297966 0.064054318687214 0.0402786578961438 0.0689538863935652 0.0461968372973921 0.0549050046174687 0.020365121347258 0.0165449044807358 0.0227649775503362 0.0290121153589014 0.0223320123713357 0.0240116762896722 0.00827049441102455 0.0122322667134384 0.0198466208428229 0.0335050739336818 0.0256934368330787 0.026706151749831 0.0274799041361983 0.0300186644735283 0.0086283733762595 0.00887359006052608 0.0234618818139598 0.0369858643660383 0.0163499057642873 0.0247744637235944 0.0343221804354055 0.0301457491949269 0.0254948890433279 0.0207508512777152 0.0280277845547607 0.0282734257156129 0.0246432252181664
0.0164827899376169 0.0161830984429659 0.023928086787682 0.0204068456876374 0.00808867607112929 0.0114895553871734 0.0277556410017271 0.0218591709311263 0 0.0190273421612036 0.0181422008039063 0.0161535256170072 0.022290420012302 0.0191721341204532 0.0201997292583397 0.0193397289611026 0.00439551246963259 0.00720242511527756 0.0102751029366797 0.00353534578113224 -0.000269447947192852 0.00365108933766709 0.0149939823397333 0.0129164421848238 0.00845522743304498 0.00815790593940815 0.00516267433307511 0.00612388222001417 0.00969551749711823 0.0115490446296228 0.0193185986853515 0.012130508542003 0.0267423211695614 0.0281507478054707 0.00455071933366171 0.00483670297355029 0.00587870429001967 0.00322726314250272 0.00273986694901557 0.00202474444853456 0.0204414286495376 0.0113129139943122 0.0159584572385822 0.0144300447196089 0.0116403093234691 0.00925523764300505 0.0275368668674637 0.0246741823610852 0.00733195717552937 0.00727116976552604 0.0131000378341135 0.0151242606120809 0.0194094890977946 0.0258422654044582 0.0328111981546759 0.0396350983849114 0.0173809672178247 0.0247033021218887 0.0361971644220439 0.0291967262021329 0.0251312574549593 0.0233070230866377 0.0101912277624049 0.0106117550492716 0.0152864007219402 0.0163747908230658 0.00647814439419667 0.00791676956725375 0.00738711576246508 -0.000471028114551946 0.00801413327666642 0.0177629602617863 0.00762892427135911 0.00889407917654375 0.0128118379394801 0.0131629423557406 0.00532108967747824 0.00614780981946115 0.0161093107305255 0.016822675985884 0.0139646437807245 0.0150797006475632 0.0267303761621846 0.0246927841414274 0.0113388612704047 0.00969102986664931 0.0102843080606009 0.0162964743642115 0.00740111843772782
0.0159233157460615 0.0191010357401525 0.0213287252954234 0.0298143286777656 0.00707981254982255 0.014062598652556 0.0247547423734607 0.0294405994560897 0.0190273421612036 0 0.0169447300911793 0.0279966792107692 0.0190775703920215 0.0328111336721264 0.0169807939094172 0.0311102459685843 0.00809185962094673 0.0133907405772799 0.0125975721619681 0.0100110110911716 0.00032784893138095 0.00650299518511304 0.0200023097056564 0.0240742128197443 0.0062656758389232 0.00964049007850118 0.00767334182252859 0.0119942651856676 0.011754275758554 0.016736868985842 0.0196942084507303 0.0171930965528113 0.0260334026788043 0.0308349957378009 0.00539085078543751 0.0060576579216332 0.00688051596506369 0.00627318009388781 0.00194281899988778 0.00237227681015536 0.0235688646296586 0.0163559906573645 0.0202730463679278 0.0185263174836379 0.012327735265228 0.0122809805740503 0.0244658876347891 0.0236896802787563 0.00786867175780343 0.00769408937522532 0.0140631906992378 0.0164708145492975 0.0153427313688157 0.0219243946482632 0.0314319051501558 0.0541655012709869 0.0151173226859645 0.0360809253083724 0.0357025741698811 0.0401688147972499 0.0200793920969492 0.023502992631311 0.00680925461311094 0.00728508795727972 0.0145932119240289 0.0176434154161964 0.0100131952948687 0.0119352227836386 0.0115376509171261 0.00118781335771335 0.0101197644591093 0.0212347000185443 0.0105916111230941 0.0142302163485614 0.0143208151111566 0.0162824960748205 0.00704024710788224 0.00923881154436347 0.0164758765225424 0.0212760866300563 0.0111828028174934 0.0160210237957625 0.024848224811082 0.0184954674971203 0.0115918814270828 0.0100821941570943 0.0136192761009607 0.0145631554104362 0.00906131354264056
0.0408668998308456 0.0341343011496064 0.0242560990671195 0.0256860522598301 0.0060139081344455 0.00866297013754746 0.0331573484291768 0.0311230768704992 0.0181422008039063 0.0169447300911793 0 0.0506383253224027 0.0508576544776218 0.0452186477817235 0.0238478324749373 0.0262911618719608 0.0299821375454908 0.0323710206032905 0.0298495909223344 0.0208516902098611 0.00421625062754521 0.00708683623210881 0.0219400959238624 0.0188865631293957 0.0021354431250004 0.00663476791653332 0.027660972563575 0.0339277676738828 0.0189151725798092 0.0184571886420613 0.037952859146911 0.0354793771827923 0.0198026441504225 0.0348244541119255 0.00789160877618753 0.00865938128596291 0.00777690294512765 0.00749197330104466 0.00783927687432981 0.01185120752634 0.0304972090986385 0.028898863282706 0.0255994139251297 0.0316551460834778 0.0178013981855511 0.0196745375696022 0.0287660302953177 0.0271074053559581 0.0186598716149938 0.0153931070009159 0.0351562695744305 0.03301187014514 0.0412205803158616 0.037668433552482 0.0625476862638843 0.0436709622603023 0.0638144492252298 0.0517084013704841 0.026891935452468 0.0369864388079492 0.0291980041615028 0.0385111593164783 0.0152328189284238 0.00860195047734419 0.0236087917022579 0.0255271641682332 0.0189835949507829 0.0197925531231308 0.0184643396206228 0.0243817501131378 0.0117237414057302 0.0240799280151049 0.0344104833865175 0.0285383911743596 0.0336543831375826 0.0264521409731405 0.00919097112642496 0.00450955656292141 0.0225208854797064 0.0232821066282489 0.0157157743958928 0.0187074976365971 0.0142020017122964 0.00992642828907606 0.0163235708972965 0.015920194554446 0.026018234228717 0.0214655788559337 0.0150897714376777
0.0432773703091545 0.0406519558497702 0.0240796300376132 0.0447945104980341 0.00199756812841963 0.0105636741363055 0.0333998094120043 0.0530383702594589 0.0161535256170072 0.0279966792107692 0.0506383253224027 0 0.0432368805845726 0.0797438715896054 0.015031008467639 0.0386748956740761 0.0291356819112156 0.0493128184958731 0.0378971133170951 0.0279102542038083 0.00203954975142521 0.010798729640832 0.0268302351992005 0.0305129660700645 -0.0019089336152069 0.00649805913567903 0.0270753238633705 0.0478303206276701 0.0211133046453532 0.0215552791527139 0.0387528475958482 0.0425903525538748 0.0264849740734723 0.0405398559013471 0.00845777928781798 0.0077996725934287 0.007124366756874 0.00790828605468079 0.00936573944905441 0.0101978605961688 0.0459693595280782 0.0446587286191787 0.0397195316118525 0.0526080604362517 0.0315216023461373 0.0354080417557586 0.0349280474391587 0.0423781782667157 0.0221089779444231 0.0215210570987096 0.0325450761337569 0.0367632253614329 0.0433466293226418 0.0498977553715362 0.0698690744543637 0.0777901644889043 0.0656446089246183 0.0801260633586734 0.029119051639825 0.0614017457576832 0.0368520996351359 0.0504517734054158 0.0142685878930838 0.0101814051531162 0.0222433820114531 0.0293917970871326 0.0283403160452509 0.0311852699283161 0.0142440553017284 0.0312247961896448 0.024733978148867 0.0319323710549223 0.0363587478077562 0.0352383334815651 0.0376531740023318 0.0372052599402555 0.0103798430438019 0.00869561807517063 0.0263027878678325 0.0414534527713633 0.0144004508387417 0.0261974002418285 0.0176773817003721 0.0134116468430542 0.0249153660118205 0.0206193881943667 0.0345383766421135 0.0248095527714683 0.0256065676518163
0.0335319775631619 0.026765479184029 0.0307623459264348 0.0246624430822633 0.00866354339792938 0.00920061511834247 0.0342030159502635 0.0278508791983424 0.022290420012302 0.0190775703920215 0.0508576544776218 0.0432368805845726 0 0.0465408360634124 0.0336327425067653 0.0329608035371013 0.0206047532968001 0.0210886587702591 0.0252059395479888 0.0121900618098724 0.00476499840626485 0.00970336638646428 0.0307058668487371 0.025879057727715 0.00514256609509972 0.0101133463604302 0.0223409848552374 0.0258761133644338 0.0220560457942823 0.0213433376270257 0.0361174891844132 0.0284107234222816 0.0283539890018524 0.0354893932962216 0.00873018453761074 0.00885450267448658 0.00928640447187047 0.0066430858673045 0.00858345087703107 0.0097852382749317 0.0329665919891234 0.0277758197256621 0.0234667893835893 0.0280135115188555 0.0212013543155853 0.0201549849406984 0.0307899366501017 0.0291727142534883 0.0172059157572916 0.0134442323646763 0.0238234934846916 0.0218228426458157 0.0317308066785677 0.0297225537690747 0.0568772204906475 0.0455832876534342 0.0504616281202615 0.0433083777850493 0.0417987997130489 0.0334914991114092 0.0283910577124488 0.0314882759279294 0.0122178380026211 0.00527273025819244 0.0230345641704354 0.0232063897425379 0.0155094208977303 0.0158271388277776 0.0159991027573568 0.0224624476858021 0.0147095171791792 0.0218329604924088 0.0266592922033783 0.0228389496463913 0.0274815646675232 0.0222884628981898 0.0103257364110425 0.00903144667183954 0.0246529504170015 0.0225457664147478 0.0166392547818034 0.0198474901642617 0.0185300865937696 0.0167094305417595 0.0158375765123174 0.0151977048045644 0.0216689867956186 0.0230447499583211 0.0155021917914018
0.0363822703287554 0.0355564461314687 0.0312146425966328 0.0482791178590858 0.00458394319808652 0.0137406737439878 0.0362430550730042 0.0535195822425142 0.0191721341204532 0.0328111336721264 0.0452186477817235 0.0797438715896054 0.0465408360634124 0 0.0242029538397613 0.0486225787792905 0.0209057736314258 0.031566144594228 0.0313633683533431 0.0228198542456772 0.00521600788615069 0.0145023889086227 0.033293581670502 0.041310597026629 0.00265492583711853 0.0133572554382466 0.0211902723612006 0.0375191764631041 0.0205137565383254 0.0255777323323378 0.0380510873477536 0.0372337975796563 0.0363207475970396 0.0440394784346639 0.0106514492671674 0.00921348482878274 0.0103792629084606 0.00806204794505042 0.0101877724912983 0.0123720900871619 0.0486071894591459 0.0424584694922776 0.0364357045507068 0.0464293739386591 0.0319561020925448 0.0347014136095173 0.04182453750698 0.0459836428985272 0.0223200879003172 0.0197043507310184 0.0232622616035311 0.026626789496719 0.0366330039362204 0.0461838814184531 0.0663327294721603 0.0875759973325945 0.0503796374549489 0.0696615012443188 0.0469104154853381 0.075711726150692 0.0389058017925438 0.0481077916913801 0.0138476886488269 0.00893685939617381 0.0237202471368733 0.0305500337823478 0.0252496098191406 0.0254714679496267 0.0150499216971717 0.0238930880443623 0.0239889020744293 0.029758250938255 0.0249544173166336 0.0291116114978735 0.0315518577084936 0.034620815735273 0.0119649882163504 0.0138038594410082 0.0279035137985656 0.041286389091691 0.017123952480576 0.0287173581693228 0.0265642663946145 0.0210389215361466 0.0245319733371979 0.0208835265217444 0.0303110005753354 0.0278274827045779 0.0251105921670369
0.0163553268999864 0.0165370985375578 0.0243495978652427 0.0153421509135204 0.00971912319528581 0.00836926620859384 0.0211475745004426 0.0138388017260462 0.0201997292583397 0.0169807939094172 0.0238478324749373 0.015031008467639 0.0336327425067653 0.0242029538397613 0 0.0282371434076326 0.00888086243521675 0.00745247218515408 0.0114237847993529 0.00506829393324245 0.004195596106034 0.00868716639629747 0.0249893999621627 0.0220946332800126 0.0108284446110357 0.0113774272093793 0.0106672359933599 0.00960933543109968 0.0145568820852135 0.0158362761421198 0.0210745616853005 0.0118616814409997 0.0232986887108718 0.021096562604302 0.00621389133321235 0.00793570933297692 0.00997859259729253 0.00516881584827946 0.00403217255098922 0.00428644138830197 0.0161840985850744 0.0122231950883217 0.0081321363915413 0.00484722995020543 0.0084424063361977 0.00773600040086673 0.0199226583313425 0.0159675504847991 0.00823167334723253 0.00587607942429196 0.0121021905231877 0.0120910332435506 0.0125173709156015 0.0111066665214063 0.0287337267811291 0.0304534556748887 0.0206052425325218 0.0214462288837832 0.0445537103073261 0.0205342609938265 0.0133009805577204 0.0107540886410939 0.00627423090063864 0.00561137453321498 0.0152901612784324 0.0151836832554072 0.00763444760351645 0.00838522215927029 0.0145295974364487 0.00670233716129566 0.00724258973358759 0.0142788273885195 0.0126021152098613 0.0125441649895053 0.0151853949417818 0.0139013735581047 0.0101032701468367 0.0122788120550681 0.0214510318692359 0.0154311936820649 0.0134174201806759 0.0139912759091322 0.018864099044104 0.0162693985220974 0.0075502437246027 0.00909689935106851 0.00860345150963953 0.0143200990760013 0.00562888632197111
0.0211671886739491 0.0215785538153521 0.0261160378677641 0.0330261103346986 0.00880366589512962 0.0149541988630519 0.0258008268688656 0.0319202856036111 0.0193397289611026 0.0311102459685843 0.0262911618719608 0.0386748956740761 0.0329608035371013 0.0486225787792905 0.0282371434076326 0 0.0105990630853996 0.0137485491029995 0.015587531927975 0.0119519468870932 0.00581470441987623 0.013383061137966 0.0289064575738508 0.0348722966307016 0.00825309359577701 0.0142129302828299 0.0133758766601545 0.0202484402768432 0.0175584876770928 0.0228066645105911 0.026920973145396 0.0226152696134182 0.0297275445738901 0.0338910203266457 0.00917332322392479 0.00970145120852699 0.010029282343422 0.00964767680417162 0.00454306259260361 0.00881286893781417 0.0292010069753168 0.0238444504327957 0.0229676493066037 0.0208372715070628 0.0180693218226716 0.0180954614637695 0.0294752020631955 0.029558270843628 0.0137022023226677 0.0128036888438401 0.0150497636770945 0.0159271997285564 0.0198622668638199 0.023755270397063 0.0416936701595991 0.0602754385602173 0.0262039599415472 0.043970198339704 0.046225887564678 0.0496958954611338 0.0230221456189062 0.0262472125225791 0.00981113829087842 0.00629197711097037 0.0205999464152754 0.0229301113748963 0.0125281859781067 0.0139441910063644 0.0147578961724426 0.0125861713473767 0.0123564010340845 0.0205330531521812 0.0148877279152698 0.0170840282123781 0.0209357039620185 0.0234416996218931 0.0113455371002916 0.0141993940114125 0.0242862777815255 0.0274634321372504 0.0140100836808829 0.0194434093232367 0.0234929557495149 0.0165796412548263 0.0137204836887573 0.0129169720516578 0.016693031570614 0.0158564923655818 0.013614773665456
0.0351020611086331 0.0318230256381662 0.0110819245667953 0.0183177622026448 0.00267633183673996 0.00284707773133303 0.0174359557981924 0.0195644841631952 0.00439551246963259 0.00809185962094673 0.0299821375454908 0.0291356819112156 0.0206047532968001 0.0209057736314258 0.00888086243521675 0.0105990630853996 0 0.0387269418078388 0.0301795542713583 0.025328106433325 -0.0017668982769825 0.000933650712425996 0.0140811225201144 0.0130446847281667 0.00147733216113984 0.00300859447206985 0.0223399648741869 0.0275120714994321 0.0161509450660596 0.0151525554911981 0.0259440824456505 0.028337513299889 0.00628457413942277 0.0186804018049266 0.00490467500659577 0.00708007607883507 0.00455366950090534 0.00445955698561568 0.00429182854362873 0.00148989600067114 0.0193070725654404 0.0225256501660615 0.0183573151659934 0.0255202706592901 0.0101431605426166 0.0157608420489179 0.0139336436887393 0.0139836919209763 0.0113477044323311 0.00916543241069864 0.036359863814134 0.0317541225714275 0.0296423633514922 0.0236066069681924 0.0299450956006185 0.0176813619407509 0.043964760667347 0.035295462923337 0.00566076419256541 0.014824322212612 0.0149737531325743 0.0216940801391762 0.0171515602429202 0.013991975490694 0.0132876038078778 0.0181206550023686 0.0167153153610309 0.0181537130211954 0.0107884522378551 0.0172016878886368 0.0150970673441563 0.0201067816905316 0.0419285858966822 0.0326801664053474 0.0301462230969532 0.0196241040796253 0.00601063679076923 0.00283731151695705 0.0133332042581518 0.0161635765680327 0.0052225024311648 0.00788688263449158 0.00314111596422275 0.00164106415540335 0.0114613299119802 0.0133852580154559 0.0181629664736963 0.012081626658003 0.013954468156678
0.0436368050529633 0.0437803227870738 0.0134431650798123 0.0262734512090311 0.00217124198283134 0.00478377565092951 0.0180820874017934 0.0290651664290908 0.00720242511527756 0.0133907405772799 0.0323710206032905 0.0493128184958731 0.0210886587702591 0.031566144594228 0.00745247218515408 0.0137485491029995 0.0387269418078388 0 0.0408827726621123 0.0353682186090138 -0.00573222252395115 0.00163288179949996 0.0171792201534582 0.0172635354938722 0.00249448865122556 0.00343822017129026 0.0263276885617812 0.0384726919780405 0.0205359830746311 0.0185588854285504 0.0297500714380758 0.0347321749753004 0.0104101702722466 0.0273321412239458 0.00751628425481907 0.00931880754453492 0.00644217981518662 0.00630374374224862 0.00634222475115651 -0.000327188799615023 0.0244238534281806 0.0277337148591873 0.0263450499047564 0.0359225654769561 0.0144688460565846 0.0217529662558148 0.0171073531591627 0.0199607988237471 0.0143598738180146 0.0133121314337035 0.0452534549006043 0.0422011313609498 0.0348938920761263 0.0281405674123205 0.034637571886967 0.0277033655412483 0.0485614674169562 0.0486836475564565 0.00993833817779807 0.019510159361803 0.0206953631768937 0.0294668750290093 0.0226718106423335 0.0222130997404003 0.0155135793785043 0.0223779366672763 0.0240064995464555 0.0305110708578238 0.00893371819106746 0.025400587773874 0.0234807202361714 0.0274907532171607 0.0468109421214883 0.0405379900940868 0.0358163856194422 0.028378419613378 0.00848292217442734 0.00671464715912559 0.0182340610026251 0.0266053287185516 0.00697900404990635 0.0123868497716231 0.00532762348553946 0.00459722843991178 0.0150398132477511 0.0163468175690801 0.0229579260132346 0.0143982521138018 0.0172942694147528
0.0458970372276523 0.0410284427201916 0.0211089845707618 0.0280196877598691 0.00429216447052853 0.00677048096743858 0.0283455551913034 0.0300315179716672 0.0102751029366797 0.0125975721619681 0.0298495909223344 0.0378971133170951 0.0252059395479888 0.0313633683533431 0.0114237847993529 0.015587531927975 0.0301795542713583 0.0408827726621123 0 0.0313197135258841 -0.00497634896173224 0.00106771944990907 0.0203358795450151 0.0214317499026648 0.00346003190285802 0.0053417919729766 0.0192447956279038 0.0269864792537699 0.0199411716280403 0.0193687335309784 0.0317438660270833 0.0308243763619396 0.0172875295211639 0.0305613050217378 0.00756994074574547 0.00795251140100461 0.00520114230095129 0.00405431942397786 0.00742070592548647 -0.000790011784275281 0.0291155564104974 0.0275872685055168 0.0234306695631466 0.0332562857068484 0.0164277339883705 0.0222538368882163 0.027769569755757 0.0287107991022705 0.015042431332524 0.012905696275661 0.0406730909383889 0.0364404078008002 0.039517077405067 0.0371186063091108 0.0397810811220374 0.0263702808494545 0.0455377081466557 0.0400137913413139 0.0175709711887806 0.0233757381843159 0.0299636678081513 0.0326669011722878 0.0298325651646515 0.0244633764207039 0.0181009409957104 0.0240043959652375 0.0211058442249579 0.0257214903710198 0.0046157814361265 0.0208988660661966 0.0237869459453322 0.0277050131891912 0.0334949129561826 0.0287618119960043 0.0288786754086832 0.0243645973014965 0.00716608204763768 0.00628190210590084 0.0197009312715548 0.0268522950074272 0.0089485583277421 0.0153504766575822 0.0139281730752135 0.0150506199194203 0.0170350358410252 0.0181016860663174 0.0209695846741175 0.019495149498742 0.017047997895172
0.0338136381779258 0.0351540687047635 0.00895698668124682 0.0224248657950815 0.00106697838098794 0.00488368485090097 0.0140920035871977 0.0233931229397893 0.00353534578113224 0.0100110110911716 0.0208516902098611 0.0279102542038083 0.0121900618098724 0.0228198542456772 0.00506829393324245 0.0119519468870932 0.025328106433325 0.0353682186090138 0.0313197135258841 0 -0.00293466137095451 -0.000818269756556796 0.0110174682316701 0.0155749266226435 0.00168996636821495 0.00198953177441396 0.0144032838229173 0.0236956575742574 0.0121648164209927 0.0123871010097409 0.0203430637092551 0.0238804377926651 0.0047947728733057 0.0178803835535494 0.00806091343446579 0.00869184681289084 0.00449267436157208 0.00583722829812309 0.00407369910629365 0.000240712467305987 0.0179349417981243 0.0203635711145049 0.0186917439273185 0.0274398296804919 0.0114189956635784 0.0180243532916373 0.0190313845570479 0.0215670771287743 0.011959745573705 0.0109076740882095 0.034977887777569 0.0301406361346358 0.0257934902803901 0.0274537030278424 0.0219444656357866 0.0220808185433969 0.0285730576650148 0.0312206337297973 0.00696936623042083 0.0173324467378572 0.0155654149409638 0.0214361969114818 0.0270706474257349 0.0239963592320466 0.0137232339148303 0.0185990071122102 0.0171297881235454 0.0215154533210489 0.0060799711817344 0.0183896496311715 0.0163960172306103 0.0202987225283059 0.0250990675859446 0.0242012804924879 0.0212411109713525 0.0203009142562203 0.00583277664137697 0.00566457280794007 0.0138102220459126 0.0205173139333653 0.00523268645853372 0.0095916485755387 0.00782275077711872 0.00646214812146585 0.0124312548081733 0.0129484152541976 0.0145446142354417 0.00984057552707248 0.0133845914282228
-0.00141254575166528 -0.00199882545500073 0.00128515462545906 0.000290140050612371 0.000575298638433403 -0.000514296495738481 0.00173901179545833 3.08439309219577e-05 -0.000269447947192852 0.00032784893138095 0.00421625062754521 0.00203954975142521 0.00476499840626485 0.00521600788615069 0.004195596106034 0.00581470441987623 -0.0017668982769825 -0.00573222252395115 -0.00497634896173224 -0.00293466137095451 0 0.00391053438857337 0.00246919511733305 0.0038230922205159 0.000201059289486912 0.00341468690841231 0.00117174560150183 0.0031464241647445 0.000176139328224862 0.00159322470666329 0.00504043493034257 0.000901365129101067 0.00520811228904149 0.00253274356109538 0.00235761471540694 0.00187288338776457 0.00038474237444912 0.00156186196976829 0.000932083851697041 0.00694438654006622 0.00278740846151521 0.00275116432387185 0.000830298247979368 5.26151045259562e-06 0.00358503525389832 0.00184258957121746 0.00217547077518176 0.00285794342711607 0.00283247696721258 0.00259593792642381 -0.00132906835073326 -0.00370014424076091 0.00114908188065857 0.00220694483370766 0.00443802655424826 0.00673524753424448 0.00518774091310218 0.001117459968977 0.00696910159311938 0.0104929528712203 0.00361165264212846 0.00242537413071458 0.000106355736096205 -0.0018945267096191 0.00223181465567025 0.00150785297525159 0.000884866846765018 -0.000789824144246585 0.0093785473275869 0.00712897747840777 -0.00385059547256724 -0.00265652758608439 -0.002057458524419 -0.00406407869482428 4.71714657459005e-05 0.00183536608312749 0.000710184655927474 0.000930041071461647 0.00316950984145851 0.00200141571993305 0.00153043891163874 0.00122292327489742 0.000126230554252016 0.00045135956937236 0.00146519254331063 0.000599499868192318 0.00142472769380518 -0.000369590189581325 0.00249012523389886
0.00131885910730665 0.00217999004340782 0.00747575393848353 0.00681731252885777 0.00296798532430735 0.00321242481139215 0.00366752450810093 0.00667441016281897 0.00365108933766709 0.00650299518511304 0.00708683623210881 0.010798729640832 0.00970336638646428 0.0145023889086227 0.00868716639629747 0.013383061137966 0.000933650712425996 0.00163288179949996 0.00106771944990907 -0.000818269756556796 0.00391053438857337 0 0.0091693989548368 0.0114393906990384 0.0026115561302498 0.00638293254984053 0.00494718938626726 0.00588429423378951 0.00652718697909033 0.00645098246518767 0.00888998179188911 0.00508304084077974 0.0121175244080638 0.0132840086914948 0.00416561887209146 0.00199068382818091 0.00302966141568092 0.00284824326653385 0.00244362124725771 0.00564489431890172 0.00740513234224729 0.00799256862304482 0.00291650738063058 0.000179646505790812 0.00308355224954673 0.0048509929418011 0.00173295010726679 0.00111649953657075 0.00419082722870384 0.0032004349123843 0.00122228727612028 0.000464501614646156 -0.000870268561966142 -0.00105395023763532 0.010887045891651 0.0152120414844548 0.00752627666935869 0.0108043460665875 0.018692337727648 0.0196643868650216 0.00683731656443726 0.00770798443279359 0.00203255596000871 -0.000560446213055004 0.005629935687528 0.0058506201973876 0.00464922947187309 0.00398112362379191 0.00526487728397739 0.00915668073312338 0.00257702274504865 7.3961463638511e-05 0.00207380757071941 0.0031662369177028 0.00437779685088416 0.00655648376281664 0.00288011307292865 0.00522667801051915 0.00650181225756976 0.00763838333846091 0.00286160290145091 0.00334664290763444 0.00279315136742278 0.00129841214714397 0.00333664068965165 0.00238049512334937 0.00417261877380193 0.00348345283610822 0.00563942256994797
0.022110682939899 0.0213214097922585 0.0316484833278036 0.0289816172522335 0.00796858856555842 0.00780885950489606 0.0304744539167792 0.024930116752782 0.0149939823397333 0.0200023097056564 0.0219400959238624 0.0268302351992005 0.0307058668487371 0.033293581670502 0.0249893999621627 0.0289064575738508 0.0140811225201144 0.0171792201534582 0.0203358795450151 0.0110174682316701 0.00246919511733305 0.0091693989548368 0 0.0347051814151816 0.00922175924949967 0.0136541498287439 0.0133251228532132 0.0155129675749604 0.0215493127528442 0.0247335385668885 0.0286970803890435 0.0191022936088601 0.030889532244928 0.0330442577884199 0.0072240877021107 0.00909605099407194 0.0101336326952598 0.00579335422067763 0.00302631744277759 0.00207163059036488 0.0252427949676396 0.0191144939390289 0.0141569486975576 0.0137291512167544 0.0145617530871821 0.015266237430799 0.0228781282848527 0.0221244847160349 0.0126367004896652 0.00857944540901225 0.0161250659618501 0.017970501998375 0.0222818816793771 0.0211297546864316 0.037968058482468 0.0443625889103874 0.0264031022641157 0.0330878222563535 0.0526145192171765 0.0370136846890057 0.0247098055290563 0.0225296132047615 0.00872756572653988 0.00446839418994824 0.0177339031606654 0.0205794414023607 0.0147268281659287 0.0153991922671484 0.0153353912380115 0.0126081148222426 0.01622889074872 0.0190352284418784 0.0202366699837033 0.0203153790326615 0.018398128760626 0.0175328326931482 0.0100212058792337 0.0123215325794085 0.0240852911364074 0.0238751459424201 0.0122192336489825 0.0166367721698751 0.0190249743764835 0.0174286593648026 0.013421776874451 0.0136717600347965 0.0158039070821788 0.0178110623993284 0.0144812354573336
