0 0.073005385414183 0.0571229790019615 0.0484691703075459 0.0190321834516691 0.00986142261384791 0.0638396897798173 0.0548764394889688 0.0298959512792507 0.0288779642327933 0.0585939657766027 0.0683214608036419 0.0585169800821273 0.0596271248682495 0.0256339482398804 0.0200877603846922 0.0669837381597948 0.0759322147799154 0.0706780229183909 0.0540219846884305 0.00402558183372817 0.00626826970571774 0.043545431750114 0.0282553600396393 0.00927364273882346 0.0102438405207088 0.0378552535994646 0.052295625953811 0.0316906966640963 0.0236638148164596 0.0465575804146212 0.0401477490681604 0.0145138617644524 0.0122960332859868 0.0190736646744492 0.0142066013705777 0.0266158245962064 0.0174626600875997 0.0120094093280573 0.0294427888034152 0.0596410424350427 0.0641721592186945 0.0657917982690796 0.0655525086935756 0.048955380518223 0.0466678357344343 0.0608319204524392 0.0714263928672711 0.0450427835100776 0.0341700858112072 0.0847002619754709 0.0770173487414178 0.065471374765773 0.0618147767641649 0.0699513392388621 0.0536865073048821 0.0854432678949215 0.0831619279534967 0.0399129582815474 0.0495121259286609 0.0371610032382651 0.0322055681844069 0.0673831243036431 0.0541959416617481 0.0282598728586014 0.0359131719470946 0.0332567764681989 0.0391247235352425 0.0159769032687688 0.0251330842636569 0.029145962352709 0.0227069620948678 0.0771411430646225 0.0727810406895876 0.0622725946714306 0.0621957691066651 0.0259498614494345 0.0229199014854106 0.0400818734881365 0.0504947323450418 0.0345194300678275 0.0374799985213528 0.026152309903521 0.0209837980405169 0.0354726444677768 0.0411017839716205 0.0322598628440806 0.0422179637743404 0.0266279744797244
0.073005385414183 0 0.0573995742176992 0.048581637280405 0.0168998439840583 0.00773745922748455 0.0622301608283546 0.0527181573673811 0.0289888449946175 0.0275526455979509 0.0571127069615514 0.0683831497428375 0.0560125499578927 0.0578937542355977 0.0263879015020977 0.0194713751521561 0.0734070921339979 0.0966542333679876 0.0766817248738214 0.0644253823487031 0.00606811205703915 0.00645252988074332 0.0462693381230389 0.0298005878368769 0.00979787337597756 0.0102605264614463 0.0413331932245909 0.0606162312567495 0.0341026352267137 0.0258227853913377 0.0446383503695932 0.0452334927477775 0.00716565970509484 0.0130752442840264 0.0212026866255132 0.0159833501207194 0.0333843614719654 0.0201549142124818 0.0147026652270072 0.0318377228382316 0.06764727827221 0.0715922268475808 0.0757593719121531 0.0762936840573388 0.0569125803813064 0.0504444081619931 0.0701109539680388 0.0832956565593107 0.0507334275180434 0.0384259511094969 0.0891312221125498 0.0923860293727677 0.0620354116908823 0.0680947595340952 0.053102249767512 0.0444181573470125 0.0793107982193786 0.0787093516059789 0.0356405787719405 0.0437816712477505 0.035872681774358 0.0302178175376406 0.0794923829798903 0.0650525477943174 0.0286671136435772 0.0386797718245195 0.0372536280743641 0.0469465648885984 0.0124888526024393 0.0375182822265878 0.0291904809291514 0.0265916416317083 0.0882982771980309 0.0830996355266764 0.0717882618211632 0.071099159203167 0.0329500787813609 0.0268158500646358 0.0397447822683371 0.0509254934448776 0.0319111500839919 0.038922631134958 0.0278680460359297 0.0229706754749287 0.042487274555161 0.0452079099957413 0.0345560658675371 0.0417351049745022 0.0324772861653084
0.0571229790019615 0.0573995742176992 0 0.0571324643062838 0.024348952465373 0.0129776395505268 0.0716289548786541 0.0549918237062407 0.0378407486511636 0.0353717993262868 0.0395664967796798 0.048146014837232 0.0540214030366945 0.0486986878526745 0.034794898609492 0.0295856065099368 0.0476473137846137 0.0565149610869367 0.061100684262773 0.0416929498175773 0.00439296865977556 0.0071625566185316 0.0558485245192217 0.0353206295652081 0.023089487966521 0.0213756746526865 0.023315314691684 0.0348183448710484 0.0406294752284853 0.0222882717699654 0.0494042434415502 0.0403162717623003 0.0514970898156527 0.0430447734742329 0.0186752243758122 0.0136910750502801 0.0254237783359982 0.0179676046895292 0.00769623696466981 0.02080098842131 0.054396010859259 0.0560651332021412 0.0634745451043439 0.0584421739451359 0.0440328103161447 0.0451581653743156 0.0554884211252914 0.0657363457950975 0.0420938508849766 0.0336613037605207 0.0605884938858644 0.0595464100251663 0.0509611605117066 0.0526465046843846 0.0620978330277786 0.0570069255588397 0.0635427777175289 0.0633261720557733 0.0933185391293152 0.0736418080694952 0.0567703945841438 0.0463239428351602 0.0626848921630651 0.0461029748066311 0.0286335825801106 0.0318903347609385 0.023361983874477 0.0288434638119429 0.0102551005789734 0.0146362074679743 0.0306574392726653 0.0167720755903235 0.0659456106843577 0.0644886815663879 0.0499026258117497 0.0555313370091366 0.0297242205990251 0.0310026970924557 0.0550273318232677 0.0597382460086341 0.0349927005329685 0.0358351620845706 0.0367032601929654 0.0360229625371127 0.0344871544403688 0.0384497590743055 0.0310925645657886 0.041105859622127 0.0313375821353848
0.0484691703075459 0.048581637280405 0.0571324643062838 0 0.0216384713284999 0.0149689404617582 0.0621219236152018 0.0608859885370647 0.0341670926708823 0.0389423632908754 0.0330455401094839 0.0481428844329373 0.0459439096647644 0.0532207668994054 0.0266216492713851 0.0344946450605712 0.0381858182034961 0.0457132837594821 0.051480972716483 0.0386472715482838 0.00419205731619174 0.00481667020157046 0.0462245876360317 0.0379908304402126 0.0186569075783176 0.0190363523639674 0.0197007616543635 0.0317207711068879 0.029811495751255 0.0197889483465555 0.0380282728758159 0.0354040367798918 0.0432059586986718 0.0363871894933453 0.0150685624583708 0.0117724496238794 0.0231535272644254 0.0146626527143133 0.00721748106085133 0.0180716860414411 0.0489950957266398 0.0500509161825884 0.0573001123824112 0.0516366978748934 0.0385034676912322 0.0390927898362185 0.0442681700373461 0.0533479323238364 0.0368082145183586 0.0278369757262559 0.0470389086522222 0.0506318557280766 0.0433624200307119 0.046891823908682 0.057659327527821 0.0733266801217892 0.0535260229357222 0.0654766880337583 0.0782775935764091 0.0854099269764385 0.0464397415396257 0.0444461566124733 0.0517345401731753 0.0399509403346444 0.0265510496986463 0.0289774552828413 0.0210565946192833 0.0251007016007574 0.00758950292725668 0.0160830728553886 0.0228503380220434 0.0174941081029037 0.0534835324018746 0.0534434406205753 0.0394775861893158 0.0482065236101168 0.0259735976000663 0.0284633497359707 0.0475156763743173 0.0611620773914297 0.0296954483419929 0.0339529726738154 0.0359086764310446 0.032737085527308 0.0328375403971885 0.0365366024282928 0.0293826677883942 0.0374867108703436 0.0260046492873477
0.0190321834516691 0.0168998439840583 0.024348952465373 0.0216384713284999 0 0.00921233777258417 0.0273383808785627 0.0235467679253793 0.0187822215206437 0.0193235486504609 0.0138157238486584 0.0147243913338919 0.0218159030879814 0.020904885069285 0.014479384355387 0.0172539802641549 0.0129697119481199 0.0156777128734533 0.0177968388946663 0.0115217318941328 0.00031732078400222 0.00129490262092015 0.0194131701426992 0.0125786430992897 0.0116276422570449 0.00886788457862289 0.00686151250593684 0.0107155730579782 0.0124046836604504 0.00533347753460385 0.0126969371797133 0.00971024951131031 0.0218999448916628 0.0158518678736468 0.00667150660935253 0.00449013077229898 0.0097258216824049 0.00568028262241348 0.0010559780801749 0.00587386990491881 0.0176772808293781 0.0172668073282134 0.0191291101505355 0.0162492707216905 0.0128105707931231 0.0131123765159416 0.0190614125313838 0.0221711529926724 0.0148905342294557 0.01100102434785 0.0191631569120897 0.0184513855491057 0.0182778263246197 0.0181186783040158 0.0253422964764333 0.0305871158392646 0.0206018238739476 0.0236140534580697 0.0384808395613674 0.0331393548210762 0.0206621780239518 0.0158701759269576 0.02464675057327 0.0184379038957574 0.0101602703289896 0.0107613506255787 0.00599232380659267 0.00800169156352441 0.00186272974468538 0.00493170838841333 0.0120790771659523 0.00427824111436335 0.0201851574800785 0.0198808203661861 0.0149503828493263 0.0196069970060508 0.0117341822950164 0.0137024964494396 0.0222220373847206 0.0256625720921365 0.0131497796144165 0.0138660716484803 0.0209267540166738 0.0217393306827852 0.0155422020120638 0.0182467316325176 0.0131134143064466 0.0171842815660517 0.0135114061319446
0.00986142261384791 0.00773745922748455 0.0129776395505268 0.0149689404617582 0.00921233777258417 0 0.0179947983129157 0.0213560380484977 0.0126425661386517 0.0163571821936242 0.0047594659890318 0.0118416530367196 0.0149187555003998 0.0166494095432718 0.00968960843579576 0.016213768590793 0.00247519477398101 0.00421798117361855 0.00631885023488148 0.00320752891336573 -0.00232626549281123 0.00277094216816835 0.010099451046036 0.00762051868372494 0.0059619422416132 0.00496281720795331 0.00109823917457613 0.00202793791466839 0.00485789414170208 0.000368651550728675 0.0130509011294643 0.0114600646063146 0.030084093339814 0.0179920057272778 0.00175506865061518 -0.000363808854399218 -0.0033346480310253 0.00052728045817767 0.000821762030759466 0.000635624017582469 0.00695761544780753 0.00626834969580701 0.00720793438063225 0.00549724539586787 0.00616623733427803 0.0115092530302269 0.011756198740675 0.0100494081605123 0.00309029042133688 0.00312551514111219 0.00666821637411236 0.0109317758202215 0.0160926369051409 0.0109553431052404 0.0278450263113996 0.0294107993074047 0.00870765595988615 0.0149902000004656 0.0250888662992455 0.0256899996215255 0.0180257860655797 0.0166916170035595 -0.000468078003929819 -0.00109615826123728 0.0088963953854154 0.00398157625425887 -0.00582201517946819 -0.00226338569664783 -0.000904636079234047 -0.00286808281854462 0.00513041022654969 0.00469907650967825 0.00503950433136618 0.0064086517037819 0.00176572136085167 0.00656678666170611 0.0015422014065826 0.00489035670060436 0.0126003397443132 0.0134840229440616 0.0103529850598425 0.00674044276662911 0.0100468224233715 0.0119051676672058 0.00602410481832546 0.00626831629726346 0.00572620218672312 0.00956756399168737 0.00441208272343273
0.0638396897798173 0.0622301608283546 0.0716289548786541 0.0621219236152018 0.0273383808785627 0.0179947983129157 0 0.0693408779439488 0.0433313984117452 0.0400674449119972 0.0464478324608252 0.0561903225992372 0.0638817307719996 0.0588043254525642 0.0338306411019064 0.031095539847974 0.0470967038098555 0.0583483009628786 0.0658891095090953 0.0447068160856364 0.00117537425222227 0.00773159414078813 0.056076412661338 0.0362851034675957 0.0193630267852544 0.0174592690374273 0.0245682098183141 0.0381505333949124 0.037183372271631 0.021551795290298 0.0524729315701769 0.0436292975410967 0.0530080048119601 0.0409784778683225 0.0164127945335462 0.0119398483935064 0.0225151680845926 0.0155845495061365 0.00710410904283842 0.0224781066494224 0.062042887833454 0.0615101873595063 0.0694662930995228 0.0638197785063077 0.0481111362416425 0.0513796565460591 0.0615961315662038 0.0706784756751309 0.0426602243170797 0.0338084923400175 0.0624706819926139 0.0654394522933332 0.0620650748001476 0.0604275406358657 0.08030275247352 0.076489295800933 0.0725050090619436 0.0799257405877819 0.0869981288031245 0.0798017788015976 0.0600878674801602 0.0499429582651537 0.0636766142867962 0.0452566246479054 0.0321851950779065 0.0333091964851641 0.0207717751099362 0.0274381725617113 0.00695164197297579 0.0122745874408893 0.0341137097784734 0.017010199809209 0.0655926143266059 0.064337195494338 0.0504146119679511 0.0580280754295042 0.0268673189268113 0.028187797815166 0.0546730919975028 0.0624696689195263 0.0395571174271517 0.0404119881755794 0.0428073913803689 0.0438748379739922 0.0392548621558675 0.0453710430206981 0.0366060533684885 0.0493486138100181 0.0329148076091859
0.0548764394889688 0.0527181573673811 0.0549918237062407 0.0608859885370647 0.0235467679253793 0.0213560380484977 0.0693408779439488 0 0.0378384710347694 0.0514619563203134 0.0396590962879726 0.0617099725696359 0.0575324138493351 0.0706855059253039 0.0257397473573152 0.035664670030726 0.0389135496921638 0.0466878823295951 0.0522734145152335 0.039901975930399 -0.000449630929990173 0.00292258631616881 0.0394361151484882 0.032659142664538 0.0121164815749416 0.011606531459772 0.02243652105331 0.035875175528409 0.0270723502772879 0.0186957428652514 0.0430416018154385 0.0425382498139481 0.0447084526586354 0.0285874449880915 0.0129392480327383 0.0112867445058491 0.0170750389243712 0.0125284556014439 0.00459217832887821 0.0180328606040119 0.0519547505087363 0.0545502071116321 0.0583704460299079 0.0542690856718535 0.0425571128542589 0.0446290464098646 0.0544665239492214 0.0601701663390043 0.0368863192312139 0.0263833225637932 0.0482704521612713 0.0541394051502049 0.0588204933506838 0.0583363689882273 0.08270521061579 0.0992852152606498 0.0588801694058135 0.0847155008158404 0.060780573210789 0.090358270817511 0.047799381246857 0.0487898068793811 0.0520283198200262 0.0414619975189738 0.0273718442356356 0.0302597733164363 0.0133157082284575 0.021478351637088 0.00239829331782103 0.0127733455514955 0.022256379665336 0.0187715481556069 0.0553722117076588 0.0545730568875235 0.0410843048277323 0.0495314309719074 0.0186776245728657 0.0198084950507267 0.0403441077692784 0.0586621608912437 0.0348884395405715 0.0373218570239349 0.0386842109794508 0.0327940327379078 0.034916691972454 0.0379679336194841 0.0329835375824937 0.0431464039517745 0.0239949868534371
0.0298959512792507 0.0289888449946175 0.0378407486511636 0.0341670926708823 0.0187822215206437 0.0126425661386517 0.0433313984117452 0.0378384710347694 0 0.0263901673758011 0.0254618084197507 0.0283774090426314 0.0354777419388795 0.0324402900111851 0.0210356936054717 0.0221838158080478 0.0213323656294035 0.028058948314546 0.029653482397184 0.0199137379506941 -0.000242147976389255 0.00338926447458553 0.029083404172116 0.0184329043841989 0.0144497473652969 0.011896562090137 0.0116257550503264 0.0182512203243459 0.0199661253725596 0.0100394439233048 0.0249940699876492 0.0199808694881392 0.0307512854695794 0.0220158385766115 0.00958784151276522 0.00669122393919208 0.0150143195328424 0.00868474750760815 0.00294137718648644 0.0102450962358538 0.0290629677368453 0.0286090800607077 0.0311686243439928 0.0286244234699208 0.0230337288564491 0.0238398531952794 0.0330822206017284 0.0377483281664592 0.0244316490693274 0.0182240403021785 0.0300364170579266 0.0299982327423642 0.0310465406210674 0.0307745645620341 0.0430342067647951 0.0450094746366234 0.0331017968887466 0.0410652792561011 0.0512120609015128 0.0471231961463965 0.0303362772925156 0.0249165780353177 0.0364977386255967 0.0258955164237178 0.0169792703908016 0.0161972051874782 0.0104827875657524 0.0136122928332956 0.00238684828198327 0.00824723668713489 0.0195985641651052 0.00911742675676143 0.032290664814094 0.0328547735406465 0.0245394013138293 0.0302810959840237 0.0158941266031979 0.0168240779443882 0.0300358787254166 0.0359686471021644 0.0230178291600577 0.0226550998969223 0.0283222390164886 0.0288433328224631 0.023230994085927 0.0266762680720221 0.0196910634645231 0.0260617434811594 0.0199607537948423
0.0288779642327933 0.0275526455979509 0.0353717993262868 0.0389423632908754 0.0193235486504609 0.0163571821936242 0.0400674449119972 0.0514619563203134 0.0263901673758011 0 0.0227392488443031 0.0378983310077803 0.0384694820965724 0.0507207029092457 0.0206124979178926 0.036627870240222 0.0239570507530024 0.0276236531128313 0.0307414265470374 0.0232899820166175 0.00116254985576017 -0.000128533259353367 0.025304214291879 0.0223981114346283 0.0130698326091821 0.0107162560695559 0.0152361298517424 0.0248457772361656 0.0164263029076193 0.0122386464789467 0.0156590461783791 0.0198224378384185 0.0182901134950137 0.00998044770611032 0.00804212040634376 0.00827813566414871 0.017818574247225 0.00999930876631164 0.00034346122315783 0.00707230119912734 0.0228662351740236 0.0276162708756278 0.0280330775957418 0.0263605768164024 0.0214206751483698 0.0172384863979156 0.0235467423963823 0.0292739144264775 0.0256951242503346 0.0173390192101497 0.0243816535354509 0.0248235371477478 0.0256982931992579 0.0287476679478196 0.0434949313137892 0.0649951424793231 0.0317998890985263 0.0476447285889935 0.0416455534744163 0.0639203672790096 0.0204133033420192 0.0228574144611762 0.0388780342099469 0.0362479498545152 0.0130332577277588 0.0203406646912346 0.0123420967678763 0.0155769722921952 -4.85991998748172e-05 0.0148391175965989 0.00823315454789682 0.0102872381164451 0.0374453306402214 0.034625978637502 0.02747106281824 0.0333176105226421 0.0185832452723403 0.0201156150876335 0.0297910896780867 0.0432210761843049 0.0190845558110253 0.0237194838446888 0.0262736719656776 0.0196301824118795 0.0224051300083449 0.0245384313425016 0.0183801166502359 0.0231519961445751 0.0136684885279669
0.0585939657766027 0.0571127069615514 0.0395664967796798 0.0330455401094839 0.0138157238486584 0.0047594659890318 0.0464478324608252 0.0396590962879726 0.0254618084197507 0.0227392488443031 0 0.0630361392583602 0.0637972716821682 0.0562297803710029 0.0233803086956296 0.0195460577801709 0.0570760244877353 0.0612497138671415 0.0579091384955282 0.0479715146314044 0.00307033837164336 0.0015275352646979 0.0344194418534377 0.0208663648766565 0.00416364234888808 0.00417282101421559 0.0364756805070653 0.0504181031856942 0.0221563280443257 0.0198388432023904 0.0220483762439576 0.0241341365439321 -0.029480269283795 -0.0234194329197427 0.0151117829045119 0.0137490269931824 0.033189118264375 0.0175911610521128 0.00857881513798844 0.0255791898568792 0.0331036456160897 0.0436411610888992 0.035619859539413 0.0432306458099142 0.0315084302746003 0.0215803982942401 0.0372770693499965 0.0499261762133097 0.0410119312493726 0.0287675243191091 0.0592715506067076 0.0518052145161327 0.0433212838939745 0.0441093874381335 0.0527666797931666 0.0340321698660071 0.0762223012236229 0.0693397455291856 0.00952313871155391 0.0280184596320911 0.0044031612016363 0.00811808395400431 0.0628839501611445 0.0531421271045531 0.0195683167152198 0.0327045874612984 0.0405436972460419 0.0423756474506022 0.0128073585014832 0.0343339646118608 0.0229501538520358 0.0212873026558756 0.065084769327765 0.0590934123030916 0.0561583032473932 0.0531048186636376 0.0270770704632728 0.0204956669972037 0.0292251581333254 0.0374440484591472 0.0265256656119111 0.0330022407166864 0.0139217388145956 0.00639587407860455 0.026903360248114 0.03444136598701 0.0233673326930111 0.0289975098669836 0.0150916009617663
0.0683214608036419 0.0683831497428375 0.048146014837232 0.0481428844329373 0.0147243913338919 0.0118416530367196 0.0561903225992372 0.0617099725696359 0.0283774090426314 0.0378983310077803 0.0630361392583602 0 0.0643553301618079 0.0787120138926851 0.0243103263338278 0.0302984089873823 0.063587771574933 0.0733410392677467 0.0662955387561214 0.057188742227618 0.00263257168020872 0.00025270667792448 0.0396713093920519 0.0301968627820298 0.00700209505796876 0.00756981497846404 0.0408229424584428 0.0580172762804163 0.0256241900374845 0.0253733888403785 0.0334676426763607 0.0384085760461455 -0.0140687759568256 -0.00960781460042021 0.0164019429188407 0.0141750623520433 0.0305105639611083 0.0181608464403396 0.0129969792347423 0.0286596532984108 0.0459724710826274 0.057329137561249 0.0523842843565337 0.0563558947170017 0.0439742358732478 0.0347102873343562 0.0518925605798396 0.0643551602914455 0.0470444208213031 0.033386791675862 0.0670011872947124 0.0636764005597212 0.0571733316537445 0.0590135844109679 0.0660077631056906 0.0584078499677295 0.08274755123974 0.0929315404000332 0.0207324952212389 0.0499829169931749 0.0162786244122121 0.0245175365822129 0.0615497703141041 0.0554748968355732 0.0244540524078454 0.0379833036086353 0.0373197618809923 0.0449913971763362 0.0106951933770198 0.033553827233162 0.0164800179702508 0.0249633450587497 0.0730124969789947 0.0663975959986855 0.0627626176863628 0.0620008487739076 0.0275148024548329 0.0228558578258072 0.0350667401398067 0.0522541380195737 0.0313790825672914 0.0388092806365831 0.0156886520878211 0.00536369876926777 0.0301735295752369 0.0366108896426379 0.0290271193359767 0.0353672524046779 0.0163161261010067
0.0585169800821273 0.0560125499578927 0.0540214030366945 0.0459439096647644 0.0218159030879814 0.0149187555003998 0.0638817307719996 0.0575324138493351 0.0354777419388795 0.0384694820965724 0.0637972716821682 0.0643553301618079 0 0.0709180537089233 0.0358732387893362 0.0372316338852571 0.0496059347304244 0.0537362181497671 0.0605804436536715 0.0449854339519006 0.00157138042924075 0.00383745342201203 0.0468116160137558 0.0285606088957422 0.0135403772868768 0.0116582300745198 0.0310635536517422 0.0433162474772459 0.026620626664168 0.0176762112867058 0.0332655034118945 0.0321224643854094 0.00722192264172994 0.00333650764562128 0.0138624429551848 0.0112010519007356 0.0264735711125011 0.0153573852987591 0.00776136416473253 0.0214264151302033 0.0391460244680999 0.0494420647430346 0.0426189611359715 0.0475668331372475 0.036579569430779 0.0312523146105708 0.0459963973566626 0.0561863942257267 0.0403575607664833 0.029570684796414 0.0574794108244642 0.0517308139634576 0.0543492001634516 0.0495922294937353 0.0769759948160476 0.0595671996293434 0.073716075107196 0.0728760892986324 0.0476422097868143 0.0562213660511484 0.0272734298249846 0.0272310331823353 0.0650157816707304 0.0518075304560287 0.0253539430627452 0.0337598321271209 0.0267208881117968 0.0316375716577014 0.00502454031910675 0.0224589391403941 0.0245193007477614 0.0210799140346781 0.0634732470057692 0.0578996915295561 0.0523278301584689 0.0541343372268441 0.0278316875213574 0.0248037375807018 0.0484193287834171 0.0518593995763133 0.0351254860408501 0.0357798629631053 0.0221975441076949 0.0177948138131124 0.029776189475832 0.0368237750531288 0.0263018842771034 0.0357604733470294 0.0189829962313948
0.0596271248682495 0.0578937542355977 0.0486986878526745 0.0532207668994054 0.020904885069285 0.0166494095432718 0.0588043254525642 0.0706855059253039 0.0324402900111851 0.0507207029092457 0.0562297803710029 0.0787120138926851 0.0709180537089233 0 0.0322691892512785 0.0476270112772197 0.0545814357665353 0.0575480501702145 0.0620370055751016 0.0514828305177567 0.00310538950597617 0.000905248318564623 0.0453068731532269 0.0384149005051782 0.0124525487992797 0.0123196509629274 0.0372630299258312 0.055195968196701 0.02714885195762 0.024118997031838 0.0274868458126854 0.0335372226950527 -0.00322163213203381 -0.00431865445628719 0.0156862456386702 0.0133030300639386 0.0324866301370316 0.0174508694249374 0.00875868860568461 0.0209221520758236 0.0421937867815523 0.0556160947820123 0.0488390322890688 0.0513152095172327 0.0415808525634481 0.0312350546794155 0.043835550127495 0.0550487394871786 0.0451384601237378 0.0310548789865668 0.0584702104512659 0.0505102730103197 0.0463680373414164 0.0486819691903267 0.0674469760539153 0.0762348399150484 0.0756632183704349 0.093245532937039 0.0395736189132802 0.0702004895689436 0.0186896372731337 0.0258886290659215 0.0675054944145708 0.0611909637672801 0.0236293236579277 0.0384956114806575 0.0327790013627402 0.0375438794922277 0.00833446426236692 0.0317962693389984 0.0125377931052065 0.023218361390719 0.0684140207695468 0.0635606502403663 0.0588982538863715 0.0625370828169428 0.0318800498796688 0.0288067944451293 0.0455592938999755 0.0654768772397038 0.0296708572449539 0.0374101016357335 0.0199403836862831 0.0112980394641379 0.0313213242014411 0.0388701051454571 0.0282024604908587 0.0355466055835243 0.017172137306342
0.0256339482398804 0.0263879015020977 0.034794898609492 0.0266216492713851 0.014479384355387 0.00968960843579576 0.0338306411019064 0.0257397473573152 0.0210356936054717 0.0206124979178926 0.0233803086956296 0.0243103263338278 0.0358732387893362 0.0322691892512785 0 0.0261396695992569 0.0233743849834196 0.0265464877141899 0.0314581708145214 0.0196711821117036 0.00357326751599734 0.00381754532458676 0.0345241865487057 0.0214424102314733 0.0166163320699654 0.0135170960783907 0.0134155349792202 0.0193683756523206 0.0214232900188993 0.011687870043333 0.0226865883226458 0.0184992994959148 0.0243948382218034 0.0214342468254719 0.00993801575699347 0.00576161994810741 0.0155138317389036 0.00886760945308723 0.00463971486954789 0.00959498911030588 0.0224774341745903 0.0266298080069062 0.0245112076567078 0.0247726634634522 0.0212780661225656 0.0191034247646945 0.0248697176738961 0.030671983466411 0.0219774372895569 0.0172427775397881 0.0316470711320121 0.0255753254487433 0.0201105443147602 0.021244798438025 0.0307344682169343 0.0265700429786496 0.0338296999973036 0.0297366997380044 0.0508964843724945 0.0339299427551201 0.0229899765061613 0.0183465887389037 0.0337568305120474 0.0276247025208118 0.0146292647975923 0.0177527142775705 0.0116274832674308 0.014074430311054 0.00366793592841656 0.00994656251808333 0.0145598131117096 0.00999425118627848 0.033822988874915 0.0325293946262838 0.026795959072628 0.0290674961913497 0.0216881213421949 0.020461970708747 0.0358209128374385 0.0339211722434491 0.0180612131047968 0.0174849968065375 0.0150739098011884 0.0151485751250898 0.0158919437774313 0.0197104494130331 0.0133502836304836 0.0187589431840698 0.0140323208438889
0.0200877603846922 0.0194713751521561 0.0295856065099368 0.0344946450605712 0.0172539802641549 0.016213768590793 0.031095539847974 0.035664670030726 0.0221838158080478 0.036627870240222 0.0195460577801709 0.0302984089873823 0.0372316338852571 0.0476270112772197 0.0261396695992569 0 0.0166545863783039 0.0162280267237868 0.0233769819525552 0.0177511305361572 0.00261014663398991 0.00233783504895975 0.0323601762733933 0.0299405192999709 0.017824977016812 0.0167155096897253 0.0119216497255031 0.0185175652646763 0.0167524155968577 0.0103616356744489 0.00839241236941802 0.0122423490163638 0.0181282195996445 0.0131848910078695 0.00978695565648134 0.00589312290956907 0.0182180420472511 0.0101445950679989 0.00194893801347695 0.00456110903183489 0.0143606767221314 0.0209636636883649 0.0178241850949378 0.0152833122994605 0.0141952562074916 0.00971291323210373 0.0138623705218874 0.0211349539362533 0.0206214791132532 0.0154269752588628 0.0195438931180553 0.0166870010848168 0.0118414768770827 0.0170813529377041 0.0306606038289438 0.0495012893124853 0.027549258038374 0.0362403871417452 0.054478976613332 0.0573236267206881 0.0139563831784833 0.016216539336659 0.0326035063898278 0.0343842875735698 0.0116728448400914 0.0188153238033983 0.0132892549474574 0.0129826678192914 0.00612747919405998 0.015167333292097 0.00551403124668903 0.0121884194152338 0.0241732637242381 0.0251235303233063 0.02107378713616 0.0289762144075916 0.0248771634190187 0.0278313441531588 0.039401894377102 0.0496611321669976 0.0145601288402975 0.0200550506346895 0.0185177126396496 0.0147838400531014 0.0158538937709771 0.0202533639551747 0.0133076005613957 0.0175880581966564 0.00957040326875899
0.0669837381597948 0.0734070921339979 0.0476473137846137 0.0381858182034961 0.0129697119481199 0.00247519477398101 0.0470967038098555 0.0389135496921638 0.0213323656294035 0.0239570507530024 0.0570760244877353 0.063587771574933 0.0496059347304244 0.0545814357665353 0.0233743849834196 0.0166545863783039 0 0.0915312692751114 0.0694397027743556 0.0603274373632069 0.00813870975098922 0.00501183043450544 0.0412125906460635 0.0268633406649635 0.00894136087554488 0.00820616178170524 0.0462050193121281 0.0642015873080271 0.0343291876781387 0.0303693073424618 0.0373563175014609 0.037681530934618 -0.0138349887718093 -0.00539988951340096 0.0221664504229752 0.0175757431012066 0.0404400231395483 0.0214365154162688 0.0139972984129228 0.0325797811838779 0.0477097106095893 0.058751246816173 0.0562331312752096 0.0613990766952326 0.0460772357386706 0.0318946810667512 0.0457103283932119 0.0589634728471547 0.0502803158633858 0.0352939218304815 0.0843830962400632 0.0718029208462288 0.0415781426620745 0.0468873479330321 0.0368477219688465 0.0261194704617492 0.0821455636056119 0.0733291027751084 0.0223809241674846 0.0304827958968196 0.0147394442368535 0.013730257748412 0.0750900937927578 0.0635362009603969 0.023012083064327 0.0389975933560091 0.0461502543541886 0.0499109270902729 0.0167644216603344 0.0383973490212347 0.0197846183224695 0.0231061793462212 0.0930729044602561 0.0830006229178241 0.078481614883954 0.0693194385087096 0.0355543787525234 0.0276138612520716 0.0350662537040265 0.0454792799978141 0.0245630357633622 0.0325505841690801 0.0136226680578526 0.00318359113884224 0.0340753470040327 0.0373156604390935 0.0269231005384283 0.0303210144102806 0.0234488731857074
0.0759322147799154 0.0966542333679876 0.0565149610869367 0.0457132837594821 0.0156777128734533 0.00421798117361855 0.0583483009628786 0.0466878823295951 0.028058948314546 0.0276236531128313 0.0612497138671415 0.0733410392677467 0.0537362181497671 0.0575480501702145 0.0265464877141899 0.0162280267237868 0.0915312692751114 0 0.0809601545040376 0.0714896963231263 0.00669994090963038 0.00603542305064352 0.0473410661712593 0.0285465977173648 0.0113719611360566 0.0087060558258627 0.0515121302159993 0.0769999063959642 0.0385457715846893 0.0355445967949111 0.0487956207955157 0.048385236784993 -0.0083256717347331 -0.000833774947296478 0.0256599467826989 0.0179335684798153 0.0450770953184519 0.0239000312935279 0.017520930673173 0.0367118210584002 0.0676799536817213 0.0749039827723265 0.0770978154304844 0.0819032585751227 0.0629718400470409 0.0483324560989144 0.067207870823396 0.0826724566458824 0.059504625462321 0.045273450058586 0.101309770961363 0.0966664208769101 0.0566132300694775 0.0655391293755395 0.0424517472939934 0.030562319725326 0.0931631774331775 0.0892446765570894 0.027699229409857 0.030846363774748 0.0240377641406682 0.0197724524920558 0.0840430473792932 0.0692847081132785 0.0262981707844292 0.0426552151915155 0.0491496759782068 0.0578228792968823 0.0133988155678587 0.0463729083749634 0.0295308258379062 0.0257649756459538 0.111751653667622 0.10176397693001 0.0892622052707717 0.0815357145759188 0.0406191016972988 0.0310918226225487 0.0378490252425375 0.0515141781289244 0.0312187838939958 0.0413035008178502 0.0221336916407888 0.01214702248512 0.045361832056805 0.0485222118135471 0.0364945727107003 0.0405718839566857 0.0347625750596946
0.0706780229183909 0.0766817248738214 0.061100684262773 0.051480972716483 0.0177968388946663 0.00631885023488148 0.0658891095090953 0.0522734145152335 0.029653482397184 0.0307414265470374 0.0579091384955282 0.0662955387561214 0.0605804436536715 0.0620370055751016 0.0314581708145214 0.0233769819525552 0.0694397027743556 0.0809601545040376 0 0.0621522348236945 0.00810613749892357 0.00624209687728265 0.0563793243157945 0.0358294832519635 0.0148509139221816 0.0117008195733959 0.0402179371596526 0.0612967452756912 0.03679275843839 0.0317587434095634 0.0456589101129782 0.0415100131618712 0.00501631308044417 0.0131552341350411 0.018522256332508 0.0153807549996975 0.0383159563489151 0.0204606680717974 0.0108921334286225 0.0305191243819446 0.0606327787072232 0.0680363501432422 0.0700768632705098 0.0718799040279327 0.0530467406215401 0.0441674947361852 0.0531131892984657 0.0713717988088957 0.0517909067803945 0.0397896344139797 0.081100817015053 0.0703246989859569 0.0496113263570467 0.0562849878772987 0.0499303044882544 0.0449397058122707 0.0865053117783336 0.0819282761119433 0.0457145189015408 0.0494660773262942 0.0332045709613945 0.0273647492585786 0.0826073145879435 0.066441512707498 0.0292368439629379 0.042457508240716 0.0443539841268179 0.0487225796984825 0.0148185819713347 0.037506820670646 0.0284766431775285 0.0244638745960688 0.0880250153805864 0.0798229089451202 0.0706514200077772 0.071346470504434 0.0401840776563908 0.0340700458864689 0.0493847600765096 0.0580984212324047 0.0298163060934351 0.0400129609654176 0.0273945215775296 0.0224874610765399 0.0391305402267281 0.0478598919300179 0.0334990012025987 0.0417409842156439 0.0301634793630244
0.0540219846884305 0.0644253823487031 0.0416929498175773 0.0386472715482838 0.0115217318941328 0.00320752891336573 0.0447068160856364 0.039901975930399 0.0199137379506941 0.0232899820166175 0.0479715146314044 0.057188742227618 0.0449854339519006 0.0514828305177567 0.0196711821117036 0.0177511305361572 0.0603274373632069 0.0714896963231263 0.0621522348236945 0 0.00569180680197184 0.00128980876170557 0.0385454837161163 0.0283127572371832 0.00726166701726148 0.00588071141546512 0.0365883306650832 0.0535932047341182 0.0268870301672772 0.0249531472988102 0.0284520116392601 0.031950126331569 -0.0163545002990726 -0.00648627551289155 0.0168303760882449 0.0132761648930667 0.0336328007254514 0.0173277960225488 0.0127933296662543 0.0262419493698427 0.0429566173483158 0.0520113270129132 0.0513827623730433 0.0547744366314493 0.0401281485241948 0.0296020210834234 0.0401296515302684 0.0534414285989126 0.0413676866390011 0.0298162480914533 0.0637301018440245 0.059361089636244 0.0361079893609486 0.0442483190586567 0.0336259455902458 0.0328359865222986 0.0676951345920772 0.0678284805288538 0.0209408131735637 0.034160975973892 0.0135999995421968 0.0148104515765082 0.0660977336891221 0.0563332235268565 0.0212447290502872 0.0340035033741079 0.0394068610622909 0.0429467194549003 0.0117034999651612 0.0331606787436006 0.0210474971932374 0.0212143687736943 0.0710693970880487 0.0641191712730053 0.0591464385020169 0.0574889961448811 0.0300771221342969 0.0247068662832372 0.0307510788995545 0.042772427350174 0.0199999815840068 0.0295501234762764 0.0132008942114637 0.00610220345694873 0.0293367190931507 0.0339971601332218 0.0237019562876397 0.0270291334881941 0.0186601780674107
0.00402558183372817 0.00606811205703915 0.00439296865977556 0.00419205731619174 0.00031732078400222 -0.00232626549281123 0.00117537425222227 -0.000449630929990173 -0.000242147976389255 0.00116254985576017 0.00307033837164336 0.00263257168020872 0.00157138042924075 0.00310538950597617 0.00357326751599734 0.00261014663398991 0.00813870975098922 0.00669994090963038 0.00810613749892357 0.00569180680197184 0 0.000588262878923306 0.0063404735711843 0.00500940801531457 0.00338100507122709 0.00328161150409839 0.00618870075601118 0.00677387354678233 0.00516573407867437 0.00586513244747453 0.0004129746724978 0.00133750152797752 -0.00309681124694468 0.00301343518583408 0.00328621743420457 0.00408576867952466 0.00953920599121514 0.00475726327705769 0.00153940365217866 0.00358839310374818 0.005216053759716 0.00664893407110391 0.00661785105410413 0.00646719519157435 0.00501003830528239 4.91339896431355e-05 0.00333612072621375 0.00736799758729975 0.00874240704557669 0.00521174720205187 0.00765143689081706 0.00364122159451043 0.000298432456216454 0.00306695316434544 -0.00628010271813934 -0.00205337725331222 0.00515054331216943 0.00196835170277834 0.00335640375667249 0.00562476803265458 -3.80844960572874e-05 0.000406629189796562 0.0135171323876635 0.0140991757771537 0.00266123064135873 0.00719627858086303 0.01060046026435 0.00976374584467654 0.00769806137497181 0.0102603527068912 -0.00265623152726375 0.00427062111157948 0.0113766548742721 0.011293148658456 0.0113328995883869 0.00915028320269655 0.00963002472828237 0.00801939863052453 0.00736682180438499 0.00838679214384178 0.000538546452657275 0.00385956073954425 0.00219346175399264 0.000607879428723271 0.00399700888606646 0.00446408399406818 0.00225545903689977 0.00235215398395291 0.00300475169028992
0.00626826970571774 0.00645252988074332 0.0071625566185316 0.00481667020157046 0.00129490262092015 0.00277094216816835 0.00773159414078813 0.00292258631616881 0.00338926447458553 -0.000128533259353367 0.0015275352646979 0.00025270667792448 0.00383745342201203 0.000905248318564623 0.00381754532458676 0.00233783504895975 0.00501183043450544 0.00603542305064352 0.00624209687728265 0.00128980876170557 0.000588262878923306 0 0.00710891069748069 0.00371511747183994 0.000932334578754609 0.00274084992555308 0.00189156469426693 6.33408005082361e-05 0.00562990336881421 0.000582770664446937 0.0127041812268216 0.00808459528667352 0.020378131994805 0.0118561873596596 0.000648841243254636 -0.00140470770257617 -0.00513517156230927 -0.00179293393904955 0.00278563328675002 0.000947863183651181 0.0028506676425149 0.00238474575479825 0.000470858473564286 1.31662027745742e-05 0.0015209494793888 0.00473459347768166 0.0015304049554165 -0.00036682682848987 -0.00202204205574035 -0.00121813662344903 0.00796623111439331 0.00876407314586039 0.00248325625519701 -0.00253636100545779 0.00965633419978603 0.000141581724006764 0.00711293155437218 0.002571851501605 0.012971133508677 0.00416139542654957 0.011292901148986 0.00662813840166701 -0.00407152430557312 -0.006199152902279 0.00541785256783345 0.00235119613292147 -0.00259539447391119 -0.00153714832950108 0.00686639652791919 -0.00098302988096999 0.00078660961785436 0.00264274063354356 0.00612496331302762 0.00774860328630655 0.00326618735210696 0.00356859624701735 -7.63369481546048e-05 0.000230384610797533 0.00731071262762559 0.00245703344589347 0.00516426820991497 0.000208733615382334 0.00214395640936993 0.00421583262676053 0.00151904550376168 -0.00029148394589032 0.00144009921960742 0.00326318725978945 0.00202813237808723
0.043545431750114 0.0462693381230389 0.0558485245192217 0.0462245876360317 0.0194131701426992 0.010099451046036 0.056076412661338 0.0394361151484882 0.029083404172116 0.025304214291879 0.0344194418534377 0.0396713093920519 0.0468116160137558 0.0453068731532269 0.0345241865487057 0.0323601762733933 0.0412125906460635 0.0473410661712593 0.0563793243157945 0.0385454837161163 0.0063404735711843 0.00710891069748069 0 0.0397109545055841 0.0227973608684828 0.0192373658844804 0.024309593444116 0.0364469583369968 0.0376994945998927 0.0247736453069281 0.039816686374557 0.0319129191203313 0.0368662573126661 0.0352309582788595 0.0159907909724059 0.00904853215091933 0.0255671197682801 0.0140240143536685 0.00700638344748547 0.0173332729331183 0.0403135305186725 0.045928797421535 0.0487783985542969 0.0460124475986036 0.0344251893241111 0.0311502446552422 0.0358548886137602 0.0479082164806535 0.0342187993663749 0.0277526956070682 0.0514658645363962 0.04431138444021 0.0261129074502834 0.0346571189371701 0.0401810352938906 0.0388159693844341 0.059625252349202 0.0557869176539712 0.0814382530007531 0.0529146736798937 0.0389766915408547 0.0307568824875873 0.0534357231155612 0.0413782841785233 0.0245175764478061 0.0317950526382232 0.0251166670283126 0.0285511155261031 0.0157130966903909 0.018795625304956 0.0219770916944549 0.0152648130075725 0.0580091352915981 0.0552227642718094 0.0456919441032061 0.049719449628511 0.0336676380805692 0.0327259418727627 0.0530273463825002 0.0546316568140954 0.023761893022448 0.0282810173189505 0.0223772788620421 0.024056073849586 0.0263245163109475 0.033124285699294 0.023727384829474 0.031238436967624 0.0240145352539127
