0 0.629887780913593 0.738534678546082 0.616378700973173 0.741949734762848 0.591213980066545 0.569402311229535 0.891941905735999 0.612308484367752 0.671673728027719 0.484710462002995 0.685992452267433 0.444394773558008 0.575066139330946 0.528454765133151 0.623613722383711 0.596156062456329 0.571558821184848
0.629887780913593 0 0.624692128067083 0.62579292398466 0.619393616501715 0.79808979298 0.404328039471944 0.644149558719397 0.59991265679609 0.552969181929418 0.609375307110661 0.326263177161526 0.182541468716793 0.405531615880242 0.578849442914852 0.228060865144192 0.414492663622839 0.294605870112202
0.738534678546082 0.624692128067083 0 0.766232317650839 0.753101211038933 0.479597657114811 0.397985907523068 0.849213098241702 0.806494558845335 0.783001155333768 0.4941301433313 0.682768337765382 0.302406908418924 0.451063318210014 0.545788297553342 0.563022917429944 0.530463390555144 0.476354147077085
0.616378700973173 0.62579292398466 0.766232317650839 0 0.692175461375024 0.519537936447017 0.379892221598697 0.623468863101639 0.833849979138042 0.811148494505775 0.474414573207311 0.505213828513358 0.182140108901327 0.343526166572029 0.408093615443635 0.397285554537774 0.547188228277214 0.303209709729063
0.741949734762848 0.619393616501715 0.753101211038933 0.692175461375024 0 0.503387466802754 0.658110867683432 0.678126209689788 0.678375181180475 0.805169457820022 0.483588102131996 0.59952082595855 0.303100759682834 0.425701738195493 0.394499609185699 0.470087318516773 0.437009825225201 0.446481033166476
0.591213980066545 0.79808979298 0.479597657114811 0.519537936447017 0.503387466802754 0 0.386674973115647 0.590268309561178 0.48503609167574 0.437529757993559 0.688145029171657 0.395707499178575 0.360657728434504 0.378583865389917 0.648385213023042 0.357783685800214 0.418884468287231 0.380593999631112
0.569402311229535 0.404328039471944 0.397985907523068 0.379892221598697 0.658110867683432 0.386674973115647 0 0.486322722929478 0.387718653835608 0.553409953643626 0.305645492115193 0.480308604654076 0.431641464355246 0.450515383989668 0.386605702254292 0.404169862457711 0.514960400100706 0.501213914007468
0.891941905735999 0.644149558719397 0.849213098241702 0.623468863101639 0.678126209689788 0.590268309561178 0.486322722929478 0 0.705340602897739 0.67979328294615 0.418424365813302 0.626272241207257 0.421321442217624 0.516586889120602 0.646296939547773 0.520708760092677 0.591613714586692 0.504864850276459
0.612308484367752 0.59991265679609 0.806494558845335 0.833849979138042 0.678375181180475 0.48503609167574 0.387718653835608 0.705340602897739 0 0.855826770677251 0.441039459105104 0.56511880705539 0.330501147164193 0.415312650021015 0.454896787415897 0.410661561567475 0.512550186147436 0.39856109564744
0.671673728027719 0.552969181929418 0.783001155333768 0.811148494505775 0.805169457820022 0.437529757993559 0.553409953643626 0.67979328294615 0.855826770677251 0 0.542149714926843 0.654854461849365 0.449110540261101 0.52621496341414 0.527596113314878 0.550574741741011 0.610582612151468 0.527869666123466
0.484710462002995 0.609375307110661 0.4941301433313 0.474414573207311 0.483588102131996 0.688145029171657 0.305645492115193 0.418424365813302 0.441039459105104 0.542149714926843 0 0.474739554538425 0.353669928419865 0.514676387656798 0.674006554408498 0.546752358702768 0.517854134569269 0.470835677980703
0.685992452267433 0.326263177161526 0.682768337765382 0.505213828513358 0.59952082595855 0.395707499178575 0.480308604654076 0.626272241207257 0.56511880705539 0.654854461849365 0.474739554538425 0 0.396548064330806 0.633404035484152 0.594840873858607 0.739865383551849 0.60240135836476 0.68967348128959
0.444394773558008 0.182541468716793 0.302406908418924 0.182140108901327 0.303100759682834 0.360657728434504 0.431641464355246 0.421321442217624 0.330501147164193 0.449110540261101 0.353669928419865 0.396548064330806 0 0.438129368165121 0.488541103083388 0.517459488816891 0.400066117226781 0.406991310518706
0.575066139330946 0.405531615880242 0.451063318210014 0.343526166572029 0.425701738195493 0.378583865389917 0.450515383989668 0.516586889120602 0.415312650021015 0.52621496341414 0.514676387656798 0.633404035484152 0.438129368165121 0 0.654309147836246 0.739673769830793 0.569402899239731 0.780772928195628
0.528454765133151 0.578849442914852 0.545788297553342 0.408093615443635 0.394499609185699 0.648385213023042 0.386605702254292 0.646296939547773 0.454896787415897 0.527596113314878 0.674006554408498 0.594840873858607 0.488541103083388 0.654309147836246 0 0.660074475574137 0.653864118248213 0.621250200634646
0.623613722383711 0.228060865144192 0.563022917429944 0.397285554537774 0.470087318516773 0.357783685800214 0.404169862457711 0.520708760092677 0.410661561567475 0.550574741741011 0.546752358702768 0.739865383551849 0.517459488816891 0.739673769830793 0.660074475574137 0 0.548824324493107 0.747477258011178
0.596156062456329 0.414492663622839 0.530463390555144 0.547188228277214 0.437009825225201 0.418884468287231 0.514960400100706 0.591613714586692 0.512550186147436 0.610582612151468 0.517854134569269 0.60240135836476 0.400066117226781 0.569402899239731 0.653864118248213 0.548824324493107 0 0.472603815001027
0.571558821184848 0.294605870112202 0.476354147077085 0.303209709729063 0.446481033166476 0.380593999631112 0.501213914007468 0.504864850276459 0.39856109564744 0.527869666123466 0.470835677980703 0.68967348128959 0.406991310518706 0.780772928195628 0.621250200634646 0.747477258011178 0.472603815001027 0
