0 0.357113288072186 0.359642388251546 0.329681446386524 0.236058776296312 0.153734292413695 0.404529956177059 0.3617123214844 0.287713118207627 0.242911857836469 0.369516748267221 0.354943171034658 0.415636693583931 0.365361288726996 0.293316881551053 0.292098666696451 0.367756470762992 0.354772055030831 0.34920611409191 0.313326421057549 0.173627151508676 0.0946439857688505 0.379812580211474 0.308094180083395 0.17808267463561 0.110456785686421 0.354367838616163 0.349315955613031 0.284365560364706 0.316521043285989 0.32659943292109 0.316346847710436 0.0805062935421715 0.015072023943891 0.168417931923735 0.149864069928455 0.0995990257865515 0.130633279597284 0.204814801185574 0.164787693699553 0.247882568375759 0.236017570134042 0.248326517949873 0.254197801884366 0.235000134452472 0.230767059259727 0.329475175008941 0.283952070985472 0.243984668181705 0.236287378278467 0.409441004855036 0.334564171596039 0.350770956231451 0.260969850347664 0.420923213302135 0.352132811151069 0.377591572951396 0.359262980144511 0.315744967927146 0.305543928621238 0.269504953096604 0.218279966370505 0.350601715996294 0.288102563437864 0.374668930117209 0.308516155445459 0.30499891302844 0.273739934046409 0.106271583056568 0.204648491470242 0.233553907890373 0.23184394705121 0.415695305927301 0.323033266787117 0.430682878811976 0.349501109178467 0.21785840183294 0.235954666637916 0.363633561514408 0.288293520054779 0.1818853477294 0.197102219647084 0.283125431078507 0.244294070300469 0.200896650860353 0.221899509291394 0.260655303871552 0.248826423003433 0.165535139838947
0.357113288072186 0 0.276579668573177 0.261064219342962 0.129902560675322 0.128177307706166 0.298488710616106 0.296130434683492 0.175458042417732 0.183384962221002 0.313107349463324 0.307532650458781 0.284587003561816 0.293619192900969 0.186909089990356 0.21585907210172 0.356736019533825 0.395764202708768 0.322082837467264 0.308250865531538 0.185696144499168 0.079861507998393 0.261325838632665 0.231872603822334 0.147653648521418 0.112824589162013 0.301060304509405 0.348318689959501 0.231522435383099 0.262163032124993 0.263907141465557 0.280994847375858 0.0329790930536405 -0.00686636893988082 0.161984965179104 0.1333717423446 0.100697765994415 0.108228023015385 0.157831967933644 0.157466520212053 0.206263833609743 0.189048995700137 0.233434788160427 0.241486448790918 0.196659634604493 0.19654601007266 0.314615916788736 0.278385560417214 0.217182142345861 0.18834669333349 0.404922442204943 0.34100067917091 0.314717451622157 0.234986883537772 0.321769121749154 0.287185885553179 0.340806646510292 0.303083521476554 0.174786928568107 0.180256721904967 0.193659758667135 0.151568834192667 0.314567751468262 0.228135884329685 0.303221973254021 0.247621252908712 0.254521092480976 0.283008883755787 0.111653111406083 0.214996930311451 0.210934743799245 0.226876923706812 0.398954452676255 0.33012584502591 0.375874063561557 0.323429350582321 0.171319715756191 0.199719550773282 0.278407614078153 0.216733485551787 0.122230428815432 0.176353657587731 0.250805929403988 0.211884590064284 0.164745086336723 0.207405832946229 0.256659359076152 0.229012266335084 0.167908773265227
0.359642388251546 0.276579668573177 0 0.350575005280299 0.277825715390795 0.100148680947908 0.423207172818787 0.364327749735832 0.312429404399088 0.198554597842121 0.287176713766493 0.293247453116132 0.372375777065819 0.326263657139105 0.293112842167614 0.286889867311151 0.283409711592034 0.262680776880703 0.289359942694047 0.24478453218183 0.177378543458849 0.0375194097734225 0.400298500039676 0.318052399923353 0.180185110050719 0.118000172164842 0.300163102997159 0.296731035162665 0.292732462596969 0.340358769788265 0.32162890952099 0.286323814996578 0.213818458739352 0.177117860388601 0.200514856317449 0.193857203816648 0.104484889990387 0.135388846243842 0.239124738799567 0.183127671887981 0.242665933193744 0.211998418006354 0.200679041889807 0.21955587353355 0.207972210347569 0.167853479429371 0.252199928257895 0.236920861359788 0.231784451469824 0.2078923176074 0.288077600878996 0.248874469372427 0.289863530528844 0.1971851802463 0.38913566442452 0.313774472966451 0.271293999254751 0.279953032794937 0.404448318124273 0.343532421164581 0.359298472268076 0.267235953971212 0.246851891066935 0.227180611289151 0.353892161479915 0.296616630435389 0.236325215814785 0.22323713617282 0.0807327525488177 0.149620380007984 0.272952040197734 0.240391802339754 0.320749322278763 0.277687860515855 0.33587496584208 0.305111631056671 0.172013623520442 0.252361690874482 0.350892947450339 0.304784072899203 0.186382694167729 0.214418764760509 0.290580312104822 0.250083082788831 0.20441237632545 0.210170864656593 0.218247765270586 0.202129177250899 0.108400699893157
0.329681446386524 0.261064219342962 0.350575005280299 0 0.219840067392265 0.152952305705569 0.382654077628018 0.375117328412589 0.286432427326006 0.242867798417277 0.260650831056135 0.317081375474606 0.331102332939859 0.343184018605135 0.232561477552515 0.278935242206636 0.273261119263958 0.283688623993284 0.29519610218834 0.236470032098521 0.145823982903305 0.046933744267751 0.322446224571971 0.31437371190537 0.146820675096224 0.109381644084191 0.286122410098873 0.294039164901909 0.235705657249749 0.32270019836438 0.287627031354047 0.286020222334884 0.132701731275414 0.116326941976635 0.176799137200942 0.150265945958855 0.0794548599104977 0.138629412941706 0.176831503812352 0.127328266766801 0.189803253935218 0.165082699747453 0.179970720586971 0.204697719521311 0.172158531569345 0.158808623008388 0.246367835164526 0.224895776604938 0.191952537834061 0.18763543564206 0.298297056503444 0.262656451999685 0.275088482688347 0.185557965159967 0.352503188825122 0.342216037860175 0.249346497291063 0.287346893920345 0.322847823238873 0.363479337088544 0.277072937779487 0.238538459832227 0.261455049915227 0.24261303074753 0.318452415071393 0.263859372777688 0.231612018373651 0.229975013812098 0.0900685604503865 0.176591704180204 0.232229387549806 0.228213506774108 0.348653286622535 0.262786496572688 0.345425125146595 0.278858437728051 0.139168894943418 0.208015849207836 0.298648262101538 0.295690430157153 0.162096642444538 0.176856138677658 0.28403742962422 0.213635425150223 0.152030868606032 0.184174805089318 0.225664326841748 0.171760447184209 0.10859666055567
0.236058776296312 0.129902560675322 0.277825715390795 0.219840067392265 0 0.102356591640144 0.289671139952894 0.226742048239357 0.297794284271575 0.200804792535599 0.172284303902456 0.206279306662146 0.280916726750077 0.239818111475027 0.262348393921088 0.255200449731812 0.157429202275933 0.137530492860488 0.177494445020773 0.134134991573244 0.0995191085447638 -0.00930903270669792 0.316053246574431 0.245747193027981 0.131988435113673 0.0514236754435828 0.179515734137157 0.163121350125508 0.17969663491503 0.235171025593712 0.206759814698278 0.182400607035457 0.181806678068202 0.136565992482771 0.127321540309469 0.1241257412712 0.0507095915816667 0.0693748495461375 0.180293735300864 0.144003086491022 0.174382271460507 0.153186202439709 0.130603500892263 0.133269860191922 0.150999129814673 0.136921132010412 0.137906256547574 0.14401433701175 0.151599818178503 0.168140689176569 0.145355912164103 0.118743770802758 0.157106101798414 0.105576688202277 0.237177791430981 0.225583005172578 0.133823381880017 0.188375328614296 0.349833864675544 0.323956850074635 0.252182171357783 0.176651917119263 0.146771588197629 0.130396974607875 0.212287522169984 0.190646849939965 0.122680102488089 0.104186567575016 0.0418389834854077 0.0810094683192008 0.215272301984965 0.145282529884874 0.188049685271583 0.152849381395863 0.198410326037238 0.178948901797665 0.124959708482863 0.18568336007298 0.24015133161907 0.241658236687454 0.160035919402462 0.162236807977249 0.204305621847496 0.193651601575964 0.131345538887537 0.139152559511313 0.118908359851687 0.122968422398509 0.034663127084984
0.153734292413695 0.128177307706166 0.100148680947908 0.152952305705569 0.102356591640144 0 0.135134487269278 0.142711953601039 0.11949508016123 0.206688279260963 0.15487633933916 0.169410777193625 0.153324966002868 0.142322236363021 0.106136459982494 0.165775725437207 0.138411256078349 0.147074558382813 0.165790921977968 0.115126049808658 0.000926910543449362 0.0898376410179218 0.151980572406143 0.139351852802671 0.112304087631002 0.145533901533743 0.140229195185425 0.160649358872186 0.0948750251655743 0.0993350859030041 0.0890043959059961 0.134296491154195 -0.0535626173961384 -0.0553007392711909 0.0513298791381655 0.0025765841799737 0.0354045519860461 0.0384635383153366 0.00656217156130138 -0.0294263283812416 0.0436503011415845 0.0732690546986668 0.0799671155335836 0.0991163514484142 0.0518679882859074 0.0579883270596969 0.124555146674053 0.0800251832900686 0.0719007281763617 0.0596600390921842 0.160149334274966 0.131655770587486 0.114898499271279 0.058425128900811 0.146362750215189 0.149488554758557 0.132364962605652 0.142727389090393 0.107373459369022 0.157121159531375 0.0698521626408536 0.0210502289029846 0.157003070279349 0.110188970681048 0.101713960220785 0.0806221692939544 0.148503257914647 0.156406018799823 0.0970109326922949 0.118434173386663 0.0269010452374352 0.0900238593998329 0.203617288819452 0.147704198073813 0.204740704234086 0.150171984672412 0.0840041212201665 0.10394453585864 0.166674905351296 0.118184345823572 0.0657095225562584 0.0712158866646238 0.0917169635550134 0.100607847394109 0.049322119833497 0.0666602206777559 0.0689667037589209 0.103160408196764 0.094214793331315
0.404529956177059 0.298488710616106 0.423207172818787 0.382654077628018 0.289671139952894 0.135134487269278 0 0.419254463559989 0.378779687191602 0.260375882703715 0.331587897456659 0.351262610852086 0.422149395112559 0.37932042416329 0.316079728348346 0.32037295956515 0.322007615822076 0.316261053093711 0.350555460939873 0.274104587278617 0.184656829773778 0.0205944654433054 0.425092688678979 0.350365964228451 0.164707728138664 0.105683660983498 0.338843824851814 0.343401272011125 0.295986956330764 0.358554352120989 0.343213346717203 0.328512179178769 0.216533992890941 0.142848091605716 0.197079853281583 0.190545552487438 0.0880837693060378 0.135262420304273 0.24551548323738 0.165769811349711 0.27470148915217 0.235137421498217 0.227006017054664 0.253242940269106 0.241791646267921 0.216946504902509 0.292395740654065 0.254915766847137 0.227661256296258 0.234939212412077 0.318958280094775 0.272283917073086 0.314516870829405 0.208401377277345 0.424666529783112 0.383862011946511 0.325442024598129 0.329054997376183 0.441219313360669 0.413134230775846 0.348018722337062 0.299267287777836 0.275130485220583 0.258363102449926 0.366801018251388 0.312905870425092 0.262564267954388 0.240601817157852 0.103034649050106 0.180756994707096 0.304649366355314 0.260764661649873 0.36329906176201 0.298500808033702 0.382440182548438 0.328397802449239 0.180247194806442 0.258868184608136 0.382127372340546 0.335435272716803 0.194440796917028 0.213778319909923 0.307075539248785 0.284350436780574 0.195778130979683 0.224090150198451 0.256030125637338 0.222347433664348 0.128148908255808
0.3617123214844 0.296130434683492 0.364327749735832 0.375117328412589 0.226742048239357 0.142711953601039 0.419254463559989 0 0.289023944351919 0.257144827804048 0.315685028285196 0.385120640718677 0.348278609340835 0.392319988184672 0.224214265954278 0.298310419056159 0.296214580720095 0.320255949126168 0.316042603036081 0.269456408170703 0.175809585307839 0.0459679528049976 0.338656131508023 0.325845379194187 0.133160216792317 0.0809062356528776 0.315602001964134 0.349597172616339 0.272079413905157 0.34036350970191 0.340285869742347 0.336322223472734 0.157338413033877 0.101697479583513 0.194860989836566 0.167454675001955 0.0672571165476686 0.144754795318383 0.19705522530878 0.152291213881255 0.233507945872237 0.20355654201763 0.230834400414579 0.247458211862094 0.224355258200773 0.185884483874002 0.276239818407497 0.261591608284477 0.227512578848358 0.202566453348817 0.316516453343058 0.268249352299674 0.316779976060214 0.205930113139427 0.398803026771579 0.427251685727837 0.322272664065752 0.35983418409564 0.306695152551089 0.360190456717106 0.303809990066223 0.302162564612551 0.271841211760721 0.243504524414802 0.352240751713733 0.290707480699886 0.244143868131189 0.255712142277836 0.0612348579546189 0.20974885704985 0.2673485046432 0.245075719913392 0.374260362741447 0.275092150377017 0.365119663307172 0.313774397708183 0.129636003118147 0.21583870361924 0.309299803474461 0.293874205764634 0.152438200244111 0.199078182707817 0.294421467715977 0.225251153798642 0.172598334763804 0.201071371585015 0.267450596728327 0.195446121505494 0.11667865218528
0.287713118207627 0.175458042417732 0.312429404399088 0.286432427326006 0.297794284271575 0.11949508016123 0.378779687191602 0.289023944351919 0 0.253528027428883 0.237948568736969 0.243232931825738 0.330706609980623 0.279143074115193 0.297640974605746 0.268681856037289 0.189733598140584 0.188489822357959 0.237406209187932 0.157388544535507 0.0784136799633647 -0.0234479134984932 0.327292621333609 0.274069668142815 0.138965079298013 0.0594604377464806 0.232209789613219 0.234147603993087 0.208836827371998 0.234266243597389 0.234955023277924 0.191671755213994 0.19948053419868 0.137144967744225 0.18639742676724 0.154393656570601 0.0524225625803835 0.101828816229578 0.199528308826431 0.0870581404437581 0.190709519922213 0.173210617842781 0.121392453309087 0.167674058819433 0.167366001231005 0.172406254597566 0.186984231756152 0.168669115984709 0.170341915031091 0.179676343158286 0.210249042275399 0.185375904959965 0.232505383937517 0.160395206395184 0.340275417314417 0.286510666811796 0.206103637840337 0.222664904952035 0.404531642324025 0.347527041561982 0.267168178012727 0.217795028387157 0.172035519632629 0.191861774063368 0.260645583048868 0.226052239340883 0.172150436702678 0.15499521905084 0.0946522389093561 0.138216020611872 0.209666285840074 0.135622871740678 0.248176139154633 0.177295382007476 0.248774079332057 0.224204940174091 0.137613509386477 0.188084659394354 0.291765546051592 0.237551380128022 0.153301157697813 0.162931772359648 0.234115133429381 0.230955356871846 0.172403453214225 0.166836183467124 0.176061507344564 0.157625115273621 0.0870863661706215
0.242911857836469 0.183384962221002 0.198554597842121 0.242867798417277 0.200804792535599 0.206688279260963 0.260375882703715 0.257144827804048 0.253528027428883 0 0.200970352373168 0.238541087707049 0.231817122646202 0.252686031576964 0.199546945185925 0.279163653835659 0.196742010880969 0.190114667411902 0.211230030140584 0.159631512458805 0.0810877199198137 0.0504971899736682 0.228140956304307 0.223274656963898 0.12975930466639 0.131825487207626 0.199374539794354 0.207593722408998 0.129412956441673 0.185982798326426 0.175403543194876 0.174237499196036 0.0579674118292937 0.0438865924107674 0.102771448724852 0.0914656027115949 0.0458484432930894 0.0913671142023392 0.0935418730415609 0.018670800260809 0.148464522547404 0.162270812762501 0.141640705260632 0.156624612849527 0.1453081423896 0.134956470306147 0.176711358540682 0.158568846249917 0.145709448186681 0.146609880507384 0.213618413732376 0.164631512693664 0.178370712649727 0.0975334741524378 0.233939539713854 0.275566393801359 0.15336198876983 0.174156530111763 0.247444652807115 0.300640501586781 0.164002549573295 0.139654403402047 0.183588693243267 0.16437412238778 0.196669899462611 0.131176267609899 0.169285464074333 0.164033099058855 0.0941630435067944 0.141778426793779 0.106470810604901 0.152531532486188 0.276672773728083 0.155555396281398 0.246861237027353 0.209025674678179 0.103509723449301 0.154029785138461 0.20999193052686 0.197579489784063 0.135149975576616 0.149540013848015 0.196205543094308 0.172410718185326 0.109217842540258 0.133334157474858 0.118029177019346 0.115035768901561 0.0991373629732876
0.369516748267221 0.313107349463324 0.287176713766493 0.260650831056135 0.172284303902456 0.15487633933916 0.331587897456659 0.315685028285196 0.237948568736969 0.200970352373168 0 0.35209766105175 0.387389934792011 0.321418595372573 0.231126209644367 0.224527569209843 0.351132915356846 0.320428046448276 0.31238409656426 0.296892444241968 0.15653607185265 0.107514602065194 0.279452474397783 0.225922175574985 0.122417560338144 0.0788803284630588 0.353897238747163 0.347269972726798 0.238445691244609 0.277938794378309 0.278506965872374 0.306827586737818 0.0579653971150743 -0.0130487773129608 0.155707126682242 0.153519872155308 0.0953784208733302 0.106284121299507 0.201950735574982 0.102181544429321 0.210425346769612 0.211668982173884 0.18918645380078 0.234410279137145 0.207893794423937 0.191125355698982 0.274940413615398 0.230615973351657 0.223443918259112 0.184612688515971 0.317503046996767 0.283944723649597 0.326159021899823 0.219746030271898 0.415504285086081 0.32804195257159 0.377261296114496 0.339899026925932 0.15432826343317 0.192133816051787 0.212673725252564 0.190430242436527 0.268401498748369 0.204360545194973 0.327998528339189 0.248560240229372 0.289358803019847 0.276985005813899 0.11012046885678 0.181757416444324 0.222054720077305 0.23789540527472 0.381559566046189 0.294417214836648 0.378207571574803 0.29795363679113 0.149075301628998 0.160611166849336 0.262969327937252 0.211676764668877 0.143065490804794 0.175688533083239 0.230576290849841 0.182573708589784 0.200763236898869 0.223157546637072 0.235840782232348 0.226183929481154 0.167212738896582
0.354943171034658 0.307532650458781 0.293247453116132 0.317081375474606 0.206279306662146 0.169410777193625 0.351262610852086 0.385120640718677 0.243232931825738 0.238541087707049 0.35209766105175 0 0.34760386081874 0.44592906985841 0.199677087346552 0.27600271462774 0.34744965410485 0.375983651686906 0.33463659527189 0.304041289940112 0.224339133555582 0.0673740568376208 0.301503564756286 0.251899026922597 0.0712226267831751 0.0391498831424159 0.334238220284888 0.411849965172458 0.255647474248085 0.321519658498511 0.306235527568188 0.337350361094971 0.0905155775076853 0.066646958004471 0.156286996969322 0.155570276841421 0.0623542122135151 0.106987580097914 0.185535989036936 0.178206698531169 0.224680006986838 0.176616555613319 0.216698278427632 0.237762104944627 0.227821414116644 0.19151167973628 0.240871625046935 0.24313379245163 0.206908808310118 0.177564538335865 0.311013909309087 0.271753426151987 0.311090803326127 0.215513423630281 0.402070212361682 0.461108464870897 0.347114979061573 0.413808636367059 0.200915135536759 0.26631280834122 0.243103612216968 0.237789683296755 0.277547760072144 0.193870600925908 0.322562102735981 0.271276213530003 0.236091436598786 0.291815367185259 0.0267511149333084 0.211004130301675 0.287410507866116 0.270961577027942 0.388029567344811 0.300909116250447 0.362868138098903 0.325658406700342 0.108556062645999 0.170158884936186 0.271726745486936 0.268763921717727 0.129293206328638 0.199342132469841 0.269240896190745 0.18526442380068 0.160951104455781 0.218941160542826 0.278993163378502 0.217846519286955 0.114821684958426
0.415636693583931 0.284587003561816 0.372375777065819 0.331102332939859 0.280916726750077 0.153324966002868 0.422149395112559 0.348278609340835 0.330706609980623 0.231817122646202 0.387389934792011 0.34760386081874 0 0.378540544824163 0.352641231391942 0.314628919916926 0.327969283310924 0.280081532453082 0.342121767809536 0.296892801552716 0.157218496733046 0.0583886666757372 0.421889175422512 0.31427232663469 0.178980658900073 0.0898043480110375 0.363759123386886 0.306047514520493 0.314461356260376 0.321130962571601 0.330980271894253 0.308302761975555 0.130495329341757 0.0426136303468015 0.195260943684572 0.170812333244557 0.115619460331305 0.102767201964345 0.268184536738858 0.186258745794826 0.275488070173473 0.260798151815657 0.215846618113199 0.241050432965856 0.242730724381367 0.228937101765436 0.299955717767672 0.247862530754644 0.247257444643959 0.247440915080538 0.31967754520249 0.253343812075492 0.296169778765469 0.219051229360565 0.413427069906364 0.317967678248365 0.330795055329865 0.331771432340351 0.342311735309627 0.326360371865381 0.322570667830203 0.241980379399381 0.269492187734022 0.213964016507709 0.386643100930185 0.293484452294222 0.292896495955819 0.242793727491296 0.0890802149331928 0.150507852707761 0.280809014330304 0.249069247993755 0.363082705439451 0.276572240644164 0.382004458701829 0.315446430090168 0.220065511181475 0.234873858091596 0.350769222155967 0.300640491264795 0.203334862484285 0.218007462421316 0.27187786612403 0.255825418072965 0.234760978292139 0.215074536434724 0.214313497461503 0.233096880157142 0.145345956781547
0.365361288726996 0.293619192900969 0.326263657139105 0.343184018605135 0.239818111475027 0.142322236363021 0.37932042416329 0.392319988184672 0.279143074115193 0.252686031576964 0.321418595372573 0.44592906985841 0.378540544824163 0 0.245022155079111 0.348439055599237 0.301328645319365 0.309004158404967 0.31055803090674 0.269299344317338 0.21740622042072 0.0422025372864911 0.341970302046803 0.32817182959649 0.136376500063322 0.0630108197413651 0.330817759995256 0.378261134149992 0.307375466912267 0.343324448875865 0.331497542368057 0.333297593569823 0.196295581163865 0.183587434100379 0.207392603501878 0.221239742070603 0.0697775684483892 0.142783171555906 0.223902417026653 0.208744863676188 0.253727158558784 0.190125745256166 0.19125956904262 0.210443856270929 0.229377454788548 0.166117931174595 0.25418647063918 0.247746465684656 0.216288238645566 0.212501942356391 0.30252917918969 0.267197089955397 0.288581873996848 0.207606652736399 0.391176809676059 0.427104218038946 0.303265123852823 0.369936284104093 0.265855395866969 0.366991358515463 0.2777729473609 0.251107282472105 0.239954058358092 0.192328068427696 0.349666182235603 0.287228012147928 0.210759520726236 0.263099622862156 0.0314609811085148 0.219499338622035 0.309576962979709 0.290542615340802 0.368346881684013 0.278144558256332 0.365196134713786 0.333957549851151 0.120095099521951 0.244106065171612 0.296638831967643 0.317625536813225 0.179465497936137 0.228125398804725 0.297320971384628 0.204432104789197 0.152023658603233 0.203148389294983 0.283546333509027 0.184354083882508 0.0702156275296183
0.293316881551053 0.186909089990356 0.293112842167614 0.232561477552515 0.262348393921088 0.106136459982494 0.316079728348346 0.224214265954278 0.297640974605746 0.199546945185925 0.231126209644367 0.199677087346552 0.352641231391942 0.245022155079111 0 0.297666257927444 0.199650452895966 0.189075145157034 0.232509422072138 0.175133940437685 0.114399209931999 0.010903281772116 0.377555265485498 0.286637847941701 0.179366403493993 0.111266326836935 0.230607035911508 0.207156382545185 0.240969994824693 0.247947588714972 0.210154652686702 0.181821689853461 0.128670699588906 0.0536860606145939 0.139638352911983 0.125336983868165 0.101387139309531 0.0759854904925365 0.228322634353022 0.144129099991853 0.221126116929753 0.203642521091363 0.148922114491272 0.152182931872831 0.186025376547142 0.176592041764933 0.200663825477943 0.161702393887135 0.187072773511004 0.196040659809644 0.215798217790238 0.176016148650714 0.174930464569383 0.122253051006789 0.255062698913664 0.188765186420874 0.188604755416514 0.198136287633303 0.397777383008507 0.304640728312127 0.216247698172607 0.141676625069913 0.182992688511345 0.154243664194926 0.236988657542202 0.215930774300344 0.210278987686879 0.157084325038172 0.0993050593521774 0.090556101662928 0.191915857693739 0.151292475955719 0.247939106713071 0.19912544074743 0.248750190124494 0.22619014307174 0.20822391519747 0.21664343880818 0.307655495418641 0.254857714337658 0.175950344914912 0.183054971245366 0.199768257849233 0.206037893627971 0.192109789965317 0.174575907365378 0.122684320964545 0.164451880000261 0.117067915082269
0.292098666696451 0.21585907210172 0.286889867311151 0.278935242206636 0.255200449731812 0.165775725437207 0.32037295956515 0.298310419056159 0.268681856037289 0.279163653835659 0.224527569209843 0.27600271462774 0.314628919916926 0.348439055599237 0.297666257927444 0 0.207415678869105 0.205908001273867 0.229839191553851 0.179661349669939 0.179793993068924 0.0551216422739518 0.344711875272212 0.360011906308761 0.202702930994715 0.125186092695388 0.225897394030664 0.247995537178603 0.25595238778106 0.282891220507164 0.247631059075589 0.228549172722311 0.266009105539156 0.200523604042152 0.205859173515617 0.196988397140544 0.0770483431306531 0.152090231010601 0.189422927015797 0.15273769849975 0.219045099595619 0.151772528904113 0.135741317580051 0.145651855020744 0.161415532223226 0.13598475260419 0.213051958514965 0.190385855900483 0.187613225308511 0.17400048585761 0.240004185846327 0.189241992552922 0.203403407823517 0.127946612130284 0.292142715272961 0.273340924998425 0.153472319112462 0.17823599252299 0.376224028612302 0.412855788292281 0.245173263788693 0.199355201201386 0.192473591561908 0.158259612492608 0.281278490732509 0.213887660552723 0.162353638211706 0.193483700018786 0.0465842973164543 0.126825924137539 0.209992432050026 0.198132642536859 0.284528189151948 0.195830288855674 0.27492901132282 0.243175908377925 0.141523748783875 0.271736984363321 0.300160411328981 0.315661049746016 0.164360161439693 0.184147840377319 0.271848207900004 0.198201095479645 0.109335070044607 0.158531834263838 0.178037986526398 0.126339063731599 0.0761065371403227
0.367756470762992 0.356736019533825 0.283409711592034 0.273261119263958 0.157429202275933 0.138411256078349 0.322007615822076 0.296214580720095 0.189733598140584 0.196742010880969 0.351132915356846 0.34744965410485 0.327969283310924 0.301328645319365 0.199650452895966 0.207415678869105 0 0.438575568925313 0.395405999693516 0.362854984010411 0.243815805458701 0.142541413425 0.286080545883034 0.231098718149145 0.171813289167393 0.105539532911782 0.376257237914347 0.392822122358931 0.241658624803809 0.311418677290108 0.315626471661057 0.351441516573849 -0.0203904066366399 -0.0545020759952577 0.117708111066372 0.100911676437398 0.116997095653697 0.0886269599902808 0.204005615410113 0.114866722791101 0.218380177999596 0.208814817767345 0.227753255501325 0.253391250972434 0.221034956938938 0.207931584012948 0.25872772148335 0.217306031769861 0.221570680547167 0.184739488678865 0.413174033059153 0.318242570044486 0.305967356429286 0.177396804888992 0.341750371454855 0.32670892919738 0.436028150379878 0.395112236685516 0.171425536747698 0.180307935473313 0.165707253444811 0.165293454089368 0.383986554405171 0.21360332674275 0.356600311197846 0.279439717369294 0.32284789278331 0.353352753100158 0.110789867222888 0.232320682788346 0.213375256199715 0.246965859160933 0.475565884059814 0.436306785280792 0.469933854267843 0.384081487592349 0.194592936195415 0.178250744890227 0.272324863957691 0.21086943123181 0.129908595761384 0.153590032083664 0.218468826199674 0.173543129552421 0.189639991548024 0.222463954790441 0.223464160274198 0.229793558382165 0.188786927708777
0.354772055030831 0.395764202708768 0.262680776880703 0.283688623993284 0.137530492860488 0.147074558382813 0.316261053093711 0.320255949126168 0.188489822357959 0.190114667411902 0.320428046448276 0.375983651686906 0.280081532453082 0.309004158404967 0.189075145157034 0.205908001273867 0.438575568925313 0 0.405394224984258 0.354008754521332 0.265185953868516 0.0870919495120716 0.278803498033837 0.223740340341308 0.158315576224503 0.10077711714793 0.375193844919445 0.436823088527643 0.255790755202968 0.311855785437098 0.286980010074907 0.338407804280148 -0.0377455039452168 -0.0947425342892332 0.115460715266286 0.0768886625671693 0.13460990463971 0.109937149843205 0.201536829860205 0.152415630676829 0.173987343606345 0.151351554645274 0.213899378307638 0.252029084928456 0.171323117445848 0.153359360211297 0.269336914095538 0.235219577232757 0.212145080111229 0.151402521186056 0.427118830610844 0.370444861907258 0.318020119747565 0.182424423492583 0.334250976932103 0.289731606238292 0.468469303597281 0.403162785533826 0.172315216545868 0.159128218530868 0.147259289274279 0.0916745199420097 0.359148056891898 0.216910293498494 0.301603986422368 0.283655827751161 0.331949707586069 0.361292546306039 0.215128692594092 0.219499489498822 0.275464902330496 0.264305122713817 0.492784498863538 0.490232177907025 0.4832422046171 0.413494936877085 0.239966415011324 0.204273225542765 0.289717517225115 0.230053545740696 0.117339066956753 0.174523944965485 0.223760741731456 0.192067850484753 0.148388818766056 0.225937471232978 0.250392054032163 0.238991215959089 0.197913453607445
0.34920611409191 0.322082837467264 0.289359942694047 0.29519610218834 0.177494445020773 0.165790921977968 0.350555460939873 0.316042603036081 0.237406209187932 0.211230030140584 0.31238409656426 0.33463659527189 0.342121767809536 0.31055803090674 0.232509422072138 0.229839191553851 0.395405999693516 0.405394224984258 0 0.340795383463966 0.201391362837772 0.0796829381990625 0.339566522673687 0.26772953967503 0.155040083539627 0.119282871091885 0.341691169036606 0.369038104662732 0.249870764252001 0.302760607491925 0.281808935001858 0.31199842478567 0.0449912568990121 -0.00403382421000866 0.153056898923199 0.126611473908466 0.113805150229321 0.106727590516267 0.219185909475208 0.155447325804012 0.204734337239015 0.200298214738629 0.192761166457778 0.225298072178608 0.205546981755473 0.180332376188469 0.269295864773686 0.226401785224968 0.209427643626173 0.190860434957581 0.354508305794005 0.315282122619856 0.298856384969022 0.193914356080611 0.331934502167871 0.274639219015143 0.371016253975675 0.350826808846648 0.241439861585716 0.217117677569107 0.2061638759505 0.138833141600804 0.327860424576904 0.220383736684419 0.322388252257323 0.266397809237173 0.300495110938924 0.307519850720183 0.143677022618931 0.18163413102035 0.28227707640016 0.257490292148508 0.432206053962255 0.384669496137678 0.426574957667225 0.349051664511094 0.190466856066769 0.203268303772767 0.303519690151708 0.245169432029885 0.148890209984927 0.183627780555145 0.234328977546826 0.214590161703583 0.175882561559745 0.216078213600242 0.223769779970142 0.226873327112488 0.153066657122282
0.313326421057549 0.308250865531538 0.24478453218183 0.236470032098521 0.134134991573244 0.115126049808658 0.274104587278617 0.269456408170703 0.157388544535507 0.159631512458805 0.296892444241968 0.304041289940112 0.296892801552716 0.269299344317338 0.175133940437685 0.179661349669939 0.362854984010411 0.354008754521332 0.340795383463966 0 0.193844375541817 0.0892196821141179 0.271899171530215 0.22299949786513 0.150192840339981 0.0908480125235451 0.326179365122683 0.335140865306735 0.219512412806475 0.283225658908486 0.246662331454835 0.261371475278847 -0.0244364311322715 -0.0623031485732696 0.12151354216397 0.0781804032833999 0.111098845457878 0.0783106001175778 0.155397064011949 0.131287562875561 0.211286723346649 0.194330167745138 0.206610612519556 0.219032936595075 0.210384975216444 0.172610562532266 0.240359106673907 0.203266595939701 0.189992704360911 0.163531346451157 0.341715046893281 0.26128064216037 0.253731047960352 0.167489933114771 0.270461439698766 0.253278090503132 0.329032027721664 0.32188453678708 0.143084305020174 0.127982414048518 0.144047589506872 0.107541461220075 0.291934726649163 0.163008020363347 0.3015925368056 0.243645074616579 0.295113652893863 0.299620367871486 0.128099607832228 0.15190984255237 0.204113299566035 0.235596006672634 0.376308255916429 0.348517151679508 0.340514208158761 0.317000758375879 0.153609440857719 0.168618318732071 0.256219168334513 0.179239028708789 0.106232511157932 0.144580919706783 0.204923857940581 0.163200988745535 0.156547406584157 0.225155122467747 0.214156954338211 0.209486178112187 0.169541388842277
0.173627151508676 0.185696144499168 0.177378543458849 0.145823982903305 0.0995191085447638 0.000926910543449362 0.184656829773778 0.175809585307839 0.0784136799633647 0.0810877199198137 0.15653607185265 0.224339133555582 0.157218496733046 0.21740622042072 0.114399209931999 0.179793993068924 0.243815805458701 0.265185953868516 0.201391362837772 0.193844375541817 0 0.0912237173100469 0.174971061413206 0.15961154357208 0.0846852754980997 0.0213869434060397 0.20859478661174 0.261228319792344 0.167187207015298 0.242093554105344 0.214479086394122 0.187299141569414 0.209798742025711 0.158784679862689 0.11154814158268 0.164394150229425 0.0709007700712445 0.105159761524083 0.226374119315987 0.198048803104625 0.179169148980971 0.104919466326271 0.133200183908767 0.120213533202947 0.161321869043048 0.0985229995430431 0.145848737483032 0.159453981894697 0.146301400593354 0.130964907515752 0.184112976897389 0.181111480783839 0.147772122992408 0.0770875449705251 0.165681501864148 0.158081476601391 0.194746419829868 0.191949158782655 0.154693332078285 0.155088930085679 0.144578360496016 0.112628359292111 0.147343307485371 0.0664909651083543 0.200383691454363 0.156054113016849 0.159557422363799 0.16960384950087 -0.00948187762035236 0.0837297557759314 0.212610356437916 0.228099519965744 0.244415254111909 0.209874469701708 0.210884975390894 0.214754264468762 0.0908393807148311 0.125431170760414 0.156768855147912 0.183645948819875 0.0684213017521448 0.107562044223849 0.13917542354823 0.0912067976293003 0.0989612137021927 0.160805264317114 0.175209004658381 0.083901563361247 0.0677108948816904
0.0946439857688505 0.079861507998393 0.0375194097734225 0.046933744267751 -0.00930903270669792 0.0898376410179218 0.0205944654433054 0.0459679528049976 -0.0234479134984932 0.0504971899736682 0.107514602065194 0.0673740568376208 0.0583886666757372 0.0422025372864911 0.010903281772116 0.0551216422739518 0.142541413425 0.0870919495120716 0.0796829381990625 0.0892196821141179 0.0912237173100469 0 0.0286174424184835 0.0313549120608155 0.0930002228416725 0.150552846027349 0.0742351252341001 0.0834902044843572 0.0837502624015967 0.0293039119651238 0.0833083257950292 0.111939268937345 -0.00659382383859013 -0.0139996960715806 0.012800539676788 0.0196400631092316 0.0140582632432948 0.0686963552920156 0.00700313683694502 -0.0355244530087785 0.0265975541969745 0.0317603877154212 0.0615086171339834 0.0622600542973041 0.0213016338477391 0.0245247033970797 0.0812606523407767 0.0586181714172716 0.0358267108699118 0.0405387853169525 0.122031665540713 0.0775542349010188 0.0760964088859782 0.0417434754906341 0.0502049508082437 0.048642898603819 0.118280816350107 0.0752543027925918 -0.0353624374101061 -0.00907121435547329 0.049263757046767 0.05100785136188 0.141326551412695 0.0818044556466481 0.109829504558985 0.0351936334019055 0.114528858398782 0.140493558906345 -0.0355971495611336 0.107446854351594 -0.0310498764378296 0.068832425852357 0.131822102581261 0.0837026009233732 0.148305791916211 0.0996131607052174 0.0256977127291654 0.0329425783097808 0.0525182126444865 0.0287079518564565 0.0048253444159469 -0.0107000067168213 0.0595216404770969 0.0436762323059941 0.0207602201774553 0.0227983395522627 0.0548664229859926 0.0473199803891821 0.0764601286770185
0.379812580211474 0.261325838632665 0.400298500039676 0.322446224571971 0.316053246574431 0.151980572406143 0.425092688678979 0.338656131508023 0.327292621333609 0.228140956304307 0.279452474397783 0.301503564756286 0.421889175422512 0.341970302046803 0.377555265485498 0.344711875272212 0.286080545883034 0.278803498033837 0.339566522673687 0.271899171530215 0.174971061413206 0.0286174424184835 0 0.373233409103126 0.21373030538009 0.140982594117268 0.312203778593895 0.302257813250324 0.317688815503981 0.352535515636185 0.318785409359401 0.284669572942737 0.241068869011486 0.152136200784407 0.204916516278468 0.18099207265851 0.121990725123992 0.124871674246235 0.268970334763578 0.196827374515326 0.257775388027162 0.223441500008249 0.192035221688863 0.212334203588838 0.225104573733841 0.195466781020849 0.271328961629444 0.23312654067621 0.239273093298956 0.226208024715124 0.276151288965591 0.224424152767255 0.252741176318835 0.163782419740056 0.363829099304571 0.275628823888265 0.261664180582415 0.281215893864266 0.491147943163119 0.375912722403801 0.332272325764142 0.223185159663543 0.240065931472125 0.209528142415368 0.348153415071378 0.290575458689027 0.258212760410713 0.244410303667863 0.122364040300938 0.149423910636084 0.296886245280641 0.261730309138066 0.352721318354917 0.307987043307428 0.336980176768134 0.321319343866667 0.214609254810533 0.278120055633999 0.395785409662835 0.339707084858632 0.210589381553323 0.220895900929625 0.26944173595298 0.259169128823868 0.195128350171597 0.199183123271005 0.214021269480931 0.199343082490735 0.0990416061895553
0.308094180083395 0.231872603822334 0.318052399923353 0.31437371190537 0.245747193027981 0.139351852802671 0.350365964228451 0.325845379194187 0.274069668142815 0.223274656963898 0.225922175574985 0.251899026922597 0.31427232663469 0.32817182959649 0.286637847941701 0.360011906308761 0.231098718149145 0.223740340341308 0.26772953967503 0.22299949786513 0.15961154357208 0.0313549120608155 0.373233409103126 0 0.203118598546329 0.129531332885033 0.242832327662996 0.253780569800195 0.254914935318405 0.316733608954225 0.26163162732517 0.240581312169793 0.230041043537643 0.171424474437713 0.206900837999437 0.186146805361495 0.11734509869459 0.143930368403794 0.217419271652317 0.161850461760733 0.200146204474589 0.170067941231896 0.150857252099865 0.170966773826596 0.173822492679394 0.148770457829931 0.234534726296263 0.20725962054101 0.201557826296453 0.19783556695199 0.251923892345118 0.185847402146043 0.210427252646767 0.127899546536885 0.280457715586949 0.251667468988276 0.160774231456897 0.20043075877409 0.410342900546584 0.401043669921373 0.264781677999568 0.189133790759795 0.221156839819528 0.198807047849391 0.278993431403784 0.258712171271127 0.205219190671854 0.203246076697832 0.105161941977322 0.133987005483611 0.225527139635874 0.218594977559728 0.287809151592841 0.229176812135606 0.279762040383907 0.257880183020916 0.182037041265013 0.273092897840659 0.328678529353777 0.324946471535844 0.179589150245396 0.18961913008656 0.278284216110603 0.222300998997644 0.147361750011243 0.170402283990666 0.193892660480687 0.158234635828951 0.0830180175436106
0.17808267463561 0.147653648521418 0.180185110050719 0.146820675096224 0.131988435113673 0.112304087631002 0.164707728138664 0.133160216792317 0.138965079298013 0.12975930466639 0.122417560338144 0.0712226267831751 0.178980658900073 0.136376500063322 0.179366403493993 0.202702930994715 0.171813289167393 0.158315576224503 0.155040083539627 0.150192840339981 0.0846852754980997 0.0930002228416725 0.21373030538009 0.203118598546329 0 0.155798927651171 0.148586331478208 0.145239171544257 0.16081149872662 0.140998512009096 0.154687742629918 0.14587788769429 0.0948857754895825 0.0243191827093963 0.0954230353883317 0.0959169845431311 0.0934879038725227 0.0939004853672434 0.10004978371885 0.0734276295211683 0.101970323812859 0.0954332664490016 0.0913622619687798 0.100261840461765 0.0933212804160383 0.075281027220752 0.165688004245239 0.0977074983920792 0.125553154176116 0.1141113421211 0.198644323889463 0.141183564622666 0.124952706372375 0.0733319269631891 0.130448783557227 0.0353477232445907 0.139264489056455 0.0746547566032878 0.220160402507153 0.175119576660093 0.142791786572889 0.0851994108490875 0.167241786307802 0.123112923054934 0.189467263540367 0.144402301402005 0.147004346358636 0.160368449487465 0.0866200968034053 0.0703165611511946 0.0746873584737136 0.105210362325085 0.193383866146225 0.173847114235089 0.218133153856214 0.18724568013373 0.164809550828693 0.193761853514218 0.235160628857281 0.161883293457688 0.106119661349544 0.0953465771169821 0.127614551806716 0.150763182979637 0.0855456169263834 0.10240527437899 0.0818145144869069 0.11957368289634 0.0991886781316254
