0 0.0023454507713461 -0.0201097090504962 0.00275580336532424 -0.00708790443341285 -0.0118192343681349 -0.0155953007169531 0.0112653208543355 0.0164792492737025 0.00307912098284501 -0.000248678736676897 0.00788883482725313 0.00276122650787404 -0.0226964082623598 -0.000718654342274417 0.00134609398986978 0.00331840597122353 0.0201371548460789
0.0023454507713461 0 -0.00695065259288499 -0.00758887941431899 0.00711474152383888 -0.00368623261610818 0.000734149608225158 0.0166877742674523 -0.0152708089501733 -0.0181863196610484 -0.00963553682409776 0.00140302744330064 -0.00719726374444687 -0.00543280422860007 -0.0107919490025623 0.011005879653596 -0.00280235236953754 0.00913611364599743
-0.0201097090504962 -0.00695065259288499 0 0.0165250089301116 -0.00889891162976834 0.00110870306817037 -0.0025450242686315 0.0141170974660522 -0.00487164445658722 0.0159162170783001 0.019573411357078 -0.0220499315374955 -0.00327691536406956 0.0136933758508086 -0.0116675282370408 -0.00599867284140404 0.00290247550411691 0.00887898992637424
0.00275580336532424 -0.00758887941431899 0.0165250089301116 0 -0.0163947310378432 -1.23909226454124e-05 -0.00235067959251934 -0.00877546224200146 -0.00202079829094185 -0.0126825253531231 0.00621800255315938 -0.00307238282074096 0.0045060340849232 0.00372430920105636 -0.00165931020140057 0.00825549516788467 -0.017296301635657 0.00599645570063911
-0.00708790443341285 0.00711474152383888 -0.00889891162976834 -0.0163947310378432 0 0.00211547561242023 -0.0151827253375915 0.0410889643839856 0.00124977253926018 -0.00666802346531595 0.00251683158332109 0.00134797916110329 -0.00511810456095706 0.00419143356287488 -0.00623178955934466 -0.00127898593681114 0.00301083425880937 0.00394164191477233
-0.0118192343681349 -0.00368623261610818 0.00110870306817037 -1.23909226454124e-05 0.00211547561242023 0 0.00722158388303828 -0.0118553795519742 -0.0190229664754691 -0.0140689507969211 -0.00704637920896593 -0.000302697661913811 0.00236970176135034 0.0166311012843664 -0.00372232538885612 0.00104890856155114 -0.0050957813544301 -0.00239408896179352
-0.0155953007169531 0.000734149608225158 -0.0025450242686315 -0.00235067959251934 -0.0151827253375915 0.00722158388303828 0 -0.00991670806577085 0.0149594682204977 -0.0110846800856431 0.0192444359668237 0.0186270698374086 0.0142706347219563 0.00885127908559403 0.022850196537614 -0.0147818220876471 -0.00617315968485468 0.00870047155319827
0.0112653208543355 0.0166877742674523 0.0141170974660522 -0.00877546224200146 0.0410889643839856 -0.0118553795519742 -0.00991670806577085 0 -0.0165027242540681 0.0327284046664986 -0.0074169200763013 -0.00495032633212345 0.00830436637473524 0.00346921878622427 -0.000763042735427616 -0.0135045708112534 0.00451465287013489 0.0132600924205742
0.0164792492737025 -0.0152708089501733 -0.00487164445658722 -0.00202079829094185 0.00124977253926018 -0.0190229664754691 0.0149594682204977 -0.0165027242540681 0 -0.00362882679927965 0.00834329093930258 0.0111064023316927 0.00127733382632628 -0.00786808999619091 -0.00838466206588137 -0.00360942875907584 -0.00417433311544939 0.00397147749780481
0.00307912098284501 -0.0181863196610484 0.0159162170783001 -0.0126825253531231 -0.00666802346531595 -0.0140689507969211 -0.0110846800856431 0.0327284046664986 -0.00362882679927965 0 0.0134916983636265 -0.0194052030303438 0.00871496225002521 0.00839776277338565 0.0125772984576151 0.0116775791564476 0.0152645123342494 0.010376041868447
-0.000248678736676897 -0.00963553682409776 0.019573411357078 0.00621800255315938 0.00251683158332109 -0.00704637920896593 0.0192444359668237 -0.0074169200763013 0.00834329093930258 0.0134916983636265 0 0.00552611896786263 0.00106293692777243 -0.00371865813420002 -0.00054528958853795 0.00474789296214221 0.00785543402904672 0.010071696916343
0.00788883482725313 0.00140302744330064 -0.0220499315374955 -0.00307238282074096 0.00134797916110329 -0.000302697661913811 0.0186270698374086 -0.00495032633212345 0.0111064023316927 -0.0194052030303438 0.00552611896786263 0 -0.00736058690637908 0.00166721402920886 0.0145428351065965 -0.00337584655306556 0.00296089935347983 -0.00511311561333376
0.00276122650787404 -0.00719726374444687 -0.00327691536406956 0.0045060340849232 -0.00511810456095706 0.00236970176135034 0.0142706347219563 0.00830436637473524 0.00127733382632628 0.00871496225002521 0.00106293692777243 -0.00736058690637908 0 0.00573122825417939 0.0150887274075455 -0.00570395230144903 0.00556826036168341 0.0162494676459064
-0.0226964082623598 -0.00543280422860007 0.0136933758508086 0.00372430920105636 0.00419143356287488 0.0166311012843664 0.00885127908559403 0.00346921878622427 -0.00786808999619091 0.00839776277338565 -0.00371865813420002 0.00166721402920886 0.00573122825417939 0 0.00401832744435316 0.0125776054147478 -0.00166541639581586 0.0125421925475988
-0.000718654342274417 -0.0107919490025623 -0.0116675282370408 -0.00165931020140057 -0.00623178955934466 -0.00372232538885612 0.022850196537614 -0.000763042735427616 -0.00838466206588137 0.0125772984576151 -0.00054528958853795 0.0145428351065965 0.0150887274075455 0.00401832744435316 0 -0.00148266423569246 0.00689359492028472 0.000171090655303908
0.00134609398986978 0.011005879653596 -0.00599867284140404 0.00825549516788467 -0.00127898593681114 0.00104890856155114 -0.0147818220876471 -0.0135045708112534 -0.00360942875907584 0.0116775791564476 0.00474789296214221 -0.00337584655306556 -0.00570395230144903 0.0125776054147478 -0.00148266423569246 0 -0.00492743812744918 0.0158186677291399
0.00331840597122353 -0.00280235236953754 0.00290247550411691 -0.017296301635657 0.00301083425880937 -0.0050957813544301 -0.00617315968485468 0.00451465287013489 -0.00417433311544939 0.0152645123342494 0.00785543402904672 0.00296089935347983 0.00556826036168341 -0.00166541639581586 0.00689359492028472 -0.00492743812744918 0 -0.0201682952522417
0.0201371548460789 0.00913611364599743 0.00887898992637424 0.00599645570063911 0.00394164191477233 -0.00239408896179352 0.00870047155319827 0.0132600924205742 0.00397147749780481 0.010376041868447 0.010071696916343 -0.00511311561333376 0.0162494676459064 0.0125421925475988 0.000171090655303908 0.0158186677291399 -0.0201682952522417 0
