0 0.0228689228047329 0.0098605620164083 0.0134114351567082 0.00169797180991749 0.00301225232033084 0.0150358551944891 0.0147841968426251 0.00690640961301503 0.00560928105901176 0.0159675116349676 0.0181064028433493 0.014068770492569 0.0151413845182696 0.008092088799913 0.00870461702713491 0.00887862436438416 0.0147686716230102 0.0160407561607291 0.0125991827596621 0.000805007193324742 0.00184824392830397 0.00475363895578372 0.0050327377724198 0.00305386126031184 0.00351437054039296 0.00520087304087381 0.0081873845615635 0.00369320229921236 0.00359595236392947 0.00955278144290575 0.00639055330729135 0.00740767115714837 0.00679551619105139 0.00492409736599749 0.00557173970752528 0.00482542972556416 0.00464041061483968 0.0063222511996686 0.00356566182013757 0.00585240083560145 0.00656763830076532 0.0125051821266589 0.0145836434828111 0.0100811512527684 0.00763135038983431 0.0155282895877605 0.0174717503506817 0.00696254919226172 0.00988164545906157 0.023570379866847 0.0244867627658443 0.0234846884966762 0.0218259212809197 0.0203872241055761 0.0161184774059614 0.0124060140248255 0.0166863294216235 0.0131771906658577 0.0171407884355962 0.0114100138379993 0.0100261733723768 0.0214963631557304 0.016196113350972 0.0056594879581775 0.00376263067164557 0.00687687628872625 0.00798886796058194 0.00470868878345244 0.00462336489079919 0.00643926651020075 0.00190492427664157 0.000318999709278471 0.0131099736885069 0.0113540392687835 0.0155437109372149 0.00530460092702839 0.00561413552500012 0.0128129090112481 0.0162636898177807 0.00798829016377291 0.00876817556475429 0.00935786539423375 0.0136088047650595 0.007350291605217 0.00871889794262998 0.00730290277337082 0.00749698753656322 0.00467696270216692
0.0228689228047329 0 0.00953216050945535 0.0165019854505377 0.00183289977839247 0.00225670831458377 0.0146493540649203 0.0192883831403133 0.0077138425854056 0.00920712201971938 0.0191044912103062 0.0246409336549599 0.0142232744054998 0.0183630969513163 0.00973709644319125 0.0118669280923776 0.012516432419042 0.0240552075676761 0.018255267953472 0.0163109716340809 0.000453005220772686 0.00235464270217774 0.00464822986701319 0.00565925432789904 0.00191401839115257 0.0028832801560392 0.00641362715377157 0.011451917166425 0.00324852718392091 0.00493685437708685 0.0108937459203152 0.00924778657344586 0.0072750580113144 0.00780742310548686 0.00795546892865134 0.0097181787736374 0.00716029357367992 0.00676461778933948 0.00798369811813754 0.00881188877046256 0.00428310765021735 0.00761621628256632 0.0187524700963754 0.0256883458970212 0.0127620183832825 0.0122241058581086 0.0200705017314763 0.0236728876130862 0.00919822056836114 0.0155725674270563 0.033183934143387 0.03553004034449 0.0299282325159912 0.0286228057034809 0.0201608725863191 0.0194252638649159 0.0123786346104687 0.0218846444768275 0.00942825376350545 0.0184583631346034 0.0119677964340979 0.0116644754699659 0.0296721451266569 0.0197778809904119 0.00815208020258725 0.00359797453685604 0.00804596107327582 0.0108249769793943 0.00542805431797063 0.00623418259213315 0.00831418242642264 0.0023583473391081 0.00353348272758357 0.0173509695207214 0.014620673004384 0.0221896514915011 0.00503626137948151 0.00850618153205131 0.0146836943409696 0.0204096918438558 0.00827221129803739 0.0100840573973744 0.01158213386093 0.0167259037658361 0.00929076950490721 0.0104934564321442 0.00803373457289323 0.00897496823474105 0.0065909622678921
0.0098605620164083 0.00953216050945535 0 0.0120344423298231 0.00583649230761085 0.00167293216743582 0.0186289441067403 0.0079316883758202 0.00946220867739015 0.00820268496892607 0.00235161471502099 0.00312034198029067 0.0116882826138194 0.00580544115119969 0.011709891357429 0.0112274787476447 0.00260136162447008 0.00729063421512165 0.0132175347604595 0.00705481122030171 0.00416544790797472 0.00133925047794794 0.0199107188712958 0.0136252749309731 0.00733741586649093 0.0073636714325425 0.000779158129200942 0.00273828525829213 0.0157055858427401 0.0121395320107767 0.0143209832998591 0.00833400086784786 0.028150663792565 0.0201355669147687 0.00282051655416926 0.0025322206725643 0.00619742670572159 0.00364875153874516 0.00131417233318241 -0.00031295713302283 0.0170896137612369 0.015093124015193 0.0186169952217297 0.0143794962843139 0.0133149897209205 0.0110814357066665 0.0193995571833734 0.0193140866669277 0.0095919638590612 0.0106095448993226 0.00989462840112934 0.010187865294788 0.0085521148271205 0.0111754598602699 0.0152765005056809 0.0109061103528558 0.00455960032870126 -0.000699213646726542 0.0394007278242871 0.0217568622379941 0.0219677363387148 0.0149597134442355 0.0107686484291659 0.0109215747250861 0.00704734747649851 0.00729389039562104 0.0065822746252453 0.0034536924386078 0.00737733837838642 0.000586378450270976 0.00639011007359489 0.00608156554559962 0.000730943675767579 0.0109467588260028 0.00610314162035563 0.00825700263069079 0.00627659064071261 0.00760442882570424 0.0123989364223348 0.0111655843981315 0.00586229810664743 0.00792076804998039 0.00969009142415586 0.0147919444537369 0.00756347844910167 0.00921168761738634 0.00641998844104631 0.00488704698068136 0.00536200335724387
0.0134114351567082 0.0165019854505377 0.0120344423298231 0 0.0013719118230363 0.00625940600979197 0.0169193688802482 0.0208776933521882 0.00940863006036832 0.0174059596208337 0.00848540959774353 0.0154616663664538 0.0112335586332322 0.017269899654895 0.0102047008607039 0.0158665857641953 0.00324336238489915 0.0070406716204714 0.0107635463511184 0.00811262671276081 -0.00155028360357922 0.000794960616186259 0.0101170644828024 0.0124074262589955 0.00446236495957448 0.00738717208524016 0.00125053585830434 0.00371431717289681 0.00699073411143873 0.00910039157728988 0.0098172332610286 0.00783003871878889 0.0232263530870055 0.0133048360766761 0.00395112436841891 0.00400620468713577 0.00597709876435435 0.00415827942275289 -0.000999621495930414 0.00202893706302601 0.0125073466200991 0.0109918471801315 0.00965290598462544 0.00916547974442633 0.00961420183323349 0.0087038462429938 0.0136669116499164 0.0154007606983624 0.00762922727645037 0.0086474431125351 0.0142375891434122 0.0160681250509596 0.0180622096882619 0.0186664092493621 0.0199081891701453 0.0241234839563445 0.00973948039071304 0.0147928046957738 0.0261898685285134 0.0345048360327821 0.017195979065592 0.0163882813372834 0.0168526358256825 0.0100427250284441 0.00729143758738588 0.00528580196460496 0.00682932078991272 0.00620167008388169 0.00363007257367094 0.00460558797520324 0.00665183558419417 0.00339078271118041 0.00322806980743118 0.00778583331105302 0.00591062043581296 0.00992522153359922 0.00366248129378585 0.00651591287291617 0.0131699519711538 0.0174382769942502 0.00765597756781581 0.00952567888974515 0.0146954023048489 0.0160841583180345 0.00831353665779925 0.00792567093161503 0.00731973473762786 0.00679547848408889 0.00533754187021609
0.00169797180991749 0.00183289977839247 0.00583649230761085 0.0013719118230363 0 0.00157854303065032 0.00474398824754682 0.00116599509124926 0.00375835031996945 0.00577577370313323 0.00167297295710212 0.000421037220057837 0.00312333034701075 0.00255939959092709 0.00392113891817829 0.00558678760016761 0.00207497570553367 0.00219877137130425 0.00381625089628176 0.00238235942663951 0.00400241362287383 -0.000132833718574769 0.00677105507679023 0.0043981791037564 0.0015720959020418 0.00176209402674891 4.64923862121975e-05 0.00235943785709402 0.00447149928526169 0.00417387164083647 0.00515257076948596 0.00391003277685908 0.00543145215685896 0.00437967486495368 -0.000169076968911584 0.00018860493396663 0.00228514799978686 7.3911502414853e-05 0.00226128918308005 -0.00211712534935618 0.00567080999269542 0.00632698397778044 0.00386216039771719 0.00247169726850475 0.00491942353189779 0.00332649483801756 0.00520950275484797 0.00528986906951133 0.00251770118234528 0.00247396241607916 0.00177059713238575 0.00183433549202135 0.00340181790671997 0.00427846202764361 0.00241769346721243 0.00290430229289869 0.00298309798857637 0.00266006569473436 0.00490820594132806 0.00193457511634368 0.0063479757973077 0.00271486946626826 0.00232735123663677 0.0027744806901724 0.00288144959838965 0.00294039319771618 0.00169032819741721 0.00243148720349026 0.00311653539074732 0.00253924091362733 0.00197183352651736 0.00177318197248968 -0.000594553490060611 0.00352864560575485 0.0015356772755623 0.00321905365984058 0.00215258068908229 0.00341153281851644 0.0024508785615708 0.00251618206983633 0.00196119944906376 0.00260154757153988 0.00404244130604107 0.00604980240913057 0.00224065461824961 0.00225904586633665 0.00207912244633481 0.00233141021707813 0.000518173079348794
0.00301225232033084 0.00225670831458377 0.00167293216743582 0.00625940600979197 0.00157854303065032 0 0.00473331011196901 0.0069906485009453 0.00587650819388525 0.00947954480637696 0.00151472827510775 0.00210939679297634 0.0031354637164636 0.00812859072467711 0.00483761266062312 0.00676857148497761 0.000443985823331243 -0.000896173801929323 0.000878971179273575 0.000839638940061497 -0.00160388567146389 0.000611996950580032 0.0046312501022936 0.00382576874680672 0.00405991484391359 0.00448323138337817 0.00108495230217598 0.0013792971727579 0.00210598322672609 0.00423150338701205 0.00167529051026723 0.00179284242284644 0.0117481505588406 0.00655807976609944 0.000931133434523845 0.000688924370729118 0.000986938363390898 -0.000169555948299088 -0.00163478709363457 0.000196695671839514 0.00271777988042712 0.00302586706859584 -0.000660695446862113 -0.00129444221073238 0.00309834697836244 0.000698064402079498 0.00360991946519745 0.00441567023774678 0.00259391116822934 0.00118761136472654 0.00188570823772433 0.00209848849954817 0.00347576516579561 0.00668784239045976 0.00689146593568509 0.01354885443413 0.00575897411842061 0.00723189676104897 0.00710857692109927 0.0105924907919048 0.00377225278223126 0.00276116799163321 0.00390865668280937 0.000748981312538855 0.00283465745451859 0.00216706716131896 0.00357859240832546 0.00381922224791267 0.00674678702281849 0.00355454396420639 0.00231762485602074 0.00270053898174616 -0.000506831007109879 -0.000201808991936143 0.00145605738087443 0.00139281799395553 0.000432950682531337 0.00229787252952548 0.00200168318900343 0.00551731447068909 0.00363099164584841 0.00486359921317191 0.00637299519649926 0.00441532896669991 0.0022106693905322 0.00278153578168165 0.0039274034294597 0.00231225625739036 0.00115579467457495
0.0150358551944891 0.0146493540649203 0.0186289441067403 0.0169193688802482 0.00474398824754682 0.00473331011196901 0 0.0171270468687561 0.0123734146607145 0.0156126168103102 0.0063165618035898 0.0114515613125258 0.0157113440965639 0.0142963939813384 0.0129464341217136 0.0134585236968148 0.00300567432909938 0.0078310230207598 0.0144334286648964 0.00926594346312628 7.08005351899887e-05 0.00097487198895359 0.0139008629967765 0.0129821493519466 0.00410714930353997 0.00631628513570568 0.00218902504854486 0.0047502694483475 0.0116096157487044 0.00925505522468734 0.0132204744601282 0.00916333563585084 0.0254212115470836 0.0148164721385597 0.00336581575530317 0.0030456760878924 0.00650813141148798 0.00573440786818341 0.000256212748488078 -0.000231067876589679 0.0186818726095758 0.0166642452554921 0.0165806771997005 0.0133767546958487 0.0143603683540598 0.0121412856518137 0.0192592860392158 0.0208036550359414 0.0107925382275367 0.0111190374780895 0.0131254037952391 0.0146153794568785 0.0211185594971722 0.0204168315363471 0.0234278728198448 0.0204186093579176 0.011857123031714 0.0136652678486918 0.0340925824377343 0.0288788344198095 0.0224123469118593 0.0177057209658007 0.0157485692666236 0.0106443050388552 0.00926089598108207 0.0091856717824969 0.00862801596070231 0.00589027661647896 0.00800761036099315 0.00335118537002646 0.00866439968043952 0.00604093516196837 0.00165975171714161 0.0102697808498799 0.00576308239217399 0.00989802743823062 0.00482210565100958 0.00592143499148791 0.0140835897312293 0.0182142331186763 0.0094462446890494 0.00969458633220704 0.0159188881938261 0.020973694214074 0.0104476239794831 0.0105572246698116 0.00863331066859803 0.00828488509048891 0.00587692411958728
0.0147841968426251 0.0192883831403133 0.0079316883758202 0.0208776933521882 0.00116599509124926 0.0069906485009453 0.0171270468687561 0 0.00825899577089781 0.0198222305215342 0.00761027576783631 0.0188762399642736 0.0114395665161589 0.0232184168549487 0.00733189333453423 0.0162973382936817 0.0046788859733185 0.0101805116072512 0.00872522037723203 0.0100184567712499 -0.00134061300833646 0.00169456246169898 0.00354898631050373 0.00918537893299404 9.21750022368674e-05 0.00570273420333587 0.0035197652847499 0.00801632385681447 0.0056947535098262 0.00725057593785886 0.00940173691509347 0.010906643764769 0.0182863521295199 0.0119669776053619 0.00588969132739995 0.00497243727511891 0.00723017717580852 0.00597589918983753 0.000568865540381584 0.00325689381471086 0.0166812698993413 0.0156307719778718 0.0145131634864538 0.0142413016489543 0.0129768228038044 0.0112720000985421 0.0166732078459685 0.0189090127936896 0.00954790058981942 0.0107468566583065 0.0170736615981211 0.0205922242546569 0.0272968442129061 0.0255770916999098 0.0218425591239669 0.0304809927444837 0.0135235121084062 0.0280130620011141 0.0132833165615451 0.0343787481618384 0.0193440743759516 0.0210284221979687 0.0214786086004121 0.0131232897173809 0.0103198547738007 0.00813372668559763 0.00745750590869087 0.00678620224458933 0.00603995007202503 0.00701637529824942 0.00851551071958177 0.00472381513427149 0.00475687610948361 0.0105035210620409 0.00740493668395886 0.0130630279118781 0.00218019855864022 0.00523851574576234 0.0104954754284529 0.022590072729613 0.0082148793679109 0.0104437652998193 0.0177899323405814 0.0178046941023462 0.0106984234270538 0.00918878882205676 0.00961444868345665 0.00926097254597933 0.00642272191936852
0.00690640961301503 0.0077138425854056 0.00946220867739015 0.00940863006036832 0.00375835031996945 0.00587650819388525 0.0123734146607145 0.00825899577089781 0 0.0133423082130724 0.00372262512369274 0.0058574596686386 0.00813545265826842 0.00929528394144873 0.00966554490171606 0.0111098588234596 0.00157777426705051 0.0021279985592245 0.00688798092477707 0.00430495606841839 -0.00029801238051654 0.000489412349644724 0.00924337645189984 0.00639523251823897 0.00403680446321941 0.00455824385988942 0.000810545485427456 0.000797819579406627 0.0052266316321288 0.00464067723397415 0.00598034961144253 0.00359512433115196 0.0135216378941267 0.0055605215742466 0.00117597003965395 0.00131685337064662 0.0035727528584687 0.00195735872201198 7.79507826111893e-05 -0.00153912022134321 0.00848352064809116 0.00692190834082371 0.00661312082261711 0.00510325091629163 0.00722524707573199 0.00557997247262794 0.0111092848313499 0.0104601064748217 0.00600603980830078 0.00589728062492476 0.00520937480953641 0.00557455305498487 0.00970925158490925 0.011390219007877 0.0110918410601859 0.0122493592920416 0.00571655418790799 0.00591013696382448 0.0190194163096412 0.0140293147915985 0.00834532202441274 0.00558514200290454 0.00704098722889824 0.00454720814804522 0.00501884257494737 0.00492997443352806 0.00480222831881618 0.00415799272006706 0.00859754708481034 0.00433767495890265 0.00286270096262571 0.00366069571933348 0.000693585617141978 0.00462328778720932 0.00299125444149445 0.00517762786579526 0.00351058625944686 0.00418681683495067 0.00777034411171692 0.00811231093489602 0.00574194556079412 0.0058056735439198 0.00966563745635293 0.0127637006993329 0.00471408685322096 0.00500783313402914 0.00442705003426773 0.00399138351587864 0.00222584260226458
0.00560928105901176 0.00920712201971938 0.00820268496892607 0.0174059596208337 0.00577577370313323 0.00947954480637696 0.0156126168103102 0.0198222305215342 0.0133423082130724 0 0.00443727566739939 0.0117513343488211 0.00872560248896314 0.0211422426955429 0.012270084538855 0.0274432933965022 -0.000127703465883321 0.00345295949669551 0.00530451004374691 0.00499665733388068 -0.000445187077066604 -0.00130039629044199 0.010837972299837 0.0156156115327862 0.00174648290963873 0.00661245945551676 0.000638542223024473 0.00476847766944099 0.00930621421355793 0.0106352195250898 0.0091976258756373 0.00995997904597006 0.0171253906597188 0.00834280911542635 0.00106908128403764 -0.000972628995407178 0.00595409774041061 0.00382871720817387 -8.45838530836888e-06 -0.00157579422842372 0.0174415596658708 0.016694867158919 0.00431966522918646 0.00325796039983851 0.0106491813632082 0.009042985971919 0.0108721979169162 0.0119654874860325 0.00810460970819259 0.00819711004064125 0.00241321555732627 0.00658535061650269 0.017215869321177 0.0201062086605044 0.0139963903967392 0.0249351319143627 0.00873263707904213 0.0229257871940243 0.0155098491728352 0.0265233292713563 0.0119930260074764 0.0121138791134281 0.00924486205624045 0.00390140120185214 0.0102347034563528 0.00680584162078763 0.00707575865124421 0.00752538657271927 0.00861169283061079 0.00545993144418019 0.00692748338088864 0.00461548330882167 0.0048536989160854 0.0044446159450045 0.000297679601361736 0.0057146977465094 0.00226313140095815 0.00562489824952475 0.00840068213629134 0.0166085392730991 0.00633130381520259 0.00771912453203822 0.0179004157991169 0.0149764572005798 0.00831592488054204 0.00428231601766705 0.0058291719185197 0.00484807657194448 0.00377594994326982
0.0159675116349676 0.0191044912103062 0.00235161471502099 0.00848540959774353 0.00167297295710212 0.00151472827510775 0.0063165618035898 0.00761027576783631 0.00372262512369274 0.00443727566739939 0 0.0189104076637903 0.0122855048644638 0.013739899109804 0.00752717435757845 0.00747695024816232 0.0097566163398597 0.012517828226704 0.0139318016456578 0.00947231238867684 -0.00167277135641488 0.00123083554665896 0.00113789927165393 0.00190780005809789 0.00156464041011769 -0.000454341188554096 0.00494139570670136 0.00724913454757293 -0.000870495834346993 0.00151023144961184 0.00722243845605445 0.00450186403343066 0.00325789137482613 0.00463678937376534 0.00295248975026291 0.00442550715423856 0.000253094857039773 0.00056636444906625 0.00608869231409239 0.00702358861666128 -0.00400315020757663 -0.000777019075355375 -0.00138391494018969 0.00488348196294985 0.00234871860691363 0.00103064602756885 0.00246822722780608 0.00453734584985058 0.000140376713119288 0.00313147008303593 0.0182895940050783 0.0191996277048044 0.0129902016559657 0.0104972125839971 0.0123145787012871 0.00854918401300862 0.0105575952601596 0.0168395768308216 0.00439440729750982 0.0073946491243925 0.000155491457398603 0.00063017895866575 0.0121700992685179 0.00814250382612519 0.00244811692974899 -0.00131478190809976 0.00421942739328007 0.00869702836481081 0.00479699910312676 0.00614823882931579 0.00596137709329258 -0.00209461286134168 0.00028306481589876 0.0046926765377088 0.00799247117380598 0.0107672054952174 0.00181525253850393 0.00277974020920002 0.00982205003407674 0.00831333507523282 0.00497919108204847 0.00424948715886281 0.00468595134152242 0.00554300442405525 0.00329394616466693 0.00470338475448218 0.00234486950371942 0.00406220008693081 0.00355705660970545
0.0181064028433493 0.0246409336549599 0.00312034198029067 0.0154616663664538 0.000421037220057837 0.00210939679297634 0.0114515613125258 0.0188762399642736 0.0058574596686386 0.0117513343488211 0.0189104076637903 0 0.0128810740460257 0.0253872826974642 0.0077559215087901 0.0121770214618792 0.00854874863830631 0.0167383500024438 0.0138490760939791 0.0155974842716142 -0.00167646678792001 -0.00125204358697226 7.80812723298221e-05 0.00682216539497153 -0.00134611950005415 -0.000365296939244398 0.0059364849779094 0.0115707130349308 0.00177131910221651 0.00368562439695088 0.00867296799768117 0.00976478753862173 0.00266548104703274 0.00350151711140619 0.00448289628897605 0.00519080267307085 0.00402635750467283 0.00470263132424742 0.00326552287443939 0.00712528015201558 0.00341992920171977 0.0089208024956549 0.00839627076870581 0.0115306752857774 0.00713604116484974 0.00812932492701522 0.00952965978413575 0.0125152562306844 0.00549142405298862 0.009277799098832 0.0215091736265038 0.0252243521028236 0.025964834519 0.0217426169325563 0.0205478551174701 0.0217526476508405 0.014406209182876 0.0298192179140119 0.00376003509712074 0.0191837740592514 0.00432158726013844 0.00681725129048281 0.0200094729787626 0.0120978018536158 0.00427333696588405 0.00164837199488729 0.00579735960698759 0.00910833121178493 0.00581895122376589 0.00513804142948301 0.00662962147390392 0.000659722980543677 0.00291823417661808 0.0099014292707462 0.00935584789707486 0.0173274997932625 0.00210315312149385 0.00614667484034659 0.0112857966214677 0.0190415686177823 0.00737526917637979 0.00839625900131453 0.0102229126118236 0.010005611446848 0.00693542395288667 0.00690563835539508 0.00623305246706852 0.00615033350254079 0.00554629772680388
0.014068770492569 0.0142232744054998 0.0116882826138194 0.0112335586332322 0.00312333034701075 0.0031354637164636 0.0157113440965639 0.0114395665161589 0.00813545265826842 0.00872560248896314 0.0122855048644638 0.0128810740460257 0 0.0145408449493094 0.0123491977715801 0.0119191844874659 0.00295438912262152 0.00696089897479282 0.0145746141132762 0.00838330478752991 -0.00106424696558538 0.000947697600629924 0.00963053923388607 0.00749091293760057 0.00487465142108055 0.00437010936285095 0.00335522759679807 0.00432986405125962 0.00750324378186818 0.00523315146766251 0.00929414425980797 0.005341767072223 0.0152607237655792 0.00872036928858548 0.00261896339685861 0.00247408249848808 0.00439355199160334 0.00325756978631258 0.00213838243041032 0.0014831370621787 0.0104156216991392 0.00967537284307943 0.00916618901198155 0.0081690203601783 0.00820424897606102 0.00596415606800237 0.0116684001319618 0.0116547380917972 0.00547952074162332 0.00692191691818754 0.0120539254321182 0.0130459603508744 0.0111019386115405 0.011945022440733 0.0183965586618439 0.0147798522549127 0.00802890291512231 0.00932439780220137 0.0214966160118297 0.018315732201893 0.011907185574461 0.00922806125951611 0.0119813102495649 0.0100709562493075 0.00641104395281493 0.00383494414191732 0.00610839565384034 0.0057676475776102 0.00784153161896109 0.00350349718791639 0.00702151746709189 0.00207175483794867 -0.000335971749285501 0.00589666087432836 0.00517649426403581 0.00772424662622971 0.0036149239745722 0.00442191921515354 0.0113624380997137 0.0111277085701123 0.00727416090290939 0.00631522355438971 0.00963616460666319 0.0122310072736838 0.00630040194870777 0.00710138693104054 0.0046960370169686 0.00559766890430779 0.00431468566482819
0.0151413845182696 0.0183630969513163 0.00580544115119969 0.017269899654895 0.00255939959092709 0.00812859072467711 0.0142963939813384 0.0232184168549487 0.00929528394144873 0.0211422426955429 0.013739899109804 0.0253872826974642 0.0145408449493094 0 0.01174672983903 0.0226901391887145 0.00550445734398857 0.0101738134632876 0.0105002171065986 0.0120393153251937 -0.000610744288750047 3.18895027798851e-05 0.00597620785358707 0.0116988103316465 0.00111455750393703 0.00462288550497704 0.00538411016898132 0.010667888959823 0.00635362586091902 0.00830267971384125 0.0102125334736882 0.0119064424227804 0.0087507550669214 0.00897977571313249 0.00409721732312818 0.00334704474851084 0.0062017754327727 0.00497133492831689 0.00117038824730493 0.00266019214628074 0.0123435266652441 0.0156097741792605 0.00880429663973323 0.00863469556897219 0.00965271141046968 0.00871608026293821 0.0112309253043686 0.0126499755780355 0.00748227511480714 0.00826795386584911 0.0149780451082839 0.0199508908645119 0.0251658731234764 0.0225734439876663 0.0214642241413207 0.0289999874854318 0.0168514901848954 0.03289423168926 0.0111221574214928 0.0278865629043295 0.010320297692033 0.013912152950109 0.0167843948741664 0.0105823181423279 0.00692416532205256 0.00478935409526616 0.00521864982087659 0.00643373113047921 0.00931878864001358 0.00500874458653222 0.00802696290054349 0.00365531944006491 0.00258045826899206 0.0100496510151015 0.00746288911005902 0.0139494089937862 0.0025197797090365 0.00651932031406435 0.0102699351941884 0.0212383548468561 0.00885044531434774 0.0104437066967256 0.0147937219579261 0.0114824906109404 0.00773339532111685 0.00658354123617416 0.00740863350680547 0.00713439478400221 0.00542007203535216
0.008092088799913 0.00973709644319125 0.011709891357429 0.0102047008607039 0.00392113891817829 0.00483761266062312 0.0129464341217136 0.00733189333453423 0.00966554490171606 0.012270084538855 0.00752717435757845 0.0077559215087901 0.0123491977715801 0.01174672983903 0 0.01554280144701 0.00231043841162155 0.00410855087112938 0.00939968163676831 0.00510615157528839 -0.00140710502065859 0.000924546837199496 0.0131794854528369 0.00913651553085855 0.00703363927046584 0.00632933168468636 0.00220167981720617 0.0024891823420228 0.00839511068364578 0.00687445991964378 0.00985272724276751 0.00564912289582536 0.015597478254207 0.00775194044685017 0.00251356297721127 0.0021849327054621 0.00546385354945304 0.00391642222175503 0.00115946596537557 0.00252719144321832 0.0108139411680229 0.0109461054316653 0.00671741565531017 0.00737824594259909 0.00777609589221515 0.00710744678058015 0.0105578544745654 0.0102303304640484 0.00555665055242405 0.00626340844641211 0.00652132435298757 0.00791527045614546 0.008314682307845 0.00966238450003534 0.0134948106242007 0.010884959907969 0.00686011217369642 0.00711329166642026 0.0262436280711855 0.0152761336040494 0.00971860389758611 0.00754205705748519 0.00862282592130553 0.00536000067012188 0.00550924240477015 0.0047569660560192 0.00561188626866506 0.00491721833821462 0.00932764121001287 3.17948309035957e-06 0.00563378520556356 0.00346234754449252 0.000348639448875213 0.00519368960217365 0.00255493351318445 0.00501053742438581 0.00319186448211909 0.00518352737038047 0.00988971639852335 0.00938597765064147 0.00722701785662226 0.00556173604943527 0.00932279617423526 0.0114717840626005 0.00525696476007368 0.00538049278332598 0.00374401022434207 0.00406545557272095 0.00343631748349429
0.00870461702713491 0.0118669280923776 0.0112274787476447 0.0158665857641953 0.00558678760016761 0.00676857148497761 0.0134585236968148 0.0162973382936817 0.0111098588234596 0.0274432933965022 0.00747695024816232 0.0121770214618792 0.0119191844874659 0.0226901391887145 0.01554280144701 0 0.0019978088738211 0.00693646463522274 0.00863406219193456 0.00703077793224867 0.00249943801246862 2.25566029456503e-05 0.0145161873417748 0.0162259315397036 0.00501092302046047 0.00847793087333156 0.00234143144761206 0.00672978756709024 0.0103451424917218 0.0121636053546453 0.0111840718911956 0.0107287767931797 0.012940683176101 0.0103776004417983 0.00316975632728593 0.00152828725661933 0.00826395875132042 0.00564069904540721 0.00184724079648109 0.000505644990902351 0.0190995477577962 0.0202490058111852 0.00993326469113099 0.00905181493477731 0.0118766747503072 0.0108134036319023 0.0124993867834139 0.0125291730166513 0.00842978813578526 0.00989675590166774 0.00836993941601809 0.012917684877898 0.0142022384298489 0.0166508977732573 0.0144328738255182 0.0220800520762939 0.00846453171164889 0.0183869030306483 0.0194453856636571 0.0272035884149806 0.0128574379722338 0.0140241873325932 0.0132270192135401 0.0111527086978241 0.00884594886644538 0.00529217252077221 0.00519143622825205 0.00333171927659011 0.00808007133305519 0.00139574520103342 0.00607257228872929 0.00553960223870984 0.00345776761099068 0.0107152389817638 0.0038488290006075 0.00906761773922232 0.00510207651828959 0.00834816676708804 0.0107254176154742 0.0170168134480429 0.00762164305014779 0.00942392892128839 0.014187554478418 0.0113856271364436 0.00621588880915922 0.00409906359248767 0.00537982316486685 0.00427249443657217 0.0042370474244087
0.00887862436438416 0.012516432419042 0.00260136162447008 0.00324336238489915 0.00207497570553367 0.000443985823331243 0.00300567432909938 0.0046788859733185 0.00157777426705051 -0.000127703465883321 0.0097566163398597 0.00854874863830631 0.00295438912262152 0.00550445734398857 0.00231043841162155 0.0019978088738211 0 0.0184700786995585 0.00557150080016445 0.00734984178230259 0.00243237642302164 0.0023700386187956 -0.000466995857744243 -0.000176901704539823 0.000585293830738553 -0.000391411515293279 0.00568524901028767 0.0100760295275837 0.00138942927024376 0.00205415572381192 0.00555386745579971 0.00646448345313555 -0.00331729800144893 0.00235890696326356 0.00340056578732946 0.00491115610023459 0.0027275124500095 0.002413057912456 0.00642705793675951 0.00479940342148588 0.000270496763972429 0.00440006954093509 0.0105664561841219 0.01355463672159 0.00611058974038786 0.00523188614637899 0.00724466141745289 0.00840163820925414 0.00375826193388882 0.00617546991831609 0.0175534774868486 0.0179393915138604 0.0147791826487787 0.012383673742823 0.00544984697114611 0.00478142001592859 0.00651261558409885 0.0164105752078331 -0.00239917316901666 0.00220205534560112 0.00365118746474625 0.00365168440845528 0.0116629563159601 0.00734458163819718 0.000592602455353614 0.00156267529917006 0.00399721838133445 0.0049860364338067 0.00573830679968078 0.00388877069468514 0.00485977088430573 0.00128861360618692 0.00461911271904682 0.0149182911109746 0.0101175882084401 0.0129537572397097 0.0036533582129301 0.00412624221485247 0.00407993153497464 0.00810317928855326 0.0023860572002705 0.00467929919794212 0.000550476359163171 0.00231897942199164 0.00234802973034609 0.00307683044401148 0.00452613473067423 0.00403072913554471 0.00235624827018648
0.0147686716230102 0.0240552075676761 0.00729063421512165 0.0070406716204714 0.00219877137130425 -0.000896173801929323 0.0078310230207598 0.0101805116072512 0.0021279985592245 0.00345295949669551 0.012517828226704 0.0167383500024438 0.00696089897479282 0.0101738134632876 0.00410855087112938 0.00693646463522274 0.0184700786995585 0 0.012786954094503 0.0143921836217734 0.00369888217482232 0.00358795924721254 0.00280670256047222 0.0049597623414562 -0.000326136132854953 -0.000788732249252739 0.00833757827964476 0.0176303048952434 0.00423370656334606 0.00513026650222057 0.00964185204300211 0.0115592331091707 -0.00330727674723709 0.00596636852026567 0.00546496664110086 0.00745603565925447 0.00649638110000205 0.00747727158359595 0.00753802463492995 0.0098979633945312 0.00323100131137435 0.0112537260152484 0.0221563654679464 0.0278808713245014 0.0111374318195976 0.012082618120912 0.0154103239413953 0.0179464009937494 0.00919456914455301 0.0149712253948729 0.0302147137709668 0.0336181854311506 0.0220228331994047 0.0205978438308941 0.00941076693224784 0.00928390818114441 0.00691894897336338 0.0250327216338835 -0.00176526859130572 0.00778410650871546 0.00748960999282536 0.0078753596446382 0.0246170883102254 0.017198942552666 0.00281337097843566 0.00264929072012977 0.00717229353506128 0.00759792031296016 0.0123627708431945 0.00189052800487207 0.00740970897801639 0.00261945376148845 0.00899653897035692 0.0265573713137592 0.0165122400753637 0.0240823177045108 0.00694370159318057 0.00954490265260458 0.00837256288917426 0.0164194630436959 0.00336658025617989 0.00723730441361242 0.00272975172027628 0.00505417435712828 0.00580626555062586 0.00626159117524466 0.00754898236594329 0.00613343333341145 0.00556597095896915
0.0160407561607291 0.018255267953472 0.0132175347604595 0.0107635463511184 0.00381625089628176 0.000878971179273575 0.0144334286648964 0.00872522037723203 0.00688798092477707 0.00530451004374691 0.0139318016456578 0.0138490760939791 0.0145746141132762 0.0105002171065986 0.00939968163676831 0.00863406219193456 0.00557150080016445 0.012786954094503 0 0.0114725961130567 -0.00197330182167111 0.000493941959644019 0.0111671544862404 0.00827822108346742 0.00302132404578681 0.00116902291989388 0.00359524341644587 0.00596978635474603 0.00885187139165 0.0054615205680789 0.0108675868646777 0.00502368858255977 0.0122233896939538 0.00821482230294741 0.00195965921385443 0.00357583583694359 0.00335601278289336 0.00346637949613891 0.00186949281533531 0.00213047221505444 0.00935934114099908 0.00915853020999308 0.0123009735417588 0.0130786020955618 0.00910169090155388 0.00818631949242416 0.0123594657674093 0.0157420704815872 0.0061452649732426 0.00923945175851139 0.015855470709658 0.0180080815834252 0.0139300838922327 0.0156054844438786 0.0148152849277336 0.00928255149096273 0.00668534849790265 0.00788393816829271 0.0185298052445559 0.0149556793294255 0.0119865402657188 0.0081395909225786 0.0147685644539445 0.00974143275750889 0.00642494580438874 0.00453700299533729 0.00767940120175499 0.00632736527494052 0.00525603586119903 0.000535919697931464 0.00800454084232028 0.00177179270384351 0.00268765779879656 0.00916919633135286 0.00692969174735543 0.00995762946359381 0.00492659470030214 0.00713186012403905 0.013262867558573 0.0116572288017232 0.00596694864386344 0.00668172170155251 0.00953770248213151 0.0137147798153294 0.00654805585499486 0.00830225283704961 0.0056597151296544 0.0069503846225768 0.0038177648463754
0.0125991827596621 0.0163109716340809 0.00705481122030171 0.00811262671276081 0.00238235942663951 0.000839638940061497 0.00926594346312628 0.0100184567712499 0.00430495606841839 0.00499665733388068 0.00947231238867684 0.0155974842716142 0.00838330478752991 0.0120393153251937 0.00510615157528839 0.00703077793224867 0.00734984178230259 0.0143921836217734 0.0114725961130567 0 0.00187718986530037 -0.000106216938077512 0.004733921199982 0.00662451158935083 0.000231556450643354 0.000442358732414397 0.00447158689826147 0.00924300095788465 0.00489404232922481 0.00430360738833233 0.00768008205349388 0.00821800543901358 0.00256477052119215 0.00502346578580751 0.00351733399987998 0.00352334966421649 0.00414230325548549 0.00410819575867431 0.00384821744906656 0.00224023962719534 0.00506739283400019 0.00892050252738209 0.0118050682813784 0.0127321449687419 0.00712234466838909 0.0071962391283721 0.0098320054273448 0.0117965297908781 0.00578112682462883 0.00826210911017257 0.0160521885014942 0.0182319742233475 0.0164286336639672 0.0151857232960183 0.0120837227236885 0.0114627280957886 0.00980129330118033 0.016633780987549 0.00585771860181086 0.010632303418678 0.00678846195688136 0.00714689769955415 0.01480727048514 0.0109663110274703 0.00359478848421374 0.00269320219339623 0.00501208268144241 0.00559506966714818 0.00620909069779262 0.00221032006785364 0.00504327323624933 0.00241463034810236 0.00196378334937823 0.0124139071430674 0.00857200350015408 0.013636836743743 0.00392358374851761 0.00651626297242744 0.0081406668447585 0.0120800563937744 0.0040873793274456 0.00599394633768761 0.0053457345227842 0.00652255656699978 0.00450012585981918 0.00548963525153517 0.00509254688549078 0.0044910781439315 0.00396778800979155
0.000805007193324742 0.000453005220772686 0.00416544790797472 -0.00155028360357922 0.00400241362287383 -0.00160388567146389 7.08005351899887e-05 -0.00134061300833646 -0.00029801238051654 -0.000445187077066604 -0.00167277135641488 -0.00167646678792001 -0.00106424696558538 -0.000610744288750047 -0.00140710502065859 0.00249943801246862 0.00243237642302164 0.00369888217482232 -0.00197330182167111 0.00187718986530037 0 -0.000182060265290291 0.00107030114094171 0.000276713255129877 -0.000651249055389136 0.00124249688118957 -0.000973086975799959 0.00463067260795505 0.00167662533822967 0.00198688565763119 0.00376300380380324 0.00495579126234604 -0.0109585999475168 -0.000818894385049404 -0.000408046832036929 0.00153019471627014 0.00243886639449773 -0.00194046915093217 0.0080146269185671 -0.00171568605011932 0.00192556795741612 0.00486182747446357 0.00679725742553431 0.00599346465808517 0.00373698736703421 0.00257690991505932 0.00238139727878115 0.00238550371087241 0.00175539272455069 0.000440752672904473 0.000766651336652923 0.00158778236227073 0.00334593924126654 0.00384978074203057 0.00011503417663412 0.000561990910751932 0.00258029967265734 0.00269957148641463 -0.00126611897082809 -0.00300570033541841 0.00121695599140043 0.000744233584236664 -0.000508362276871383 0.00362311833598076 -0.00056803500707756 0.000746082260371393 -0.00223228958333174 -0.00223043856757519 0.000380888855444737 0.00353753894643807 0.000142800572999146 0.00199449341380355 -0.00249171974490741 0.0103788955868661 0.00363202972608992 0.00553877770779959 0.00287291010669629 0.000232990376834844 -0.00131003775547247 0.00045185060660153 0.000678173449492354 0.00379291029329831 -0.00118443691993183 -0.000882542910921573 -0.00108852051622178 -0.00224136857122827 1.55108416821268e-05 -0.0011339267346243 -0.00302711972978724
0.00184824392830397 0.00235464270217774 0.00133925047794794 0.000794960616186259 -0.000132833718574769 0.000611996950580032 0.00097487198895359 0.00169456246169898 0.000489412349644724 -0.00130039629044199 0.00123083554665896 -0.00125204358697226 0.000947697600629924 3.18895027798851e-05 0.000924546837199496 2.25566029456503e-05 0.0023700386187956 0.00358795924721254 0.000493941959644019 -0.000106216938077512 -0.000182060265290291 0 -0.000586016660340255 -0.00203561919090076 0.00304143010878649 0.00272814363186547 0.000392687309538065 0.00217372750641859 0.00084525159938077 0.000486836993097203 0.00205034966869342 0.000575939237596978 0.00328703702343762 0.00407371820306691 0.0032922162170347 0.00230019893388144 0.00134798664105749 0.00216667120676646 0.000611042908067609 0.00282223682210575 7.73649670177248e-06 -0.00103508103603934 0.00121257862379204 0.00385775112317001 0.00206937921754124 0.00187041284889241 0.00431224360845306 0.00496910465147015 0.0017596525345798 0.00257936088552543 0.00424539481558967 0.00480401944478035 0.00218028060040186 0.00319298433088394 0.000408805743263979 -0.000691377739780096 -0.00108009461384281 0.00161982464785749 0.000398264894059225 6.9965566589074e-05 0.00396874082203067 0.00211488360312245 0.00469279337955767 0.00461392821416431 0.00308259530892023 0.00284038731929262 0.00232706446530916 0.00210094005992698 0.00274206663923042 0.00184547154908416 0.00139386240672843 0.000449788594945837 0.00149131019359733 0.00280759280662571 0.00263229075504793 0.00211794452601658 0.00141422251730559 0.00109343135086179 0.000365655999783903 0.00270652467765338 0.000797413957219034 0.00102304650149862 0.00181037606813171 0.0033627151369221 0.00167334051647399 0.0017487552599727 0.00232791936924175 0.00217288427587296 4.88768100548189e-05
0.00475363895578372 0.00464822986701319 0.0199107188712958 0.0101170644828024 0.00677105507679023 0.0046312501022936 0.0139008629967765 0.00354898631050373 0.00924337645189984 0.010837972299837 0.00113789927165393 7.80812723298221e-05 0.00963053923388607 0.00597620785358707 0.0131794854528369 0.0145161873417748 -0.000466995857744243 0.00280670256047222 0.0111671544862404 0.004733921199982 0.00107030114094171 -0.000586016660340255 0 0.0167390127102925 0.0103227805471761 0.00807566869644435 -0.000131744822239622 0.000917505577143395 0.0154866906493557 0.0128534179347021 0.0127473357702136 0.00714688999449772 0.0266607568510817 0.0171043127692575 0.000662711011216916 -0.000757130511729252 0.00577288933322313 0.00282878113148776 -0.000876617705215804 -0.00205141089119034 0.0159570420161092 0.0152752939137535 0.0118512669372266 0.00819405320205208 0.0101120278957738 0.00885224818294229 0.0128416501400806 0.0126576395418993 0.00748246283145829 0.00826414854138461 0.00333554713371989 0.00368978351352924 0.00116425130060474 0.00620450522902781 0.00906596659443719 0.00826424630090812 0.00419924960182783 -0.00329970520006264 0.0355426818677278 0.0189546324918955 0.0171915255662282 0.0112758129113137 0.00488954411156988 0.00472989202247375 0.00466920985025718 0.00502141111986108 0.00513529412139335 0.00275702799912973 0.00836650059461427 -0.00227533128082047 0.00476345520027287 0.00489135969595257 -7.44443487369134e-05 0.00647062146606529 0.00306236930761081 0.00493536022350218 0.0053193933399025 0.00851203716455543 0.0112790369523489 0.00767361516891889 0.00495565236443503 0.00614589701656786 0.00745214592635117 0.00998554175106106 0.0044576167800967 0.00624324920512694 0.00312410131145785 0.00251262619988369 0.00372649761815827
