0 0.509810683002426 0.343200129658075 0.309124487109965 0.182998016752123 0.22333327731688 0.328402891416307 0.317945860696324 0.155386362532682 0.103723867769763 0.400092878593888 0.391183833762177 0.360528834549766 0.383725633390248 0.33474502974731 0.361267116818623 0.494010255953442 0.559815245442432 0.548347340968099 0.428395542257951 0.184650184590471 0.123177438842679 0.357206855213257 0.277896716337677 0.251182244876534 0.301157442324923 0.419354515055638 0.413778302687489 0.387210001293171 0.358865860623334 0.41402813798961 0.421356439163325 0.285230439409249 0.248212661037106 0.0202681413573012 0.0503747983889887 0.1289792304585 0.176697341159812 0.190827677185515 0.359643425688699 0.416305102963474 0.376219294963359 0.264492522731139 0.327908374675603 0.369819202099436 0.370950762546887 0.291982645286287 0.234202955492258 0.231434890771737 0.254628608022854 0.560940224440207 0.526680279236912 0.46365780648194 0.41771671000657 0.296555574855933 0.231152082963288 0.372510079063821 0.289597235054761 0.194064913891297 0.267820967479258 0.332311170211647 0.293284682848006 0.517346699084981 0.440049281027721 0.175754361460326 0.208195410927688 0.216441925086505 0.283823227494931 0.227293050941033 0.281442194641123 0.148519060293945 0.136614147562347 0.486964112143071 0.529132173539397 0.472848435168704 0.489767080870948 0.240139287409255 0.323145143902083 0.34107079860115 0.308817783262428 0.147727435244988 0.169651851336248 0.154100388823586 0.127433888661186 0.162889772247445 0.181518328353855 0.145228249345407 0.22829305882313 0.166956985136506
0.509810683002426 0 0.3280511018175 0.338883290830726 0.164208423004957 0.209518013064797 0.317430134796161 0.328468684359174 0.147614258948915 0.125427871352851 0.409287272595045 0.399505361768765 0.367718059697249 0.402838359723861 0.336316246182922 0.359565414314829 0.448889850417716 0.566118867345218 0.528634275734562 0.450459647666806 0.200942870302852 0.124950513902947 0.343993422141108 0.27425056089736 0.255247822415329 0.281164353529705 0.426193595077373 0.418052481866858 0.395287789190981 0.351870422338184 0.393361928547685 0.387599372815102 0.240791236438009 0.240902280318151 0.00757711361319768 0.101443912393003 0.122985247189856 0.165177304013587 0.219211627872801 0.338493260920709 0.376527369474355 0.347415216720018 0.258614642405353 0.313346690062672 0.383532660856493 0.364471173790474 0.287095218682416 0.239902531870738 0.248550757014455 0.264916392549194 0.515671200963702 0.539293503984422 0.448711920758189 0.449876479739232 0.300375515075241 0.25279798859544 0.357243322285601 0.295151665442625 0.21584441150443 0.264916741349527 0.343890292645501 0.284691976004079 0.490067301634233 0.41374364840039 0.183004463685375 0.207815032610268 0.221414609731311 0.310296045542795 0.230990924086331 0.28553758820532 0.168718516855531 0.136887988103568 0.456952013258707 0.501527214742604 0.456465922607423 0.463456464984566 0.212110540448933 0.331482103190943 0.322025610035905 0.289371023960572 0.165788974619882 0.189538806983879 0.145502624915481 0.148893901353859 0.187829321176447 0.187824782608277 0.148176982745363 0.21283151222208 0.195150543204897
0.343200129658075 0.3280511018175 0 0.367429671739037 0.248946259317065 0.257770818853953 0.439137961214731 0.397505957174515 0.337355422256141 0.254904714515769 0.233223562187937 0.231138807398433 0.277519409267728 0.26633881522138 0.301756260927056 0.24760214985717 0.36253499623342 0.374261733847192 0.353821956718573 0.258967620517167 0.0899974561347676 0.0602160317159686 0.329906162078694 0.229661179505886 0.255978211942274 0.231534678952806 0.286002213921014 0.257202901567383 0.349606852607392 0.292810905936842 0.437466611209519 0.386948202702986 0.404640435208887 0.329754770821497 0.0373495494862779 0.121027290563083 0.127595660221398 0.121146347513355 0.102731979344465 0.252199801405459 0.420564315931264 0.398740317332627 0.387033945960412 0.36848918016551 0.378438523182381 0.379721798272009 0.370857853325618 0.316272231468404 0.243769450542576 0.250980662888508 0.383726298689319 0.411702021028581 0.396751950995843 0.388383808104738 0.308188446883036 0.307453301520076 0.352346341851059 0.292262540397174 0.398099054794432 0.350994098271481 0.422269530299415 0.377691767397706 0.410147777825747 0.37672044983748 0.213780024421475 0.231444587122319 0.188397980384246 0.275305489734743 0.168252282155305 0.196838259037624 0.166912605306845 0.198833080342523 0.391578995415025 0.396759039558966 0.403223730314299 0.405620629257646 0.178018732619283 0.292302315288153 0.350787989866508 0.340921379549479 0.222230005730892 0.29641467266895 0.327767621375653 0.324801633214768 0.287295498948018 0.283436173986435 0.243668288501841 0.318971533389423 0.258772132835589
0.309124487109965 0.338883290830726 0.367429671739037 0 0.210861037697924 0.22714431254604 0.391930749992008 0.427603068870232 0.260062841825514 0.239133263545754 0.216863166682334 0.246666765835222 0.236470747552305 0.28417126137756 0.244915929289192 0.238293529623719 0.325456354205685 0.359952532225314 0.334351672225564 0.278316195174351 0.113998425391783 0.0623226915548922 0.32172685926269 0.279771924174121 0.232722877844455 0.235132377550437 0.293146256993336 0.280536821369689 0.353066724644832 0.363322232612078 0.391811441135371 0.393165218787262 0.370302052106181 0.353913064755181 0.0451760794310007 0.130006839683526 0.11235759483982 0.109727937391327 0.0987079969162609 0.231932222377276 0.378810148083948 0.377461948485469 0.339011561434102 0.331813008570021 0.359205469229926 0.339712502395013 0.352366084506047 0.317323614998409 0.239693937382245 0.26429739680013 0.3320866422351 0.357832574408527 0.355163771209154 0.371023563339908 0.273296653286342 0.312074356991747 0.314095852646822 0.303139483842152 0.282175485226922 0.338209910749571 0.397995110049445 0.368315717782965 0.366526287432603 0.32985123776136 0.185355106773567 0.23030103264551 0.220100289013164 0.299521370599283 0.183509221802401 0.208633694630839 0.174859757242477 0.159775237600088 0.392766102415883 0.377947438907486 0.380698046871317 0.395469916959745 0.157328682629522 0.255727997453705 0.301025410750074 0.327539502525184 0.203235394542654 0.276298420859516 0.311271004573323 0.305350981673936 0.283025030921332 0.267053294890926 0.233662631387704 0.286669457700216 0.235055751609783
0.182998016752123 0.164208423004957 0.248946259317065 0.210861037697924 0 0.189548958364412 0.279688225798487 0.242050620781247 0.228576151339811 0.180883396083851 0.0901148755855876 0.137940855100894 0.156058364586656 0.16266189845258 0.166827215604876 0.124297539261293 0.192805696236517 0.196686776127701 0.161779647409688 0.108656923254093 0.0422487626144057 0.0434031106250584 0.199991535363988 0.145126695446433 0.190913095335347 0.171198737272639 0.155304202335537 0.12241981334155 0.219906792301862 0.167338080386161 0.279512961064087 0.229978242914862 0.309773758184818 0.273552715418068 0.0672581269674471 0.109623177329091 0.081336090282613 0.0800454239813722 0.0963471280498444 0.175402111392615 0.299059303154036 0.286288624136924 0.273884295174453 0.244196947820714 0.258306067170943 0.255910930996887 0.261085178201936 0.256796028082435 0.169235522520871 0.177238366181675 0.210049591620928 0.214466454638196 0.232000265384144 0.248258535463553 0.19012842534178 0.219209306060706 0.209108136132041 0.173177549969871 0.238047150081504 0.215074815900681 0.270719884080026 0.263394120132761 0.218498891493685 0.234852137252104 0.161130266102471 0.160198542131689 0.121757211798707 0.203809518243886 0.093796144879801 0.125650548303106 0.159792033381563 0.159850001237905 0.231584935519237 0.240151617065999 0.246357704663718 0.227215503057635 0.123165558723811 0.174459206618642 0.233376309126752 0.232872216074882 0.163471632202191 0.230609865808778 0.288752143137019 0.270892298872424 0.224957414973201 0.21092808345348 0.165649511714571 0.256409533365655 0.160314746797504
0.22333327731688 0.209518013064797 0.257770818853953 0.22714431254604 0.189548958364412 0 0.273236733010735 0.264172928560331 0.19506147525015 0.211979606272965 0.119687259331797 0.165074877136107 0.182672434570677 0.191358854161928 0.19445566095619 0.163192446654113 0.252684858116725 0.240582484160168 0.221080129944167 0.159201352316972 0.0239799369920669 0.0400108824537872 0.224680078714369 0.181371792016735 0.18346544550561 0.175321517291365 0.19371872017638 0.167940766686007 0.227957193153976 0.192991245451312 0.300825194727444 0.265083964592923 0.321473434658219 0.269923985817669 0.0557481916897892 0.0844189700705362 0.101236266729556 0.102114780130085 0.0670498566279427 0.176808818021291 0.317352537446927 0.303987758738438 0.28483208605166 0.280694842947191 0.268507219209109 0.290580225890398 0.270250888063318 0.250083020892388 0.172706149320664 0.201778131198695 0.250103510058434 0.259528625921284 0.263968187530208 0.268282670185474 0.194434291427061 0.222402050238148 0.22823710989317 0.178309217250948 0.237182766864233 0.239537998899242 0.272985429054739 0.266600004088756 0.274351665350334 0.263204446890777 0.141196118257028 0.180410444960436 0.146703993047569 0.224277849934167 0.131335334525768 0.118990950244718 0.146733130669297 0.173794674616115 0.271621894740901 0.275746010772052 0.261837365648832 0.29134122850109 0.123584536485501 0.197879375435088 0.256173940674928 0.248164769246811 0.1643296716516 0.231662604566444 0.248358588351245 0.268521523943572 0.195619322806232 0.21160705566661 0.175772364216897 0.236940755980858 0.161816731541156
0.328402891416307 0.317430134796161 0.439137961214731 0.391930749992008 0.279688225798487 0.273236733010735 0 0.426904542099949 0.35569586262133 0.287178685493954 0.225959534624948 0.237943758351414 0.284964926857215 0.279923307119222 0.304645990391083 0.227589845292387 0.352326991299721 0.348946335191709 0.348002376499811 0.25261820372085 0.0729754297947272 0.0677798688871093 0.347687835305111 0.230690960720764 0.249559156233293 0.215234084010178 0.300804713377318 0.248079712748844 0.373880078573456 0.30511188014002 0.465804821633633 0.419629762039106 0.419062211605336 0.369642429723997 0.0839662607340204 0.132262549944662 0.111052718692132 0.136040335280409 0.0896265939242976 0.259812370924974 0.463359467911522 0.43755716787416 0.429611416486472 0.385025362483392 0.399547799484286 0.395730322375974 0.418658623169301 0.399958106733694 0.273215468259396 0.299822410329311 0.354502080542818 0.384791339086898 0.4133454295611 0.427383866976129 0.346683918506934 0.349289557649393 0.382122382321282 0.31621194313004 0.386214766841394 0.337645486719734 0.455952424225622 0.392985441165951 0.398927193878237 0.395589783953993 0.244173811680713 0.291957517222314 0.210268038542263 0.30459219667299 0.177272124294165 0.188580076069424 0.232615879972345 0.25332764638088 0.397577596609693 0.385316072788945 0.414616701420152 0.398265418928829 0.155801680595755 0.263034647977455 0.360774767718715 0.331687030276952 0.257949113585565 0.353757188456371 0.410701410422846 0.413244596615043 0.33943227992979 0.340190816679808 0.300096689265409 0.366179007758767 0.254393533913631
0.317945860696324 0.328468684359174 0.397505957174515 0.427603068870232 0.242050620781247 0.264172928560331 0.426904542099949 0 0.306476637801944 0.303826758665809 0.25405978981414 0.324810429919973 0.283311197915688 0.311399402097351 0.263091108853464 0.225700536762698 0.338527085121727 0.357228594568649 0.347949278592587 0.272840311390264 0.114045174932496 0.0663254475715124 0.29804524639301 0.235366887956174 0.250922039303386 0.226055227734446 0.309217528099828 0.290369317265224 0.373602003241336 0.364880252500012 0.408016698176388 0.425655072512127 0.38515663025137 0.390533737672163 0.047946324968471 0.126379228823522 0.0974214309190537 0.1497096745684 0.127590366678673 0.259897449617213 0.425095295105946 0.405655459704674 0.365278191540096 0.376388801369382 0.376575576492292 0.369493644233527 0.403622990596136 0.368893945404706 0.289209819742744 0.288129643262023 0.337616967313719 0.375232548488576 0.385462555680715 0.411365229135994 0.345563854733334 0.404549887020432 0.343218197829456 0.345983803756221 0.318012570428791 0.379059205822499 0.425228798127568 0.399873192671311 0.370537208422645 0.354880452431861 0.22283389499512 0.27466356848275 0.247728777998152 0.330528019076901 0.194617231605045 0.227337982738569 0.212996821120109 0.220516566327405 0.388293498884191 0.37338362946633 0.39096667233315 0.373764801819732 0.140590660418066 0.222771547942307 0.3034806071457 0.345984574716391 0.218696010695057 0.327900730513272 0.375698537890564 0.35022559759381 0.322597067543253 0.30119211279464 0.283223932305558 0.335926081553502 0.23358196412387
0.155386362532682 0.147614258948915 0.337355422256141 0.260062841825514 0.228576151339811 0.19506147525015 0.35569586262133 0.306476637801944 0 0.28365005755076 0.122341260122567 0.12314855920939 0.146042736525124 0.123451481979929 0.210040561285324 0.100695925390285 0.186359018875301 0.1636164318387 0.141093265438782 0.087929171075731 0.0476150338276205 -0.00675117809167727 0.159562113700622 0.0873553327608011 0.172409580562199 0.120484647084543 0.157833925899906 0.10343165281652 0.236040454583911 0.172058739529832 0.286749638684252 0.250114335342717 0.290952591331534 0.216676776799126 0.0806068610277321 0.0997380772142252 0.0831672893364466 0.0915299304052985 0.0649877635846021 0.153541935858675 0.278005994160354 0.2630566900987 0.309768855493191 0.27278494697588 0.237555825701658 0.225401135320801 0.258928049876478 0.253774585759252 0.157732231325286 0.161816091517173 0.168761377693581 0.224841845334994 0.246173864491682 0.263206454211107 0.239722740207105 0.260196601298763 0.241077436505164 0.22033908138526 0.291419078235648 0.238690753785241 0.284424660024577 0.251216015075979 0.189805313833282 0.208674512080575 0.209813563235496 0.238497808731604 0.13332514755784 0.190270390451306 0.133011526731096 0.123938392083388 0.142707156833385 0.180802916894019 0.217071301032638 0.176871755362822 0.212550810764222 0.195524677906324 0.067876354607555 0.138519282408165 0.185606111678534 0.212026860801468 0.189044817197301 0.269240027397952 0.352937860685272 0.337205962989492 0.273619742950025 0.250030661336081 0.198348745929602 0.287984379610425 0.175102215405149
0.103723867769763 0.125427871352851 0.254904714515769 0.239133263545754 0.180883396083851 0.211979606272965 0.287178685493954 0.303826758665809 0.28365005755076 0 0.121782747176601 0.154849511865145 0.16173692191697 0.167558193469543 0.180930070294726 0.141404336998668 0.174992147746787 0.138932354698794 0.113471261470276 0.0816996565745051 0.0288821400527247 0.0229514249429186 0.151072611383498 0.114910140571728 0.145218909798099 0.113590818895175 0.105552801634185 0.11047512660594 0.161853881353107 0.145046123276524 0.220418968646995 0.19932739673787 0.255365319278393 0.219447242180979 0.0308159883276914 0.074502912557036 0.0645750251303225 0.076709941368586 0.0312276923386767 0.0874921341895406 0.241649318405479 0.21784164408871 0.229133647295631 0.198390475057874 0.187309355908052 0.187990965002437 0.243930812218067 0.202480314269935 0.133741249825454 0.172902540233642 0.144187335781198 0.181010686453803 0.186086109694324 0.202703003391161 0.234295855497054 0.304931135480481 0.178690468733267 0.179566085098414 0.300773188241466 0.307358313814765 0.233801469339614 0.220198240393905 0.158366134645763 0.148972859967944 0.152203041739353 0.146025445741635 0.0984869728457022 0.177263040548236 0.151649699918613 0.0924072319611811 0.0814458415733052 0.149506327096299 0.162132421718649 0.157755178724969 0.159883675051283 0.163063763914312 0.0780254026841491 0.15361136747499 0.188549420899957 0.205314964544375 0.146030266383082 0.212704180112984 0.248882254135192 0.237759969000175 0.202328725128818 0.185980093310412 0.155385409763165 0.177128477611443 0.146276921992609
0.400092878593888 0.409287272595045 0.233223562187937 0.216863166682334 0.0901148755855876 0.119687259331797 0.225959534624948 0.25405978981414 0.122341260122567 0.121782747176601 0 0.449178671935752 0.414634120471438 0.416327033210535 0.334908754324926 0.354872431823309 0.395022981121677 0.457919162769021 0.425852048032085 0.383869695565542 0.178915402852561 0.0814711761799323 0.308800877756171 0.217276683613994 0.125187103872808 0.233897236878127 0.361958257641206 0.373490412780377 0.268569017172424 0.253201322620296 0.193768121829845 0.222186503209025 0.0340484903955856 0.0240912865274351 -0.0451911685085806 0.0131402270970461 0.06868957035056 0.150230909341181 0.17858966251112 0.303837392044298 0.157959781848815 0.150018956074644 0.0156540710518153 0.0947534197718254 0.194947005630555 0.172304431236441 0.106334874065969 0.0483150996458048 0.170079459894673 0.132257481628961 0.366324478109391 0.379863889236445 0.323158543033121 0.247540593279647 0.297252750635016 0.212074215677004 0.369914121277012 0.26968378571258 0.185242909507231 0.216262608008504 0.151601877112891 0.110563812408187 0.280736743711253 0.170898729066032 0.0855692936240798 0.0855684460437916 0.161476724011257 0.185211468850907 0.221331953493876 0.246935046272445 0.0314747360166759 0.0504573458898468 0.339508302959951 0.32380416239552 0.31087316830716 0.326859292715508 0.20945803026631 0.227920237135528 0.25952046806648 0.225686506314542 0.0970845999748295 0.0687710390104353 -0.000185832822251411 0.0283421167620843 0.0233172180361225 0.0599687513656733 0.0600942762951385 0.0804305007335021 0.0992442800535806
0.391183833762177 0.399505361768765 0.231138807398433 0.246666765835222 0.137940855100894 0.165074877136107 0.237943758351414 0.324810429919973 0.12314855920939 0.154849511865145 0.449178671935752 0 0.371186444516864 0.442635354464218 0.295946361290134 0.352222908240015 0.348546641538983 0.420813075958197 0.382652108130782 0.381164028651622 0.186305490985624 0.128735821562512 0.304264077090626 0.256777165826275 0.180275487813766 0.236758222020393 0.382673201448011 0.419653210395195 0.3303196656906 0.335248713408468 0.231013524699824 0.276225070046764 0.0910622779549873 0.159160902823577 -0.0172607606055947 0.0350001641301304 0.0775498466728895 0.169924350658473 0.247461003971033 0.318929666955533 0.195097876235214 0.196771201691951 0.06315221336188 0.162011974171217 0.236206697841604 0.214213411935428 0.21472626126244 0.154953705971126 0.232092051342558 0.2080452417219 0.310252339302473 0.3809522583921 0.338832519871484 0.313645582587699 0.320667373856888 0.309237391252949 0.320924881719912 0.311503465616527 0.159799843117232 0.248945797207676 0.20796158390014 0.188452476363011 0.261153899308067 0.1903993085188 0.166943227305257 0.141731048372972 0.207141445387406 0.264247269396278 0.237040795773242 0.268391683208001 0.0768101708720987 0.103791171685341 0.324907192447748 0.320178176572055 0.349093208478436 0.338061731725747 0.175738008454543 0.227446435777115 0.252408971835333 0.247368749863901 0.118748004150508 0.131067755396876 0.084205675908353 0.0856131108202594 0.0910134157648742 0.108112076862508 0.0977065356610503 0.119585432589611 0.12559718456171
0.360528834549766 0.367718059697249 0.277519409267728 0.236470747552305 0.156058364586656 0.182672434570677 0.284964926857215 0.283311197915688 0.146042736525124 0.16173692191697 0.414634120471438 0.371186444516864 0 0.430802018896719 0.379493128658983 0.363618259270147 0.404530425195421 0.449834392793733 0.415223268967253 0.362719355284151 0.14889010475432 0.114327989971456 0.336161140526037 0.23868159911477 0.181019919324943 0.2629846647794 0.3695256488948 0.418283149312091 0.352065239341789 0.312783355085198 0.302218357223411 0.304315795351911 0.138353930543441 0.146482768054788 0.00585409591601602 0.0579133569160456 0.117647600842004 0.159931601012169 0.186663371682245 0.309241481236243 0.274854421655987 0.257648779391777 0.154541154941556 0.207132383855407 0.273253435252864 0.278820994595118 0.21907199706787 0.162970970649423 0.219109728830991 0.216316212637864 0.384902599687156 0.383733997641197 0.338740955557174 0.304198961328824 0.342595550755959 0.240580897628605 0.351573677098148 0.290087052961686 0.202248671518661 0.224468586331773 0.233204350125123 0.162899249013192 0.337664225710738 0.282063216969347 0.128682067150601 0.13874606375086 0.185464413467513 0.259432507131391 0.213026542357573 0.200043300577642 0.144381746186679 0.170840732277044 0.413182613886845 0.428353813951247 0.414105685805064 0.379433604284251 0.238361838451979 0.240683771789153 0.304851530372612 0.240773010652304 0.156864568658247 0.138832435860897 0.0926082010937361 0.0959780025203444 0.10869808659622 0.112015644719883 0.125449074739901 0.166240345798347 0.14312748337872
0.383725633390248 0.402838359723861 0.26633881522138 0.28417126137756 0.16266189845258 0.191358854161928 0.279923307119222 0.311399402097351 0.123451481979929 0.167558193469543 0.416327033210535 0.442635354464218 0.430802018896719 0 0.361118616732705 0.438695010798107 0.402188667829343 0.483831094577686 0.394144923518373 0.387652207380504 0.163724731305176 0.123517271687648 0.353404630792522 0.315854154398185 0.202453182591603 0.275373692898491 0.395204414996068 0.432546457913559 0.337759475823594 0.351854508588699 0.2972133075778 0.308199985475435 0.130555162593532 0.188611428078366 -0.0236145316302292 0.0780139494319305 0.104693924741584 0.163636412364778 0.218883589413315 0.356330034075502 0.257901407398641 0.223171792748532 0.0999965686565889 0.193729439090705 0.263470021620669 0.291246166794953 0.216601843981695 0.117901125281279 0.24189109238875 0.245796611683933 0.398749830846617 0.396089962097454 0.333140883909563 0.303421077560259 0.318772692850107 0.252207614158339 0.376702437584199 0.333545408054504 0.224912708583212 0.274319658340339 0.243454349218861 0.19834108872831 0.328848681908397 0.241649737710625 0.15228111043694 0.174385376630933 0.2036257513579 0.287364554227192 0.214751366898218 0.249534110987629 0.13202220168813 0.104331912979615 0.438200422399106 0.442243419183021 0.429066978531886 0.433750741246356 0.254343215114698 0.284387448640186 0.34603989469411 0.324471610514116 0.154248057588348 0.150984849110138 0.102431189064376 0.110092058190717 0.0854996273820088 0.123166013439222 0.114727241576138 0.142926366439494 0.169574283027637
0.33474502974731 0.336316246182922 0.301756260927056 0.244915929289192 0.166827215604876 0.19445566095619 0.304645990391083 0.263091108853464 0.210040561285324 0.180930070294726 0.334908754324926 0.295946361290134 0.379493128658983 0.361118616732705 0 0.374170830617435 0.408975526718502 0.415685158973474 0.345903165342743 0.298982898138968 0.132552042891113 0.095137145091683 0.36441970898305 0.280100453369996 0.219280925751734 0.265699880180537 0.341526812086388 0.324326839973616 0.321378822876924 0.278641155964606 0.311873453154899 0.287502429037158 0.199501104213001 0.174605541031224 0.0280904268521485 0.070985098235618 0.120613867252399 0.14577319877375 0.174378713773891 0.27794783138326 0.275701531795988 0.266312505820001 0.186091382133674 0.215219965753174 0.286079279722716 0.267578452847278 0.212547747145613 0.157370751679106 0.197632769227404 0.204323551300951 0.391560292643039 0.369643231263468 0.294039929447018 0.261157242411104 0.268276522520372 0.222602025248472 0.340892385504307 0.270065480851723 0.280258355604711 0.264973246131581 0.24556060818884 0.21953968155017 0.326555126391347 0.274264252347092 0.167601659733469 0.202241419676313 0.166748872854522 0.225977346042 0.216490516650873 0.201491547820284 0.120080649564431 0.171496586561293 0.432836657745258 0.415434330461967 0.405588694450338 0.412293106290648 0.246343457583328 0.308412209649027 0.333939034389134 0.274209017771578 0.162994184967261 0.157686274063402 0.156978107271492 0.160217718963054 0.11485381564555 0.155617564570799 0.122913969978573 0.178642980445524 0.166771926709402
0.361267116818623 0.359565414314829 0.24760214985717 0.238293529623719 0.124297539261293 0.163192446654113 0.227589845292387 0.225700536762698 0.100695925390285 0.141404336998668 0.354872431823309 0.352222908240015 0.363618259270147 0.438695010798107 0.374170830617435 0 0.401800054953589 0.458800863624097 0.363371875873784 0.309797760511598 0.163008802483115 0.111230521341622 0.377852554344038 0.357364256106368 0.193760366137456 0.30171237818802 0.358486564330219 0.396155854040627 0.301432775920477 0.315319266731725 0.259763629825904 0.267930061849583 0.14137746083942 0.133749054507335 0.00488391144547612 0.0288890177170439 0.140905997654102 0.123147366163638 0.182551655836746 0.317736969208263 0.221485616849612 0.235399627896426 0.0766004330260962 0.177152829071289 0.245169257971167 0.263579568436228 0.135647718115621 0.073765503482946 0.181880891364999 0.188417988017076 0.383474282220172 0.356164876740316 0.260211858936786 0.211373069029639 0.22334950023351 0.157975576729752 0.327811051633406 0.251327292928842 0.224313847896109 0.242596374372899 0.199524158832449 0.170483715679517 0.290106233245494 0.185058021185886 0.125369309494456 0.138860122178478 0.146855663761692 0.202731164180931 0.241660935297641 0.207552248210496 0.0636628724701002 0.115058660650533 0.410067997034399 0.400146321395026 0.383727205284625 0.415736847368042 0.244908203232712 0.319296185463349 0.322286009488547 0.285907687733029 0.0984627735132802 0.10174823405539 0.0601332090310662 0.0494963829526569 0.0339694824201989 0.0720064836915582 0.0578555997798578 0.100798963417545 0.139025140079791
0.494010255953442 0.448889850417716 0.36253499623342 0.325456354205685 0.192805696236517 0.252684858116725 0.352326991299721 0.338527085121727 0.186359018875301 0.174992147746787 0.395022981121677 0.348546641538983 0.404530425195421 0.402188667829343 0.408975526718502 0.401800054953589 0 0.667340984195839 0.512744035518169 0.43509819501438 0.173891738248812 0.129524490799599 0.410143166723536 0.31373309477985 0.31551787335235 0.354701349531275 0.501667707673104 0.478884365576747 0.464319889137617 0.403125466582865 0.514377217988433 0.47779823364957 0.378312278396357 0.275608582026977 0.0279433947546181 0.0974230607992157 0.183514792108872 0.180231701194328 0.206265079327683 0.331716371724667 0.488070853188846 0.469512943937135 0.319122978158526 0.372102000746188 0.458378179227585 0.45533046385274 0.326873479017282 0.268096185897676 0.271752847690781 0.306612436291852 0.56847189685507 0.516294644192651 0.41570009396064 0.359981432188296 0.311977193984001 0.249080378263085 0.427850839063428 0.297504041404173 0.284337661957653 0.324117254203512 0.348846469433503 0.322427963030006 0.515576160328738 0.425905775204245 0.213295331171511 0.245604082160741 0.276383850343017 0.332183415774369 0.256586297884592 0.300709624757844 0.140805166914446 0.205332959634729 0.635444879865929 0.692906097713342 0.582056300848563 0.565800920750047 0.301774686876554 0.384154436839139 0.396524393143415 0.358787179946599 0.173807235554176 0.212072459216015 0.159347153334231 0.174714683742244 0.164704988460237 0.184390954803838 0.168115856340982 0.265889955037212 0.16315819240777
0.559815245442432 0.566118867345218 0.374261733847192 0.359952532225314 0.196686776127701 0.240582484160168 0.348946335191709 0.357228594568649 0.1636164318387 0.138932354698794 0.457919162769021 0.420813075958197 0.449834392793733 0.483831094577686 0.415685158973474 0.458800863624097 0.667340984195839 0 0.588279760822325 0.523218611900611 0.198284637825801 0.152992036115786 0.44199068773572 0.346031973513054 0.322644761300258 0.381051211393345 0.556779495289281 0.54600033419159 0.510298461892518 0.437572355401277 0.520188906669861 0.496968248568738 0.326655391754776 0.25159284719527 -0.00378139189688985 0.060952652275005 0.174594771419141 0.190352235853346 0.233308030657309 0.378940238136069 0.487156366199057 0.478906566370605 0.304972523715287 0.358993906991439 0.472042686778435 0.492234059536454 0.332694126992622 0.244128543303204 0.295730392866665 0.31483380076829 0.631885250484469 0.624783947047828 0.486558498544306 0.442401268215519 0.335229400641209 0.267716448974209 0.481116636479882 0.336852852422771 0.273689664071364 0.334703987384239 0.362192339803207 0.310516002500494 0.561685118313891 0.481843167147935 0.20923178774815 0.252744154085849 0.293624982608048 0.380768622821176 0.286315529848312 0.336954025467427 0.169706144666899 0.184551766848832 0.688403841057425 0.732819050347276 0.599229626169513 0.607797758667614 0.324190289728767 0.4008112546475 0.4118893055046 0.356313329202309 0.172170448735965 0.18595449727652 0.119691284765225 0.158704078201187 0.157806248595361 0.198794153501987 0.156344384560038 0.239166255235449 0.199850452738037
0.548347340968099 0.528634275734562 0.353821956718573 0.334351672225564 0.161779647409688 0.221080129944167 0.348002376499811 0.347949278592587 0.141093265438782 0.113471261470276 0.425852048032085 0.382652108130782 0.415223268967253 0.394144923518373 0.345903165342743 0.363371875873784 0.512744035518169 0.588279760822325 0 0.521320284289537 0.222103364412788 0.165718795092377 0.360120763891063 0.265437516445851 0.269414420160498 0.324140124909486 0.483694106193968 0.467990062796076 0.488731464662465 0.425791909820241 0.461931619608086 0.472380606061742 0.285913546221138 0.280615374459338 0.049575395030722 0.104148515989949 0.133593523296789 0.167991964138467 0.240536308287419 0.341019378728394 0.403129621725435 0.394437609471118 0.299190839566014 0.369051927983097 0.374807714041558 0.392239658396882 0.310088277043402 0.263437752558416 0.239283685374869 0.269246588964886 0.556353747580355 0.531784899669889 0.45790279063603 0.423081736927346 0.253511021591175 0.215617251835898 0.372261313419297 0.319022464949983 0.186107268965818 0.258027298442451 0.356624447511843 0.316623371927247 0.5730138994972 0.474158530724334 0.214067781068215 0.247867737708706 0.271242376721315 0.342911545405672 0.246649504000582 0.283413857567158 0.17038143703574 0.14066532502667 0.524233280021633 0.560746076241186 0.497521711628708 0.494619670409703 0.217280925658844 0.313098106816625 0.304876826425939 0.275302633189215 0.133289984303596 0.178649155336135 0.151778666583278 0.160386327048503 0.199160559690789 0.199661527735159 0.161460409144408 0.225018490505364 0.197170918615579
0.428395542257951 0.450459647666806 0.258967620517167 0.278316195174351 0.108656923254093 0.159201352316972 0.25261820372085 0.272840311390264 0.087929171075731 0.0816996565745051 0.383869695565542 0.381164028651622 0.362719355284151 0.387652207380504 0.298982898138968 0.309797760511598 0.43509819501438 0.523218611900611 0.521320284289537 0 0.196187790022757 0.143451527183144 0.293191436762076 0.239848693021446 0.186419101908221 0.248300145786593 0.427841055004282 0.443629629050009 0.405255043568624 0.373707375570734 0.343524925873404 0.36942362572986 0.150335926876934 0.183049050984345 0.0216297596362934 0.0831323805172127 0.102751131278456 0.152408141434987 0.209285064741571 0.31494290662016 0.293666451923324 0.267031579827949 0.205738892238137 0.257507287548665 0.284485129132159 0.279789168915338 0.230442196878033 0.178687730022852 0.195304586358127 0.209249131167901 0.440587374155029 0.430618184306527 0.380155037698756 0.349009126266654 0.252261203826107 0.181058302809276 0.311890882921078 0.287193746997697 0.117838494693821 0.194860732169445 0.274599063115172 0.209603455443606 0.450512555460371 0.336769401193727 0.170818125733978 0.198354426884341 0.238423071421045 0.296484912588013 0.228507735485687 0.234986791742477 0.150343483889042 0.0982291194088228 0.438627436870731 0.475464530237718 0.427460195069661 0.413477982497774 0.190442052263048 0.235640560497126 0.244919044240853 0.235206645136106 0.110705306705939 0.130227548863114 0.0941835106385057 0.0882273686553372 0.115830532402445 0.147040308685942 0.119783792598177 0.15499866196616 0.141084327094893
0.184650184590471 0.200942870302852 0.0899974561347676 0.113998425391783 0.0422487626144057 0.0239799369920669 0.0729754297947272 0.114045174932496 0.0476150338276205 0.0288821400527247 0.178915402852561 0.186305490985624 0.14889010475432 0.163724731305176 0.132552042891113 0.163008802483115 0.173891738248812 0.198284637825801 0.222103364412788 0.196187790022757 0 0.112820667698205 0.118936097631242 0.0903055863736065 0.0981749136680255 0.124466519713179 0.218857606311515 0.214268719810464 0.192327812155719 0.168258717992551 0.153829094480604 0.172037995570735 0.0625528618964347 0.109102231338996 0.0306114998578163 0.0504864789108695 0.0405536638794126 0.0998558839300438 0.201174999519074 0.198572166503219 0.0997679820508536 0.107741461481284 0.0728331274901287 0.110438814603492 0.122279556013654 0.111696316562119 0.0761561068563586 0.061748097659708 0.0968720276055934 0.0986362842983139 0.175349608537068 0.175923500044322 0.141760536347335 0.147945418936909 0.0705851443929003 0.0395774257132312 0.128465218059843 0.13526931161019 -0.0193625356647127 0.0487259809203357 0.114939597361162 0.0848241575763845 0.150906606290949 0.0749295332699797 0.137267485752897 0.106836682144546 0.159901768441688 0.184422197795266 0.115518598862084 0.154828012515852 0.0855288283473462 0.0193778840100998 0.181497484120219 0.183429648864204 0.189473635755065 0.193629990707428 0.111801744200775 0.108000878617923 0.0917520620274126 0.0940789628477747 0.0309640720178572 0.0396238684390694 0.0384719601085056 0.0397750817388655 0.041427768699318 0.0366000443232346 0.0348076609150078 0.0378672305353805 0.0453037943073881
0.123177438842679 0.124950513902947 0.0602160317159686 0.0623226915548922 0.0434031106250584 0.0400108824537872 0.0677798688871093 0.0663254475715124 -0.00675117809167727 0.0229514249429186 0.0814711761799323 0.128735821562512 0.114327989971456 0.123517271687648 0.095137145091683 0.111230521341622 0.129524490799599 0.152992036115786 0.165718795092377 0.143451527183144 0.112820667698205 0 0.0877231353050884 0.0667255552784536 0.121995035129836 0.109946140711373 0.165464597865761 0.15390703491262 0.16439644759773 0.145065896359683 0.120546910185995 0.132153892100453 0.0980303738290842 0.108070729243208 0.0435443453249204 0.0678846821316828 0.0382181353505402 0.0927459447805341 0.180442025242899 0.135454738105502 0.142442495113519 0.113819023099957 0.0907661808501828 0.124114045371924 0.137778188640911 0.115754772526219 0.110704280897751 0.0965129109797005 0.0888029099468337 0.091892222272988 0.127363116565797 0.121350099333124 0.0917724117857291 0.0919902776782991 0.0645129696405845 0.0712944664521572 0.0729422903024771 0.091626206533024 0.00950504696332872 0.0372664692320574 0.0881466944648676 0.103597375008272 0.11135602970991 0.0767676316964821 0.142311396951689 0.0999445994366044 0.107407085119076 0.120172486966634 0.0928615833094607 0.0847029025921265 0.0489904066620215 0.0307406529993156 0.163761212402513 0.163990774069674 0.169833377274894 0.149502929565745 0.101834037200742 0.147612148366965 0.098520764715481 0.0837522543472626 0.0322198742878951 0.0332558308748785 0.0343558121236163 0.0228876671940693 0.0177866572196468 0.0158876276119293 0.0434104479486939 0.0373274999551765 0.0188351603904779
0.357206855213257 0.343993422141108 0.329906162078694 0.32172685926269 0.199991535363988 0.224680078714369 0.347687835305111 0.29804524639301 0.159562113700622 0.151072611383498 0.308800877756171 0.304264077090626 0.336161140526037 0.353404630792522 0.36441970898305 0.377852554344038 0.410143166723536 0.44199068773572 0.360120763891063 0.293191436762076 0.118936097631242 0.0877231353050884 0 0.360977274021323 0.268759418441688 0.295166837571494 0.316391429620543 0.309134132227272 0.366900793670299 0.319723666469895 0.391064390850583 0.35586395415048 0.337346529885716 0.258198426364445 0.0238459480566574 0.0720315009282919 0.128432227698246 0.140605630537865 0.128831543520694 0.253132494875163 0.360142494597711 0.34745019981238 0.271109257861017 0.280651907539059 0.3563219832982 0.328952096298535 0.291936275602863 0.237243150789161 0.228346038643931 0.247637663636917 0.39110475766923 0.387319711531289 0.349377497869811 0.3139793800021 0.276761639238843 0.22654023462568 0.367817181898858 0.287872526072089 0.359227697093839 0.331959661656249 0.341117782255697 0.300379284407885 0.363563892264213 0.306221760874304 0.174888857389024 0.187410470477455 0.176977175510911 0.240674896221161 0.197073121463813 0.25554837034961 0.140183505373127 0.190935161069918 0.454768083231199 0.425432622809365 0.423511071492009 0.43357572125774 0.273504354463461 0.365200252932168 0.417266584059314 0.348966929458379 0.187541693756633 0.249033394627882 0.226004895030626 0.215385437408118 0.178033685508301 0.185805391242409 0.177019845002047 0.248582688310293 0.208108132847747
0.277896716337677 0.27425056089736 0.229661179505886 0.279771924174121 0.145126695446433 0.181371792016735 0.230690960720764 0.235366887956174 0.0873553327608011 0.114910140571728 0.217276683613994 0.256777165826275 0.23868159911477 0.315854154398185 0.280100453369996 0.357364256106368 0.31373309477985 0.346031973513054 0.265437516445851 0.239848693021446 0.0903055863736065 0.0667255552784536 0.360977274021323 0 0.185222015593903 0.26253941349995 0.255870371464739 0.27246363970714 0.269080119074004 0.297667074438387 0.252371914741954 0.279173126400573 0.23408604513196 0.209089097114024 0.00838519878099397 0.0519347358695875 0.120489416514698 0.0982420319065464 0.114367430032817 0.219379681996095 0.245976549756262 0.230473871844021 0.178037913844699 0.192446031081743 0.262800753892843 0.238612867105047 0.198456985713991 0.137459580512235 0.179182898543875 0.177246386345141 0.299586885232028 0.287628700348364 0.244831462629253 0.226815954267287 0.162835747095006 0.169420466507114 0.275848177236961 0.229651158948399 0.245787640007776 0.256506278482939 0.257219514346536 0.246703449503631 0.258802389371074 0.210271846814304 0.134634189277363 0.139221361833513 0.138791620751604 0.193640869239735 0.183168689207602 0.188569507828973 0.0875777704861894 0.12652662034291 0.354676700012834 0.328570933813723 0.335838552855711 0.383587297792998 0.238063722049966 0.307658658400153 0.348069611565343 0.310463301591043 0.12273104576284 0.156535943993001 0.162920561108117 0.129216827665719 0.115814572208932 0.129501180902339 0.107749556921783 0.153527883239869 0.157034214658993
0.251182244876534 0.255247822415329 0.255978211942274 0.232722877844455 0.190913095335347 0.18346544550561 0.249559156233293 0.250922039303386 0.172409580562199 0.145218909798099 0.125187103872808 0.180275487813766 0.181019919324943 0.202453182591603 0.219280925751734 0.193760366137456 0.31551787335235 0.322644761300258 0.269414420160498 0.186419101908221 0.0981749136680255 0.121995035129836 0.268759418441688 0.185222015593903 0 0.255596856704843 0.248797891177321 0.226365509416602 0.317432898924036 0.243414793645227 0.353152129217435 0.312851316755175 0.36562636512399 0.299820240550331 0.0959271788546167 0.117364144359438 0.103814681568645 0.10809535501001 0.180363785095661 0.199415876595817 0.396693329089109 0.385413455194992 0.309922405518219 0.295579255335736 0.352269316411856 0.355979419769908 0.316941219950574 0.284429096193893 0.198506778370236 0.220136508327405 0.319145834490463 0.309191711405024 0.280379345367083 0.285228704358266 0.194104097876579 0.200829792784503 0.232056914569784 0.178888907030003 0.210731874254312 0.230019774099012 0.289398679925673 0.300316118181599 0.306555193422614 0.303823777205576 0.181571599984024 0.190388378297743 0.164263957605438 0.22729443449005 0.101016077422526 0.190638970689071 0.162391267827548 0.162497034224968 0.365482057602381 0.380340971804947 0.366346903388372 0.354236986932293 0.188956106796623 0.267722272534694 0.279635742148129 0.263395473529931 0.160816942350639 0.210446502959856 0.21626916817776 0.216791416935918 0.16672733803702 0.165091655895926 0.160407022225524 0.232676197826545 0.122180609541625
