0 0.026889170878489 0.0403083300487741 0.0275196774098838 0.044067166958141 0.0220451611899461 0.0363872994471858 0.0508563141092921 0.0394870973592828 0.0486443206071833 0.0308630302861689 0.03520645846455 0.00624987295286928 0.0333004954707296 0.029502777696035 0.0413282020939598 0.0107714619864564 0.0383798526334616
0.026889170878489 0 0.038883093098959 0.0306660703971958 0.0325267571212501 0.0228310596376334 0.027985524423914 0.0364131304225692 0.0383566435380335 0.0361047795859796 0.0201934095429593 0.0228032154832163 0.00563519019756812 0.0202811839868056 0.0223801242267465 0.0278872975617704 0.00781411384837222 0.0191152302489218
0.0403083300487741 0.038883093098959 0 0.0590030750881906 0.0579799453519999 0.0253910050671066 0.0437201766756382 0.0558975210152082 0.0541400595643458 0.0613075892248571 0.0239637584812417 0.0382275571668495 0.00381842278768986 0.0226908249437129 0.0326271620946446 0.0416184250331737 0.0128965404121136 0.0327118720046311
0.0275196774098838 0.0306660703971958 0.0590030750881906 0 0.0519782888443317 0.0158089629577684 0.0350032856213824 0.0382235258200101 0.0374379361863498 0.0501119389754457 0.0207331005308761 0.0297749792449381 0.00352694226807645 0.0197241159744371 0.022338492379832 0.0316032460694516 0.00967492499647253 0.023268087018485
0.044067166958141 0.0325267571212501 0.0579799453519999 0.0519782888443317 0 0.0212675159121108 0.0360696036391004 0.0535075376137715 0.0467531643992854 0.0610230593879101 0.0331422400329673 0.039757823097682 0.0098816077213434 0.034777685474731 0.0330126263377588 0.0436748100865498 0.0128352129027458 0.0359790274717159
0.0220451611899461 0.0228310596376334 0.0253910050671066 0.0158089629577684 0.0212675159121108 0 0.0218590256358627 0.0307551623332689 0.0323273936457407 0.02199767081696 0.0154035569420377 0.0221171729859503 0.00104145525129111 0.0210162149404517 0.0151929194778361 0.026654239323491 0.0102788945280123 0.0228166483267321
0.0363872994471858 0.027985524423914 0.0437201766756382 0.0350032856213824 0.0360696036391004 0.0218590256358627 0 0.0480032724046898 0.04177877842188 0.0569093575902355 0.0234897567950321 0.0298111393114954 0.00305532054337982 0.02128913575759 0.028460098102576 0.0407316136335665 0.0128056374626873 0.02914612652969
0.0508563141092921 0.0364131304225692 0.0558975210152082 0.0382235258200101 0.0535075376137715 0.0307551623332689 0.0480032724046898 0 0.0562422595241962 0.0629445018618767 0.0327387695441564 0.0421793066548168 0.00495876114314553 0.0338154889795246 0.0360759894805154 0.049000932461373 0.0165958803521754 0.0389360164591979
0.0394870973592828 0.0383566435380335 0.0541400595643458 0.0374379361863498 0.0467531643992854 0.0323273936457407 0.04177877842188 0.0562422595241962 0 0.0584485297524379 0.0275656232307964 0.0345579299249629 0.00369187244873724 0.0246549277875574 0.0325051420304571 0.0401008035711697 0.0123042122754962 0.0270475794582942
0.0486443206071833 0.0361047795859796 0.0613075892248571 0.0501119389754457 0.0610230593879101 0.02199767081696 0.0569093575902355 0.0629445018618767 0.0584485297524379 0 0.0313575204535639 0.0377329725491258 0.00359292553314805 0.0301793609850181 0.0376812125896617 0.0474431185540871 0.0134444694162285 0.0375045294258094
0.0308630302861689 0.0201934095429593 0.0239637584812417 0.0207331005308761 0.0331422400329673 0.0154035569420377 0.0234897567950321 0.0327387695441564 0.0275656232307964 0.0313575204535639 0 0.0324569979405687 0.0138865643263267 0.0278258714554959 0.0243604615601237 0.0328913355757165 0.0116151356883672 0.0285646773638829
0.03520645846455 0.0228032154832163 0.0382275571668495 0.0297749792449381 0.039757823097682 0.0221171729859503 0.0298111393114954 0.0421793066548168 0.0345579299249629 0.0377329725491258 0.0324569979405687 0 0.00629760961504336 0.0375644542268248 0.0280719766166142 0.0475437246631962 0.0125348806044478 0.0419307850089049
0.00624987295286928 0.00563519019756812 0.00381842278768986 0.00352694226807645 0.0098816077213434 0.00104145525129111 0.00305532054337982 0.00495876114314553 0.00369187244873724 0.00359292553314805 0.0138865643263267 0.00629760961504336 0 0.00864170554491572 0.00775583019702284 0.00722980160830063 0.00706106472078999 0.00459479331854318
0.0333004954707296 0.0202811839868056 0.0226908249437129 0.0197241159744371 0.034777685474731 0.0210162149404517 0.02128913575759 0.0338154889795246 0.0246549277875574 0.0301793609850181 0.0278258714554959 0.0375644542268248 0.00864170554491572 0 0.0248465559530652 0.043690601982351 0.0100727824569947 0.0532107704168559
0.029502777696035 0.0223801242267465 0.0326271620946446 0.022338492379832 0.0330126263377588 0.0151929194778361 0.028460098102576 0.0360759894805154 0.0325051420304571 0.0376812125896617 0.0243604615601237 0.0280719766166142 0.00775583019702284 0.0248465559530652 0 0.0419954390457616 0.0149484762141366 0.0274689740099108
0.0413282020939598 0.0278872975617704 0.0416184250331737 0.0316032460694516 0.0436748100865498 0.026654239323491 0.0407316136335665 0.049000932461373 0.0401008035711697 0.0474431185540871 0.0328913355757165 0.0475437246631962 0.00722980160830063 0.043690601982351 0.0419954390457616 0 0.0199859445057485 0.050927305087421
0.0107714619864564 0.00781411384837222 0.0128965404121136 0.00967492499647253 0.0128352129027458 0.0102788945280123 0.0128056374626873 0.0165958803521754 0.0123042122754962 0.0134444694162285 0.0116151356883672 0.0125348806044478 0.00706106472078999 0.0100727824569947 0.0149484762141366 0.0199859445057485 0 0.0117881463887006
0.0383798526334616 0.0191152302489218 0.0327118720046311 0.023268087018485 0.0359790274717159 0.0228166483267321 0.02914612652969 0.0389360164591979 0.0270475794582942 0.0375045294258094 0.0285646773638829 0.0419307850089049 0.00459479331854318 0.0532107704168559 0.0274689740099108 0.050927305087421 0.0117881463887006 0
