0 0.056935513097541 0.0561018806891056 0.0433875344352052 0.0244985702601779 0.0193199090778817 0.0642018199282663 0.056403531077667 0.0338637161185997 0.0242653964543027 0.0491368902803006 0.0477350190556222 0.056113723247012 0.0435515890733181 0.0181267607588911 0.0239803510596915 0.050636158276949 0.0530944862184295 0.0534464134652656 0.036912816215615 0.0102997426009878 -0.000442133255191447 0.052618614119946 0.0325998645914599 0.0145351792701128 0.0118577831489305 0.0286020769772085 0.0270900452619459 0.0242758382472633 0.0199197667867829 0.0369998408954177 0.0205072974310798 0.0605673362703241 0.0202244279442118 0.0273438237541475 0.0208594552651194 0.0234781660039518 0.0101410099749669 0.0306451401940679 0.00315908786508103 0.0669184955512769 0.0659201628488243 0.0575896990902272 0.0616015948858937 0.0547820223889779 0.0568815459342687 0.065296579840387 0.051490407561571 0.0347790983253074 0.0271341068044659 0.0793180150757856 0.0665976014358234 0.0771286555291277 0.0687865644093502 0.0675007343388059 0.0540097933032794 0.057379936206726 0.0473685181764155 0.082015337884509 0.0620790975090255 0.0634236495980166 0.0580260200390365 0.0737979718603743 0.0442029454844354 0.0333583273697818 0.0384850902682179 0.0391440329476918 0.0289181625330769 0.0488500186356795 0.0283144842707629 0.0271884768487888 0.0556575005179115 0.0438053898490423 0.0517457931928601 0.0569443054813469 0.0511503276921081 0.020722497638786 0.0182361878764565 0.0456849778348649 0.0450006968081183 0.0305822584242532 0.0225816853049112 0.0400893783052236 0.0371534802217924 0.0193543190775382 0.0221658586967331 0.025654790754584 0.0247010369109225 0.031623476048837
0.056935513097541 0 0.044056061196903 0.0358755928533426 0.0219458159379588 0.0121753189055917 0.0482478118186478 0.0485329627127376 0.0275362871474688 0.0150664768876774 0.0347358632995125 0.0369262859714303 0.0369034040736731 0.0305558424865419 0.00849485744298417 0.0109897781491596 0.0446774440568135 0.0539607421433808 0.0446293000957026 0.0336934405856202 0.00758784975358395 -0.00418206741100284 0.03967363840302 0.0250648505027009 0.0110726144134151 0.0101485548706579 0.0215101434543568 0.0272483401355614 0.0185798088824651 0.0179791521183851 0.0310770318361697 0.0221846704290721 0.0419161597806505 0.00796060408019167 0.0253536808828848 0.0187661288758232 0.0204165194560124 0.00814411199873904 0.0239734518156292 0.00234947474872397 0.0618576024509109 0.0613266253620875 0.0563715934680868 0.0617654315829417 0.0501455395948333 0.054331806217803 0.0613348801273648 0.0521942004422796 0.0312243379423921 0.0243836085816167 0.0729050331918959 0.0660101838260419 0.0652908423015559 0.0608208708845084 0.0454928128707085 0.0441836808629455 0.0458956329902975 0.0479884084331373 0.0616651837409025 0.0474159215315348 0.0517350077864911 0.0469828683061475 0.0652641427749376 0.0444892515079576 0.027452492838328 0.0306912637608158 0.0244921142235835 0.0197340714372843 0.0302379400746578 0.0205107263628978 0.0276064966716776 0.0416698669631882 0.0360286034660832 0.0484567311880007 0.0503036477717197 0.0441090041301635 0.0164067087152776 0.0141685419908905 0.0355662383390413 0.0424386247499352 0.0224552500881882 0.0230762554927917 0.034894913050275 0.0338320605282538 0.0221812099266658 0.0227262043275837 0.0254266025149574 0.0237627998583076 0.0289177970068159
0.0561018806891056 0.044056061196903 0 0.0555061414129598 0.028477684929661 0.0209845721628909 0.0731397126494514 0.0621552788016765 0.039696114212208 0.0333569641610718 0.0428325032592273 0.0393863243922208 0.0569048072502948 0.047705920057414 0.0249044667028341 0.0303789118972031 0.0387680442836198 0.0402016190563574 0.0392230102105509 0.0246566949426472 0.0108950122442579 -0.00655122399945053 0.0727890542398801 0.0500463418252563 0.0190572008029583 0.0138377446234937 0.0221642335664994 0.0209750233635257 0.031721157784297 0.0272272449850755 0.0428610793908981 0.024163118259509 0.0790442365519182 0.0371257989066022 0.0271622690235663 0.0233353629572219 0.0216561195666264 0.010537704937064 0.0287917357669021 0.00765484317471131 0.0491584066048575 0.0490913188679544 0.0500923658901435 0.0462087705639362 0.0428997133949902 0.0472256157194217 0.058478204199923 0.0426163766240737 0.0315335461174412 0.0241053394848029 0.0587637382555347 0.0520744164258678 0.0661254404590933 0.0487713843688746 0.0648145542272436 0.0590824064669124 0.0498472799503611 0.0458683255466056 0.110622639233255 0.0898123092198665 0.0618168648198692 0.0544957791095211 0.0510599047794581 0.0285136793262755 0.0337753209983487 0.033957418633965 0.0370533945675671 0.0264912024940744 0.0494833753448608 0.0306659471556402 0.0314908906924657 0.0479316682611186 0.0365727353550566 0.0417394446419733 0.04545253829232 0.0476185883084516 0.0200709430143294 0.0198792183656834 0.0489561633915877 0.0453105231071628 0.0312086818904756 0.0152707595611834 0.0440200968111128 0.0344295176626072 0.0216331496215152 0.0248735266169267 0.0189580796968972 0.0175429195226366 0.031017636566336
0.0433875344352052 0.0358755928533426 0.0555061414129598 0 0.0231667335155385 0.0225589607039195 0.0586201800679881 0.0568517979755994 0.0325271551365921 0.0298858914668997 0.0304271875577941 0.0331622795505626 0.0402621322394419 0.0411973032613051 0.0191854462854403 0.0278447351578584 0.0290705178430673 0.0324742135652416 0.0299221629110863 0.0198743760998251 0.00779043226884124 -0.0034015906268367 0.0586321551458662 0.0430461467350207 0.015424509304681 0.0126170256181043 0.0147876786812789 0.0153385083308208 0.0247532358506524 0.0244164161265924 0.0345009290565582 0.0223709807602596 0.0615607531226906 0.0338446932847555 0.0195248707606022 0.0173656810675993 0.015435747314247 0.00671645489407735 0.0202214833469642 0.00355550720770781 0.0414357970654118 0.0428275136075755 0.0428776922223811 0.0382309236201974 0.0340727817765823 0.0379881997643507 0.0490707553344343 0.0367519881869564 0.0232709518252864 0.0181383138539117 0.0460447146513461 0.0431074333966068 0.0562222514811916 0.0442535526997795 0.0530052533086635 0.0565014721048291 0.0417757750266375 0.0424732259586796 0.0914840943476211 0.083122130997251 0.0530171574631768 0.0501537574769266 0.0413727269931886 0.0254557661673818 0.0274237886840848 0.0280539395021032 0.0282653194716881 0.0229690968677327 0.0334968064036012 0.0230276446294986 0.0240988207951634 0.0389212076992278 0.0266585402746635 0.0315362153135827 0.0335772201758459 0.0395842382681356 0.0141804706329863 0.0143419571456924 0.0391042977899898 0.0396991003589516 0.0243617155835558 0.0137526532695665 0.0390692558424665 0.0299395743456175 0.0178656663791398 0.0200952434031909 0.0174230423396209 0.0159150207141662 0.0272885902978007
0.0244985702601779 0.0219458159379588 0.028477684929661 0.0231667335155385 0 0.0095392527653057 0.0316781670087159 0.0312363393205963 0.0205178555246987 0.015717520306727 0.0187268036806716 0.0196382819689096 0.0246613964251559 0.0223005628299074 0.00863166776933619 0.0118563880530886 0.0169227169312153 0.0180816889864489 0.0172116830164213 0.012162399928721 0.00375625476010833 -0.000819161333100972 0.0276222859105059 0.0188638361183339 0.0077568095698821 0.00786600240855236 0.00788082257309033 0.00920820442637791 0.0121662239454236 0.0107278886082809 0.0169654932764695 0.010756671856731 0.0292399506182658 0.0113945131570316 0.0104929434593825 0.008530857447911 0.00713569182438348 0.00266941818809319 0.00840716904530085 0.00349355640725256 0.0264537365477025 0.0267120219020711 0.0285874441329209 0.0269166089983646 0.022583170429885 0.0252708465720425 0.0335371632015195 0.0255895467370493 0.0157281243078526 0.011397104557669 0.0285223694753971 0.0259770020925781 0.034764107666685 0.0281605372457209 0.0300597706297796 0.0294930389351896 0.0237577932992261 0.025243092337682 0.0431698715917218 0.0385626579271776 0.0288556385168186 0.0250601663384754 0.0244457048086649 0.0163420005950392 0.015595343062049 0.0142410338146036 0.0139339770810065 0.00961859317953684 0.0131003144744439 0.0108396808776791 0.0146917327680052 0.0208186746475266 0.0178837416152273 0.0183423874153507 0.021233161104177 0.0210415873508888 0.00570408292770008 0.00645903986262154 0.0204229859690523 0.0219327883362163 0.0138777853805443 0.00990834746463474 0.0233229033326163 0.0187217565894859 0.0133876743037445 0.0121494310717231 0.0120399311018459 0.0107597576789645 0.0155358754075114
0.0193199090778817 0.0121753189055917 0.0209845721628909 0.0225589607039195 0.0095392527653057 0 0.0289054637041615 0.0271856377491067 0.0152785279731826 0.0202549400946331 0.0152443212452147 0.0172195619492883 0.0245173074456469 0.0210065587684599 0.0146228221638238 0.0231490727780028 0.00954165868149246 0.00835497321393266 0.010205340104499 0.00541312938957071 0.00169232543996936 0.00342412746237315 0.0225181759112165 0.0162249488905605 0.00942909749292499 0.00975106691829575 0.00628253192441022 -0.000109860305180121 0.00976443947365194 0.00675181767526381 0.0126464498093655 0.00627734956202553 0.0312670082900021 0.0166167214356134 0.00580400108974674 0.00463293155508958 0.000754476326692888 -0.0015202456936244 0.00651251397027333 0.000909158002993614 0.0192487292240187 0.0201040321433991 0.0223390100652334 0.0177215025770428 0.0134255956614441 0.015736079101689 0.024958868084278 0.0194536742441859 0.00678121365590223 0.00472305562234248 0.014297841948953 0.0139139224719019 0.0328879637586328 0.023805582281152 0.0295190756764848 0.0287899247541068 0.0192413179572974 0.0136164926650213 0.0450830813695974 0.0458160751861199 0.0306947119303368 0.0270539617507881 0.0155160697926212 0.00975580634443693 0.0144550045745858 0.0158539654476532 0.0147622394917055 0.0183477084929511 0.0172432404655601 0.00791183745205908 0.00565414209992909 0.019930061248477 0.00573276984327372 0.00770115811235563 0.00990133287552797 0.0146022788607604 -0.000480552572899479 -0.00269469607907383 0.0183765831224446 0.0134948178401111 0.0118705960491841 0.00316785605930388 0.0219962788005298 0.0186501006443084 0.0074029451441413 0.00766751868520557 0.0124072386930395 0.0110016278204048 0.0141601643018984
0.0642018199282663 0.0482478118186478 0.0731397126494514 0.0586201800679881 0.0316781670087159 0.0289054637041615 0 0.0750123183734658 0.0488405806931992 0.0419075389513276 0.0507299492811214 0.0496727553771952 0.0673648868410213 0.054348909164422 0.0290339910513599 0.0383474053225333 0.0421991698369066 0.0404130048241638 0.0438429414953539 0.0276131470137167 0.0117476406494425 -0.00763496809419203 0.0729535840511376 0.0516144016563257 0.021405153362299 0.0156328862738206 0.0245984985039942 0.0182739784058205 0.0320949459791787 0.0254579025319547 0.0448329687192446 0.0245128826007323 0.0849376796828218 0.0367794396925985 0.0289314976973839 0.0220169784309941 0.0206539285216841 0.00859989920790465 0.027791539168932 0.00627586438319122 0.06066917039706 0.0623436876987409 0.0618872329996598 0.054798791390031 0.0530269086365723 0.0592668899385631 0.0734025013923611 0.0549796841834833 0.0357340611262491 0.0265426997641961 0.0649934470563684 0.0581822935455221 0.088601322099289 0.0679636670192568 0.0869859143290509 0.0787727846079524 0.0550916832129108 0.0527674372283061 0.113876087340523 0.105627803649925 0.073585148891829 0.062832052959128 0.0603336928300667 0.0337509052476964 0.0429149254588151 0.0436001530980707 0.0426816682627566 0.0316766327671418 0.0478980912538667 0.0299489800757411 0.0335503088916735 0.0543418911246194 0.0392680269392818 0.0431530040598099 0.0463442347398525 0.0484598010712814 0.0156430653547139 0.0190921849719325 0.0504936282523788 0.0509056701828367 0.0383012472687996 0.0206119382301889 0.056206486015804 0.0471168810309624 0.0285650237619096 0.0325392968386499 0.0271410803233078 0.0249182819724463 0.0395313293555437
0.056403531077667 0.0485329627127376 0.0621552788016765 0.0568517979755994 0.0312363393205963 0.0271856377491067 0.0750123183734658 0 0.0451002389708638 0.0405800349872382 0.0366838888713041 0.0494209362434547 0.0495987847206344 0.054302123189608 0.0209210093655329 0.0346295300692034 0.0381375492008256 0.0426825994054587 0.0418574152021521 0.0290004151169403 0.0102653769721018 -0.00465002712517755 0.0636399361213251 0.048000246809501 0.0161707172866331 0.0139312675252676 0.0193061093150451 0.0214635479199339 0.0284253159954416 0.0281331234710711 0.0410145566488663 0.0280097394807097 0.0672222748226287 0.0341995697625262 0.0250127469388691 0.0197639031433004 0.0196781474303406 0.00748387670577944 0.0243769227416878 0.00119081512117665 0.0644376355410481 0.0689166039835337 0.0675139439059308 0.0610263628796865 0.0533474162401443 0.059381054765303 0.0739069168628977 0.0588869924829641 0.0317942984398999 0.0246276825861273 0.0629303746728157 0.0602175344864089 0.0835660566964508 0.0759653048190491 0.0751458216267967 0.0823327397374794 0.0552090493643637 0.0631540418085349 0.0978834239350414 0.0941487598182909 0.0681064749904326 0.0645940496868698 0.0601215714548026 0.0380334308163016 0.0379485906257157 0.0411626477835707 0.0370275334952641 0.027434781418783 0.0394531884804063 0.0285670507498309 0.0342759149333417 0.0551849535366766 0.0335108811710597 0.0414403164699975 0.0447063153069103 0.0485771966540312 0.0164889002927713 0.0184915339456063 0.0440195236718443 0.0516256612960736 0.031855564715221 0.0225162453503703 0.054015282467571 0.0433268275991047 0.0276336999096177 0.0294122855279286 0.0284993836247346 0.0262132835253089 0.0390207389374701
0.0338637161185997 0.0275362871474688 0.039696114212208 0.0325271551365921 0.0205178555246987 0.0152785279731826 0.0488405806931992 0.0451002389708638 0 0.0267449315451628 0.0240260363440583 0.028381100947176 0.0321541960622312 0.0324835750742877 0.0152158154046814 0.0222066772799873 0.0223949022372015 0.0227969046135419 0.0243928300018405 0.0160682404162289 0.00598550833263363 -0.00582090643996261 0.0403090303737279 0.0296129551893564 0.0117159971338489 0.00809143819088532 0.0115612963971712 0.0105634361876839 0.0173047315738964 0.014718598780565 0.02433647549551 0.0144417974538786 0.0474002587683821 0.0196283124498869 0.0172894570777838 0.0126342329873632 0.0122788778887366 0.0045874276178902 0.0142115077918027 0.00204971204077552 0.0367435918456304 0.0379484125109123 0.0388796131477257 0.0339492578143696 0.031362212498046 0.0353090097031864 0.0450710187352247 0.0331810019249865 0.0207539353857129 0.0155498304305566 0.0376988381996014 0.0347517371477887 0.051419744288885 0.0408402721977065 0.0488451157966692 0.0486119016920757 0.0283445188298261 0.0329229147064039 0.0624750572611964 0.0610725173186862 0.0414391186820462 0.0353108509315634 0.0361784148419134 0.0216446762940936 0.0236456557282082 0.0257035831154654 0.0232539250367431 0.0140555380291089 0.0242339830552538 0.0152400102944628 0.0211792347954724 0.0311459570836018 0.0220050882948407 0.0237634683679913 0.0271906208624136 0.0275675145693733 0.0108300737327138 0.0144843216917597 0.0265394230645612 0.0302135878361539 0.0217533339406539 0.013628596132359 0.0349663509174885 0.0285047150417671 0.0181583921743843 0.0184906219026277 0.0164163735190261 0.0150075606776934 0.0234864307760293
0.0242653964543027 0.0150664768876774 0.0333569641610718 0.0298858914668997 0.015717520306727 0.0202549400946331 0.0419075389513276 0.0405800349872382 0.0267449315451628 0 0.0164176783735033 0.022744107483514 0.0260279851548518 0.0318349351627713 0.016919831283092 0.0288947952153678 0.0121648941335166 0.0106508965084083 0.0145265166649113 0.00688732924912155 0.00499716795932445 -0.00527210203512318 0.0369409786828614 0.0281677347464674 0.0106634285648425 0.00740187046354116 0.00715936755763179 0.00276824664136963 0.0152790678573601 0.0140725800745881 0.0190956935892819 0.010577492947307 0.0392384968100653 0.0223259209076583 0.0124925085926001 0.00862685674321111 0.0069675875023567 0.000701819191730356 0.0108240273753194 0.00204200115304372 0.025513051884076 0.0270982513660927 0.0294049599279929 0.020835441429052 0.0213565545037965 0.02475495152414 0.0326617451804919 0.0225247643255886 0.0135032572937119 0.00946428093288623 0.0209571910070862 0.021701062782268 0.0410682537859042 0.0318427754350801 0.0413385747899734 0.0454277942170961 0.0195206948343694 0.0250668791005283 0.054693177032221 0.0589381838955596 0.033165609149347 0.0291845111979516 0.0167844792405961 0.00751653975675639 0.0184499456040051 0.0207945872510715 0.0207312807860396 0.0134877432118874 0.0235537767555232 0.00959617228406969 0.0172690503046878 0.0250908048529669 0.0130629400048519 0.0101766182178406 0.0163012054583276 0.0197238921587341 0.00692888552496048 0.00949725285763938 0.0216539234738324 0.0216985311019069 0.0171372724786314 0.00511576535398322 0.030609071745625 0.0209756521067303 0.0147768853220322 0.0144345447423742 0.0117889031560774 0.00948918708449602 0.0192705284062958
0.0491368902803006 0.0347358632995125 0.0428325032592273 0.0304271875577941 0.0187268036806716 0.0152443212452147 0.0507299492811214 0.0366838888713041 0.0240260363440583 0.0164176783735033 0 0.0382369055860639 0.0555054309828117 0.034281963913785 0.018452780428692 0.020432157564985 0.0385798163064183 0.0339562144791605 0.0351357163397065 0.0206460709969359 0.00706074075646357 -0.00137599245401077 0.039812220772321 0.0238271213944125 0.0109841008977223 0.0115243811173535 0.0246442498565041 0.0183986357764007 0.0213833571328182 0.0101604726365849 0.0257374059108104 0.0110025892077909 0.0473164809286356 0.0108237036764318 0.0147734192756693 0.0128980751284406 0.0125396524456716 0.00481214270046466 0.0222360460188105 0.00685501427314796 0.0352727434494011 0.0340770328639711 0.0277239757391338 0.0326693133388221 0.0319733245960144 0.0335226113846217 0.039147982740253 0.0276878636104639 0.0219382378451496 0.0166798169640105 0.0499793313521325 0.0414970329591623 0.0514761101902914 0.0433271546468232 0.0559426682677835 0.0364115341882565 0.048012496415724 0.032193702398994 0.0573383812436623 0.0444039308674366 0.0404193400257134 0.0353144010903281 0.0416843666408656 0.0237714381366811 0.0254032719721122 0.0254145820578617 0.0296648625213874 0.0237508009953451 0.0353200097557331 0.0217404370218914 0.0170567058202129 0.0406224164005105 0.0342221907830603 0.0286838905108142 0.035179605031826 0.0303718605385514 0.00813758428531941 0.00628141509475161 0.0327747387510623 0.0252322359919568 0.0226243667016904 0.0110960166036637 0.0256098526007878 0.0229423448042755 0.0106218918093774 0.0142704853531077 0.0145620787149779 0.014809924610142 0.0198258589936621
0.0477350190556222 0.0369262859714303 0.0393863243922208 0.0331622795505626 0.0196382819689096 0.0172195619492883 0.0496727553771952 0.0494209362434547 0.028381100947176 0.022744107483514 0.0382369055860639 0 0.0427830812335128 0.0414298067209075 0.0156891575526271 0.022664021889526 0.0323489857506518 0.0358782512880305 0.0380037675543534 0.0264961571650756 0.00674591692056687 -4.86828610373465e-05 0.0391846767927842 0.027987806825993 0.00900790767979008 0.00991394530262709 0.0203998907318087 0.0230668536579563 0.020240575282468 0.0170846343596963 0.0286612777761444 0.0193651036990086 0.0387093156729917 0.0116971105573364 0.0177213419597557 0.014024905947723 0.0153068887047754 0.00579730633817996 0.0207314061919394 -0.000577348451075007 0.049628680536067 0.0524059983685835 0.0455372809694411 0.0476221735930292 0.0439656814116681 0.046447977520237 0.0518195192210185 0.0435897632626044 0.0253947068214192 0.021383671316032 0.0497278559409001 0.044297700291464 0.0609750082026269 0.0595864535259253 0.0606987773532679 0.0573754025056882 0.0489370163057201 0.0484163687460247 0.0534846038954829 0.0470467030463478 0.044313655503343 0.0433833379540613 0.048592774546003 0.0286922576251568 0.0281395343821486 0.0302646170785625 0.0285632307102373 0.0237974992299782 0.0300589216797495 0.0254453462272177 0.0246923596630798 0.043193586611126 0.0245760361481421 0.0351632273475799 0.0375346744721442 0.0363670275700173 0.0128173703169746 0.012466670606382 0.0331941807470106 0.0362250443507132 0.023807974734658 0.0193115805558567 0.0307629108760016 0.0270812305113146 0.0177449978456127 0.0202124779204447 0.0210958170076381 0.019865402823026 0.0271689831430642
0.056113723247012 0.0369034040736731 0.0569048072502948 0.0402621322394419 0.0246613964251559 0.0245173074456469 0.0673648868410213 0.0495987847206344 0.0321541960622312 0.0260279851548518 0.0555054309828117 0.0427830812335128 0 0.0466510733630682 0.0277358491513449 0.0328018244639593 0.0401223036999388 0.0294509692349913 0.0355525874673289 0.0205991214955969 0.0111683959775573 -0.00205195335678738 0.0541449552378634 0.0330485639244874 0.0174122360929338 0.0151468495307403 0.0231941663037028 0.0129525172285733 0.0254833096013931 0.0114560616983227 0.027818552699304 0.0100223271021595 0.0619140060372725 0.0249135315876188 0.0173536405356855 0.0151319713593505 0.0125945921659993 0.00562327864060078 0.023448659547197 0.0133098332066528 0.0414178329973462 0.043200422649176 0.0391295887631757 0.0414327152327335 0.0363773705464638 0.0403382086457615 0.0532096529643377 0.0376387542400344 0.0268347027621038 0.0196848904654757 0.0516083096740035 0.0453778657274642 0.0662916057542545 0.0535528317223885 0.0676509402796653 0.047203198819313 0.0513795468511765 0.0301783965379441 0.0833302981114908 0.0694118587296712 0.0571962577583894 0.0506353640779687 0.0486357318685065 0.0267864224891176 0.029383577539573 0.0301344322335264 0.0377632977068355 0.0297414682413873 0.0411261404044431 0.0250148488497909 0.0174827723598178 0.0481074933549921 0.0335486924467305 0.0301311034323085 0.0400757530159625 0.0387095024314909 0.00677835898048268 0.00540175024805672 0.042368492890598 0.0307473459689226 0.0295409293954857 0.0105494262246182 0.0381957778277169 0.0331887520754688 0.0138233230198237 0.0185680378739946 0.0175497608937447 0.0176099218978219 0.0260970565128834
0.0435515890733181 0.0305558424865419 0.047705920057414 0.0411973032613051 0.0223005628299074 0.0210065587684599 0.054348909164422 0.054302123189608 0.0324835750742877 0.0318349351627713 0.034281963913785 0.0414298067209075 0.0466510733630682 0 0.020756075109568 0.0321814504809593 0.0291863997232062 0.0252297802914803 0.030281300104331 0.0193793991027465 0.00843257054139773 -0.00224652645639543 0.0511998775506061 0.0360897753379105 0.0124234615745419 0.0111406363660268 0.0156775061164423 0.0166881554286165 0.022684878898046 0.0205512305552306 0.0283307660270118 0.0167287716758236 0.0529044590382442 0.0299480912363403 0.0151512347355085 0.015360052030976 0.0154016358662507 0.00631122174987771 0.0197822716731906 0.00490448482464528 0.0421807092801483 0.0461800088953559 0.0444286451991983 0.0426417489245674 0.0358027223433509 0.0401551627320073 0.0517277822311866 0.0394461491348794 0.0242884582121939 0.0184743181433555 0.0426661375677268 0.0418134745567184 0.05505106591423 0.054555978029446 0.0603904612468502 0.0590491318655192 0.045942856271755 0.0466757807484693 0.0760261182358255 0.0681354172655258 0.0464204214403877 0.0469413377988087 0.0381857013039763 0.0207841551113789 0.0243375244928689 0.028778451452292 0.0326714622419703 0.0228897003982582 0.0357938668360419 0.028683141357259 0.0238083127439714 0.0483424701350015 0.0257634152831286 0.0260308718434895 0.035122682433912 0.0379965380569076 0.0129460544391721 0.0154761232712408 0.0364062171925686 0.0375293492901596 0.0244989957140565 0.015620747872602 0.0373926222390975 0.0271971013858774 0.0145742719378898 0.0162252813912264 0.015348889354393 0.0138804231702428 0.024887154505042
0.0181267607588911 0.00849485744298417 0.0249044667028341 0.0191854462854403 0.00863166776933619 0.0146228221638238 0.0290339910513599 0.0209210093655329 0.0152158154046814 0.016919831283092 0.018452780428692 0.0156891575526271 0.0277358491513449 0.020756075109568 0 0.0226278255727824 0.0113092995339194 0.00612495938400549 0.0108750478105501 0.00365466624163671 0.0037020575588016 -0.00327767828382845 0.0274426352749616 0.0176430522419477 0.00837741660050053 0.00427453413990731 0.00890398888999993 0.00237131781299186 0.0120308292094149 0.00777622750368958 0.014443407593542 0.00563800696492991 0.0291013148599204 0.0130310107526394 0.00828211065990445 0.00757405207132862 0.00522710106685299 0.00157930570779149 0.00995451421350503 0.0041145149098898 0.0127760543173469 0.0133224644642008 0.0151757545286025 0.00837247623585212 0.0128919229573413 0.0147904953034073 0.0172131558689385 0.0100671689966627 0.00974623760041971 0.0066806413932277 0.0127122730758687 0.0100613646442864 0.0231655036538741 0.012504775074805 0.027845487331067 0.0226898816727217 0.0194199764578499 0.0135995848323723 0.0414290887045743 0.0349777511516172 0.0215547311387793 0.016340629075402 0.010826490395016 0.000779089054904192 0.0132997810869757 0.0140186879825197 0.0161753908245422 0.0125628031629916 0.0199849302286305 0.00731241134495394 0.010846743519799 0.0169288193980172 0.00827563255778031 0.00572325938336414 0.0102987118640935 0.0122831438930909 0.00464873955080156 0.00382856078019333 0.0188263984682529 0.0108522526941148 0.0127391622002004 0.000807781340851422 0.0188714695610761 0.0135155546398804 0.00863999124605002 0.00977160674475108 0.00608021914225424 0.00569916981098222 0.0126419875299358
0.0239803510596915 0.0109897781491596 0.0303789118972031 0.0278447351578584 0.0118563880530886 0.0231490727780028 0.0383474053225333 0.0346295300692034 0.0222066772799873 0.0288947952153678 0.020432157564985 0.022664021889526 0.0328018244639593 0.0321814504809593 0.0226278255727824 0 0.0152290775546305 0.00820421089515152 0.0137012266279836 0.00680362297049663 0.0048840581345224 -0.000814528019564599 0.0350504678050521 0.025107465475862 0.0105045859386448 0.0066117367053079 0.0099582543943669 0.00214486425520953 0.0159515140719946 0.0114441918305075 0.0175267015425243 0.00712216325901799 0.0404436488769753 0.0254647497122758 0.00887295886677964 0.00771617861398337 0.0048677406421599 0.000290058119119762 0.0108855151619885 0.00298670434986488 0.0210300189255436 0.0223342744442074 0.0250336730380469 0.0157585564302823 0.0165522889813376 0.0192812486774941 0.0276337379318529 0.0159860597350643 0.00994648592965117 0.00679963084336827 0.0183518457241721 0.0173964064588036 0.0347054627288978 0.0252097991765862 0.0391705413016612 0.0386748641012443 0.026204450029523 0.0220534184335896 0.0547359137647696 0.0519321640179514 0.0325070617429367 0.0301078621135969 0.0173159249711132 0.00487723897393124 0.0176156298456105 0.0230207970803427 0.024703993324683 0.0160741807725688 0.0273848909091696 0.00967616326863807 0.0117199730157326 0.0280785128056067 0.0116748576380386 0.00326629032461313 0.0140902607515216 0.0183457793192438 0.00635694745181919 0.00820173588488422 0.022161552124731 0.0152248013062763 0.0157513188229667 0.0018757168678491 0.029214231483311 0.0199223530812655 0.0087353206763166 0.0102076378454929 0.00959407531528862 0.00932904470442186 0.0166490112837478
0.050636158276949 0.0446774440568135 0.0387680442836198 0.0290705178430673 0.0169227169312153 0.00954165868149246 0.0421991698369066 0.0381375492008256 0.0223949022372015 0.0121648941335166 0.0385798163064183 0.0323489857506518 0.0401223036999388 0.0291863997232062 0.0113092995339194 0.0152290775546305 0 0.0514577613468703 0.0373714363528693 0.0292194436781444 0.0077245252267895 -0.00225038785969227 0.0361231690166069 0.0204545070761728 0.00866708935032149 0.00882403300304864 0.0254498926565089 0.0237751238899335 0.0194037457725618 0.0127084357993327 0.0266455414760564 0.0163169615427238 0.0392716398092725 0.00603649503138587 0.0204820997140582 0.0154813328248573 0.0160082490097651 0.00655084127847066 0.0245804311989329 0.0026341665113463 0.0472332649397911 0.0463136437113343 0.0376223729049588 0.0443013409841935 0.040121039526283 0.042294700879053 0.0443143413034415 0.0313846912312423 0.0244432620683621 0.0191534863295139 0.0664282824082679 0.0556232471050763 0.0522574982500018 0.0477420227477615 0.0399249846921462 0.0331307008147276 0.0462564048214089 0.0406051546673823 0.0561342380911777 0.0395063088847737 0.0426591616390999 0.0401423775291702 0.0590813499341544 0.0393291635855385 0.0227736564315804 0.0270016759478642 0.0277802803934867 0.0156394597809913 0.0260350274803632 0.0204986737404852 0.0199546537296203 0.0391695109875488 0.0437938411914545 0.0390545258543846 0.0478161669763681 0.0405109204342385 0.0142741718112559 0.0131189441593699 0.0307306308653208 0.0297331582206941 0.0195026124161536 0.0133361196406539 0.0300934693671647 0.0250757284239689 0.0139020451017477 0.0145759141289238 0.0171912569730743 0.0171478885652382 0.0236208884031797
0.0530944862184295 0.0539607421433808 0.0402016190563574 0.0324742135652416 0.0180816889864489 0.00835497321393266 0.0404130048241638 0.0426825994054587 0.0227969046135419 0.0106508965084083 0.0339562144791605 0.0358782512880305 0.0294509692349913 0.0252297802914803 0.00612495938400549 0.00820421089515152 0.0514577613468703 0 0.0440146883976509 0.033814109557711 0.00662340472210126 0.000743702504302 0.0383129471921167 0.0227411691783597 0.00836738519554235 0.01017504707045 0.0264757875188256 0.0323069685386353 0.0217006320462823 0.018493289176623 0.0332896968851231 0.0244782720495626 0.0429256388248889 0.00545493117418773 0.0251012497344562 0.0186503179962014 0.0191422246933022 0.00882089924140322 0.0275747295048669 -0.00244766770100277 0.0596424440845298 0.0579057888550772 0.0497779845143234 0.0562558783260408 0.0486389430566522 0.0505230909122209 0.0512678649163594 0.0423850606050964 0.0268658876688038 0.0235543455010507 0.0733540345815151 0.0630231619431431 0.0580514661650206 0.0531747060900116 0.037301998212171 0.0345987230235725 0.0469411361107449 0.0472787096902145 0.0586479396183755 0.036264233644807 0.0509761354687558 0.0461729249015721 0.0640379486503542 0.0446413790944142 0.0257334517381467 0.0264672787638051 0.0220851243680058 0.0182743998479018 0.0247177506255304 0.0232074006944931 0.0280927528995949 0.0412276114430155 0.0413460040798767 0.0527692994231369 0.0511982533706004 0.0438520692733467 0.0164355648468163 0.0119463974871105 0.0322209186255364 0.0356945445964122 0.0193913964478312 0.0176600807758452 0.0275085761580899 0.0271829101434835 0.0187352632531004 0.0192401967670742 0.0244152383081521 0.0239262975502681 0.0293191435407483
0.0534464134652656 0.0446293000957026 0.0392230102105509 0.0299221629110863 0.0172116830164213 0.010205340104499 0.0438429414953539 0.0418574152021521 0.0243928300018405 0.0145265166649113 0.0351357163397065 0.0380037675543534 0.0355525874673289 0.030281300104331 0.0108750478105501 0.0137012266279836 0.0373714363528693 0.0440146883976509 0 0.0341324712096499 0.00631458515296585 -0.00189918000524527 0.0356491629720371 0.0205342399289597 0.00914976942250639 0.00551064748933149 0.0236261114731313 0.0279031519914539 0.017885017297248 0.0163722986847576 0.0312309996756717 0.0207025909985496 0.0392391220931037 0.00838815600358613 0.0227180741455713 0.0169083821406707 0.0214348527755067 0.0101210245714866 0.0249497042959877 -0.00047146052455294 0.0565871452943448 0.0573445800332064 0.0492704397866631 0.0517245248589737 0.0467126860710354 0.0484658409171882 0.0496906110561482 0.0409326369312885 0.0272545607130792 0.0224281075419575 0.0622735569155823 0.0510678578012424 0.0564172474254616 0.0547731132759837 0.0468194770598153 0.0378975933331415 0.0480749466713115 0.0422876943346955 0.0522018659102185 0.0329330020317512 0.0441842604945934 0.0404167750309558 0.0616771639077384 0.0372568254589312 0.0246658876271768 0.0313012640365935 0.0269350305208729 0.0206486597644993 0.039582825753757 0.019908801657101 0.0272594571413849 0.0439133179292112 0.03166723925022 0.0400057389268048 0.0421749546682487 0.0363088959731355 0.0197820917003313 0.0170572734734816 0.0317983145612478 0.0342860055174967 0.0224167809424949 0.0204208758446896 0.0291863392249252 0.0279053625422174 0.0169400006878133 0.0183927800782495 0.0217072363378556 0.0202761252996859 0.0259260059712841
0.036912816215615 0.0336934405856202 0.0246566949426472 0.0198743760998251 0.012162399928721 0.00541312938957071 0.0276131470137167 0.0290004151169403 0.0160682404162289 0.00688732924912155 0.0206460709969359 0.0264961571650756 0.0205991214955969 0.0193793991027465 0.00365466624163671 0.00680362297049663 0.0292194436781444 0.033814109557711 0.0341324712096499 0 0.00447448418919301 -5.33338241496165e-05 0.0199670357216222 0.0110862622799992 0.00466889794498542 0.00254532794235339 0.015561280870749 0.0207964821465889 0.00847405155730445 0.00922788210648201 0.0199202661376526 0.0154854758144702 0.0229129459066237 0.00404268874098972 0.0147266642981629 0.00973458607895906 0.0139186326270818 0.00598329331893757 0.0139553892650384 -0.00244193218363964 0.0378850658013888 0.0381803423761503 0.0335841288418818 0.0379393583777278 0.0311698932448461 0.0320160744548458 0.0358684385771479 0.0307010085193969 0.0184124171727454 0.0150908075795703 0.0469070289546087 0.0387066566761544 0.0390303832009903 0.0396775919051292 0.0294292464140438 0.0270685124153983 0.0349043432219203 0.0334413375750788 0.0353405494352421 0.0213677412830281 0.0302731320018418 0.0299679682909057 0.0529459153118438 0.0358000219266226 0.0159606559234858 0.0212408753002661 0.0192078696127658 0.0121650008401396 0.0284465232879334 0.0148940586268983 0.0173924595385191 0.0283373660893241 0.0229351532250563 0.0308815092699986 0.033688384073599 0.0298571137401179 0.0150426005227728 0.0130459581554682 0.0225348183841634 0.0265146418641097 0.0145815796826384 0.0168903287266105 0.0201715514031255 0.020413818867815 0.00982078017718026 0.0117365410019342 0.0149231567503901 0.0139867270571972 0.0151436565253185
0.0102997426009878 0.00758784975358395 0.0108950122442579 0.00779043226884124 0.00375625476010833 0.00169232543996936 0.0117476406494425 0.0102653769721018 0.00598550833263363 0.00499716795932445 0.00706074075646357 0.00674591692056687 0.0111683959775573 0.00843257054139773 0.0037020575588016 0.0048840581345224 0.0077245252267895 0.00662340472210126 0.00631458515296585 0.00447448418919301 0 -0.00283404191504581 0.0112816533972712 0.00733218121522322 0.00236466124737428 0.00119548550942683 0.00354131756042941 0.00295978326897741 0.00520084869480452 0.00325392062903889 0.00608170543598343 0.00321089314918173 0.0118042648487482 0.00907636709277584 0.00363856752872983 0.00186822421484665 0.00487800157685933 0.00143916034739445 0.00559922953073885 0.000366370282492268 0.0107144931931674 0.0118559321974839 0.010081748691605 0.010587529706979 0.00854384264424825 0.0088002479837261 0.0092930851057913 0.00656666631121685 0.00491394221061615 0.00387359082838303 0.0117199347210241 0.0102757007700088 0.0106841543898377 0.0104412782497018 0.0112871987310858 0.0103850052251213 0.00708967284954503 0.00587126445227459 0.0156119669969418 0.0136061518476519 0.0101962548985508 0.0112220744307801 0.0127913097983354 0.00643191542362547 0.00399653956550926 0.00431677450996315 0.0073868087171576 0.00325486493255892 0.00854320676896301 0.00450078805583153 0.00272357480233092 0.00780974733396573 0.00727351379816544 0.00838605631377927 0.00825780836793509 0.00840385005224986 0.00352734605797692 0.00440862411545883 0.00650343062843114 0.0069229215383318 0.00377569649439466 0.00209140101252412 0.00526938626600541 0.0039947874881243 0.00134228430440288 0.00179097177831334 0.00145034378124588 0.0016387791259928 0.00435578289575207
-0.000442133255191447 -0.00418206741100284 -0.00655122399945053 -0.0034015906268367 -0.000819161333100972 0.00342412746237315 -0.00763496809419203 -0.00465002712517755 -0.00582090643996261 -0.00527210203512318 -0.00137599245401077 -4.86828610373465e-05 -0.00205195335678738 -0.00224652645639543 -0.00327767828382845 -0.000814528019564599 -0.00225038785969227 0.000743702504302 -0.00189918000524527 -5.33338241496165e-05 -0.00283404191504581 0 -0.00629567359980137 -0.00580323518999025 -0.000938237749965513 0.00510777026185425 0.00126792888401794 -0.00231284729809274 -0.00071772311794977 -0.00106247945367185 -0.002495519291401 -0.000852169625520279 -0.00117581782169827 0.00825543297531703 -0.00233591545425968 -0.000111781718261272 -0.00913023226691521 -0.00274513026434 -0.00280192123486054 0.00390558344635114 -0.00352760231458395 -0.00497422262343872 -0.00683490814324611 -0.00376395202496757 -0.00515913609228013 -0.00864913176428197 -0.00497447814237943 -0.00153685656020385 -0.00494197389845644 -0.00305623418539161 -0.00569959426232501 -0.00477828887162738 -0.00357679650336392 -0.00108206227646246 -0.00428585161220752 -0.00560102617514877 -0.00264139657550585 -0.00760019214382831 -0.00352521275685022 -0.00632947125104772 0.000846930511088974 0.00467416249252911 -0.00711635817950442 0.000532545638149135 -0.000611911237619627 -0.0018206427705848 -0.00261737141629353 0.00549431657025899 -0.0101769905184688 0.00869855107738339 -0.00433121978440324 -0.000779333746232898 -0.000929285107619763 -0.00134805478671134 0.000603200326957443 0.000180625508683047 -0.00396021642855056 -0.00619026068965687 -9.17428718965049e-05 -0.0039792943559664 -0.00123709859413411 -0.000206684980058663 -0.00842430536277986 -0.00313323513661404 -0.00560171983428563 -0.00734759545170679 0.00259167630897665 0.0025899004728426 -0.00425676060109262
0.052618614119946 0.03967363840302 0.0727890542398801 0.0586321551458662 0.0276222859105059 0.0225181759112165 0.0729535840511376 0.0636399361213251 0.0403090303737279 0.0369409786828614 0.039812220772321 0.0391846767927842 0.0541449552378634 0.0511998775506061 0.0274426352749616 0.0350504678050521 0.0361231690166069 0.0383129471921167 0.0356491629720371 0.0199670357216222 0.0112816533972712 -0.00629567359980137 0 0.0580455590001335 0.0205904994567577 0.0151809894129697 0.0209887417412128 0.0203330102360499 0.0366990405666016 0.0335222619022981 0.0466239985447684 0.0267716502043998 0.0876453626060475 0.0446270838137322 0.0289436373802502 0.0261740194408696 0.0239535968501086 0.0120551820076528 0.0296742904143419 0.00701811341685687 0.0495074268337377 0.0497697959657924 0.0498377837820473 0.043192300709811 0.0435022857716695 0.0480279453053651 0.0573182315108444 0.0404776974560066 0.0327356627172756 0.0255018772295654 0.0546601916748902 0.0494769587087492 0.0613921058372051 0.0438081258816415 0.0628428404507921 0.0607336718255705 0.044691175179769 0.0441725396171542 0.115702841831272 0.0981438224819932 0.0636107214103651 0.0570880359502262 0.0446504856210997 0.0228368672259345 0.0343850501866413 0.0352200808960508 0.0373600225259788 0.0274238754526223 0.0461237522357579 0.0313621826512035 0.0346293841565832 0.0503174401398604 0.0353543458281878 0.0388992552948085 0.0417949091866392 0.0465783351206734 0.0214589077393619 0.0224363209112697 0.0476202123121883 0.0458567721262533 0.0315228583630871 0.014377600212396 0.0450349846441568 0.0326000382897881 0.0229109047269097 0.0249241790616902 0.0171129931264532 0.0155122444404088 0.0343312528172389
