0 0.808372376373004 0.465738382869491 0.370195160216979 0.292778333320033 0.207157274525307 0.668914570844423 0.434084525055247 0.243894598482316 0.202990024748814 0.572950000634422 0.504747997795689 0.542168552595173 0.368307569997225 0.245738682442824 0.158221686468772 0.585598660915635 0.633723461186591 0.79343821444689 0.665900582881511 0.0929020769142089 -0.00102801473550278 0.306421625638327 0.186837876737769 0.172286119744921 0.0628778829578828 0.510328527519471 0.514217955094779 0.406322451191818 0.242147892749174 0.6223779020526 0.575815593916004 0.152205320090717 0.351127421418045 0.252448945404878 0.356636107327854 0.311619169452379 0.263254585453371 0.234729196955253 0.0157063977033891 0.518346350274771 0.552881203266296 0.473835105858809 0.468336376742843 0.490868481695952 0.524355721233698 0.464218157891345 0.482454184553851 0.626295386625292 0.599365346866423 0.833078954710977 0.767747619890322 0.58718633750176 0.581547328411264 0.521755928419055 0.426602836572877 0.484248210045881 0.581281007558731 0.147156521773115 0.294432789776251 0.429670742254726 0.343336140830668 0.281843730008663 0.238044419027112 0.566484970919502 0.457637649465889 0.449637472297287 0.570109957158892 -0.0921741216364133 0.191091104938582 0.429658561486336 0.48835690196416 0.22623446307549 0.432522713160723 0.456046623910361 0.379342821050409 0.21377505762864 0.19092968219818 0.406445917872309 0.304469053484664 0.487187362776739 0.501562730842333 0.422943407854621 0.464063427997965 0.617376265934925 0.672755772730495 0.564243551927327 0.663195381914539 0.498170571356616
0.808372376373004 0 0.506133312973906 0.476832529620642 0.226039472468874 0.145732054518347 0.60778389607191 0.532232716287834 0.209814112439337 0.197671339955124 0.383951565618895 0.609574047096383 0.350282045542133 0.362062156625438 0.174724903966616 0.134117077967967 0.635527460979604 0.78366155509864 0.754450308481577 0.77246451941736 0.122389899639859 0.0102676601531659 0.289718469576418 0.286257376701029 0.172256460198751 0.059202934078553 0.54004218488933 0.664171009310358 0.567275953574545 0.382985871269972 0.750868482727214 0.749080357181387 0.306013530389734 0.44623261856958 0.271687020253401 0.497726525396843 0.381507865237559 0.325625435187359 0.248415079506475 0.158048616627716 0.634271848064913 0.633647401732131 0.589647395699613 0.595906739515348 0.625241783023617 0.643389108683668 0.562424477809595 0.570572108666617 0.660399267691979 0.663892784505675 0.76509404068512 0.814044979455765 0.574678397835823 0.697113473970302 0.455983463265623 0.509444140152733 0.386032158789226 0.715101192450296 0.133112931255391 0.332337947624331 0.540662100289248 0.464766357672703 0.394771896559464 0.386212528383377 0.553429690650959 0.508588690379188 0.565956010868465 0.671321184457519 0.012593536872279 0.310930701146242 0.454585865408231 0.588847935185028 0.295913400161401 0.527512620873906 0.41135176248181 0.541271576314639 0.107376564747631 0.260055313801685 0.300485073707462 0.331737761870633 0.396469806646927 0.483711403566689 0.517373403525187 0.491126748879296 0.735865417769865 0.730898519672049 0.737628651821418 0.710937177053457 0.582723237512611
0.465738382869491 0.506133312973906 0 0.680652281875438 0.472746596947497 0.0032422706359402 0.679173396593005 0.498833153060348 0.405466780995588 0.311086157645611 0.0417054981800881 0.139656818989154 0.259263794504634 0.271623656629133 0.594282204809548 0.309030113780578 0.341140662529102 0.437744063080508 0.501421839480563 0.494052170722727 0.231206877272179 0.0717102044719409 0.81957949606056 0.657765259667243 0.605584602727073 0.42667402108243 0.251957699780803 0.341548842272524 0.677087825351747 0.540472367024841 0.628767491601661 0.613414174675872 0.64862526015638 0.590565675593368 0.257061725487754 0.492802264405586 0.450309049764757 0.353193331712834 0.276637904520856 0.0891935375080231 0.524237306635386 0.471008531671348 0.4678967128356 0.452024153346715 0.467468139171815 0.441601372536289 0.387705871334761 0.425118180470392 0.490555065815072 0.535879105900686 0.446281751165437 0.501810650616319 0.365731733574221 0.335044986274635 0.413624567240812 0.36477969308307 0.442278094309933 0.374544364171332 0.693898720567908 0.520908517463643 0.748413002890867 0.53380332870492 0.314354999145161 0.280197919939337 0.559157560760474 0.522429379533184 0.492093747852081 0.467173813669077 -0.0987875510395209 0.101092835420011 0.417256608164639 0.448665808472043 0.138127304226097 0.420955971240258 0.382179525969488 0.370794235959962 0.355648992842465 0.455714888980287 0.676221275553796 0.463306540674082 0.452923509008475 0.379202068072278 0.543440774649339 0.639149242722268 0.551028201993886 0.571613321338961 0.535704733642803 0.558798723024578 0.533695323220405
0.370195160216979 0.476832529620642 0.680652281875438 0 0.331312896365372 0.22234136001103 0.606695911759222 0.845166405850671 0.339606979671867 0.630034666817766 -0.0312852061455507 0.340596159549626 -0.028173920249287 0.452694105899592 0.247919427512103 0.376629051172024 0.234670176967282 0.38208386290988 0.331317817830388 0.437377896606975 0.21163873007087 0.121057646383385 0.481039079430339 0.720459160392845 0.370753536647223 0.333268675160933 0.0847427291389438 0.344476135079923 0.530739045549693 0.626853869485037 0.534953267206144 0.679149401217708 0.455740379072241 0.627325697810369 0.219809124093417 0.461395745678596 0.34967954417982 0.401696451138821 0.208326102978614 0.111909278464238 0.478089911388302 0.440540295119949 0.504329263229444 0.5004911764275 0.518340257246853 0.507287979154588 0.423834580882924 0.434878837657853 0.473470071549082 0.545349050070475 0.374108436856691 0.3420387004166 0.457952890791879 0.514094692906897 0.576853999041713 0.72276579451625 0.290866733636465 0.483016988141854 0.530726785336734 0.785457569752984 0.690042079487904 0.682928887561521 0.289080542738388 0.241381566860562 0.504935342800495 0.515601196279689 0.460987430436221 0.50118772116356 -0.0772022449775946 0.0146239666375863 0.326831346326562 0.422757989174202 0.240900024817247 0.35061622618723 0.434835388646806 0.519615100532547 0.189229405948618 0.460084628985413 0.421939879757797 0.63606970408207 0.360152065125612 0.62969203795148 0.728658520387743 0.548694339730498 0.517975162360381 0.496954569551101 0.533096472942332 0.445622328512333 0.555481248653206
0.292778333320033 0.226039472468874 0.472746596947497 0.331312896365372 0 0.135461452115285 0.520468771388682 0.254046521572885 0.602455989840223 0.372651364811504 0.228428851710329 0.240201197940546 0.419706647268474 0.439456346514897 0.565826038875085 0.337621444976721 0.0371336396988373 0.178139444785277 0.339070717646577 0.334942350179726 0.255986551784531 -0.000857002384329669 0.559197478393921 0.220019966867402 0.232386531588007 0.0986851132604718 0.315911841052417 0.381561679525776 0.336836685274622 0.191509051813316 0.329950701903049 0.264718994997406 0.143981527699891 0.183513028530782 0.0305088912224448 0.130416893091664 0.135239041251936 0.0354017978402499 0.0430657771986911 -0.0458512925121995 0.205920697131088 0.231933203214815 0.245791767825381 0.157103230991189 0.25075714777857 0.274523388183469 0.22290570197333 0.300149461321565 0.216462530048019 0.27937443272045 0.18845510195706 0.172520171773585 0.213700413772236 0.104459503607704 0.443783358622621 0.272976872807816 0.491765073101434 0.270780310478764 0.277666188722414 0.125816718985828 0.246403763927303 0.0789498575374776 0.0810936407451383 0.0479355457967928 0.440688546162898 0.29942727872777 0.263119904293028 0.155665211202629 0.0352331354897699 0.173791717991816 0.1724486339761 0.337848694176238 -0.00090885565762799 0.265602268534875 0.312256555967537 0.237706445092991 0.106034879581861 0.204624383490322 0.345332820825974 0.153969536334964 0.367301009907272 0.198073438162608 0.349949049512573 0.495842290627552 0.303342855764505 0.289883796281179 0.280298310879885 0.285721427702797 0.220473469185433
0.207157274525307 0.145732054518347 0.0032422706359402 0.22234136001103 0.135461452115285 0 0.18857466914538 0.277679210517185 0.197604775203759 0.359724353629144 0.271502321376947 0.23675821884676 0.171535127498032 0.282492107542021 0.0553551660163517 0.430885200887756 0.112643389278252 0.0771662756261603 0.220825980254456 0.118399599664385 0.0481006339604715 0.219515483796514 0.072098075004407 0.163543133970757 0.086157661935886 0.0380056869354961 -0.00141071023519775 0.121018996673234 0.0570748238447914 0.0770272889788658 0.092853388986469 0.160834342803302 -0.0430965409205418 0.158545727797551 -0.000917044555289203 0.0423605650240225 0.0628355061925834 0.106353772138112 -0.0293751404068347 0.00763210125407777 0.0248873604987406 0.103028866032814 0.115965989293142 0.0627189279844851 0.0736528789355955 0.104101949424912 -0.0471464630654781 -0.0485471783690729 0.145143722107163 0.116652730609009 0.190960522798012 0.191511946594778 0.188715773921514 0.113466695830807 0.352781791650962 0.305867923441695 0.0201047888003203 0.141764291874941 0.061239228097827 0.238646657081577 0.130259334196748 0.223190033587073 0.198140258926174 0.111592325108789 0.203119696809307 0.116150206011475 0.137064891548729 0.136162871246956 0.151545407088233 0.0303067312206136 0.120521254759038 0.0489211383016109 0.0277191992359951 0.0249249211242193 0.12373440002379 0.0769879659611587 0.0630889268914922 0.224804502144477 0.0141063843032459 0.184595320673546 0.201564794320829 0.328562663282281 0.132423454148815 0.033499257028984 0.0742060778614163 0.087283189374117 -0.0105613188621496 0.0573549359203422 0.0961234169233338
0.668914570844423 0.60778389607191 0.679173396593005 0.606695911759222 0.520468771388682 0.18857466914538 0 0.713206848374918 0.515341324545475 0.390081854287793 0.517513064102291 0.474771891999253 0.521449183710954 0.365484020122186 0.334736778578118 0.157830702060362 0.38306658262048 0.467792308423534 0.595004297129203 0.594607842645614 0.173700859270122 0.113089345667113 0.478033890666587 0.262657806835525 0.219793064068918 0.0177276041320317 0.452483175891959 0.452501812112914 0.458212103492502 0.272756940600679 0.626355215248711 0.58935183796835 0.243432473601012 0.392864534034815 0.161261489592462 0.347051448669402 0.30264582310686 0.258380894186226 0.218197448278739 0.0226837362209389 0.600570685518462 0.629509339710162 0.578101987612411 0.548810648113536 0.628213099499848 0.610885171225964 0.542161117736201 0.540535181041198 0.503155571586216 0.56954675011065 0.581393773300046 0.528132660523356 0.684796382641246 0.596501262856627 0.776153851245969 0.632085212464342 0.55616928465728 0.585864262994443 0.337700868042551 0.419901736090772 0.582355348735591 0.426592020613914 0.340637245469273 0.284921161964707 0.663973898937341 0.559657811925279 0.445555144524735 0.512469600273827 -0.047023380790782 0.140738164417997 0.470527242046403 0.450184561394665 0.177810443478551 0.439238645167951 0.413487253808747 0.399397403668165 0.142893461725372 0.161412641757742 0.405833100235658 0.271220460475275 0.589302319473653 0.554818836915304 0.613431282661463 0.703504208233145 0.614664979536665 0.655331136902308 0.569145754669827 0.688539307337746 0.502770734568517
0.434084525055247 0.532232716287834 0.498833153060348 0.845166405850671 0.254046521572885 0.277679210517185 0.713206848374918 0 0.3418818493895 0.608030768341631 0.25425670946486 0.543561674984717 0.0836939498493363 0.36704993160832 0.0237897503342143 0.19831134763724 0.313928315987942 0.421593600722431 0.334572299056419 0.46569096825423 0.15071044434269 0.169807520051884 0.256798638229967 0.425741574736404 0.159026404173823 0.0939005030100995 0.223842986395937 0.423708380650626 0.437413848619174 0.497054341433978 0.547455009701127 0.68688786111149 0.261957331982899 0.506341896956504 0.225297633768103 0.423884472168985 0.343020840134021 0.358003429031988 0.241583047970228 0.134627192057664 0.566345726233284 0.570331703258494 0.59425619616343 0.581953187294434 0.622801247356137 0.600584804911102 0.522669071449833 0.500882942370496 0.497961523602911 0.584344610989155 0.477378537170494 0.365211169119643 0.683700102349138 0.713472677896451 0.737787662017776 0.887336014719793 0.280343959179545 0.62477363301529 0.311510148036015 0.727147748745064 0.612775073024347 0.634183243466865 0.312127175638082 0.267627434389974 0.505330702723229 0.540998950677189 0.440434729153236 0.543699440386896 -0.0329160180127685 0.0731122354994922 0.374535780590257 0.418298026620804 0.259998398249555 0.359738431408771 0.414081818174139 0.551830058568176 0.0180922295220903 0.225942398992506 0.220501518923075 0.460177325969629 0.454637726429557 0.748587749286841 0.736562092650716 0.540352729073353 0.561526033964252 0.565356103628946 0.57573950984238 0.564175354725304 0.534903405169574
0.243894598482316 0.209814112439337 0.405466780995588 0.339606979671867 0.602455989840223 0.197604775203759 0.515341324545475 0.3418818493895 0 0.620457126669376 0.339641199627611 0.292757636805946 0.388408881692718 0.299836779016504 0.507137018139338 0.410320152461925 0.0675955245861888 0.220733451931764 0.259554287974596 0.213110952793983 0.1523839490374 0.00744688225076425 0.46821797619938 0.14079211392646 0.188362104464837 0.0895516113835642 0.158055792575208 0.260907623750017 0.226850101175102 0.123736252078747 0.158372232558367 0.128984637366823 0.0335395021976073 0.0511146740437266 0.0288698089170613 -0.00246486137397496 0.157729452318587 -0.0127374122527297 0.0391958403066025 -0.15639306394038 0.0175121828161252 0.0522225859159858 0.0705418558307516 -0.0523722667178835 0.125878977130901 0.0966570052354794 0.138227300920482 0.180082454105652 0.145028738329522 0.164004735867392 0.157905752708197 0.197584201252862 0.241080612621654 0.0989918842063412 0.589909288587306 0.323290233029542 0.452891293812121 0.239602904307509 0.355021487996302 0.140461143927799 0.0622899605693448 -0.032058054764193 0.138989453126016 0.0712103814133003 0.453659201921493 0.319805358655545 0.281733028083449 0.183461285027461 0.122837534828392 -0.0175983299621476 0.101810583236038 0.276587534464831 -0.0607350160276385 0.254026521647723 0.267772329155653 0.188839979842174 0.136207783407258 0.202318409507813 0.367810317895771 0.147309334821129 0.430076812966654 0.317978506014604 0.262716238660009 0.343129892135975 0.17627344276324 0.167541504392627 0.125867577910504 0.200113154656555 0.163304190598812
0.202990024748814 0.197671339955124 0.311086157645611 0.630034666817766 0.372651364811504 0.359724353629144 0.390081854287793 0.608030768341631 0.620457126669376 0 0.181887569134393 0.422567689193768 0.0961709892803052 0.491830057071136 0.201336947613086 0.503240213963528 0.081009320212454 0.18508940571874 0.169282219952836 0.200740218658951 0.114295277476913 0.130945165685024 0.268606919152259 0.364558699526831 0.174323256025666 0.132418519265635 0.0537766343757406 0.321159177785522 0.225701590169836 0.354540393997328 0.203785553529961 0.295403570398993 0.0194927446816599 0.236318991966057 0.0256080300193076 0.0687491350761206 0.134259560872493 0.0525207210571953 -0.0197033433791001 -0.0335885776646455 0.16090630592223 0.154752553693112 0.236271620071847 0.111442283857664 0.275984526601825 0.225180588942009 0.169479550950055 0.192856762408241 0.184563520079682 0.237377906388532 0.185364989249587 0.129977094332965 0.251220138031984 0.229365875018459 0.561474672436822 0.57792172855031 0.364236622045609 0.383834206020383 0.29142378397388 0.430978690545229 0.202490830672568 0.210940466291537 0.104682386497621 0.0744086379044181 0.391692732728951 0.390813085472683 0.280518442422489 0.309163853555288 -0.0244485637321788 0.00599380356883041 0.0683994713600171 0.178947207834128 0.0305397045600332 0.192704232807988 0.239805813874877 0.309060876297076 0.0373597431294231 0.224957963256148 0.193432548585349 0.377989141431159 0.261045973890772 0.525155158280508 0.476282476370578 0.281785551111352 0.236953572505219 0.19986036622113 0.155121289392287 0.172650993337234 0.257191984344755
0.572950000634422 0.383951565618895 0.0417054981800881 -0.0312852061455507 0.228428851710329 0.271502321376947 0.517513064102291 0.25425670946486 0.339641199627611 0.181887569134393 0 0.530672158451352 0.706174276178634 0.272023107769369 0.162484607047213 0.126270113872885 0.335763611352019 0.290826652889191 0.445733357872855 0.35052657354092 0.087081365670388 0.0279035315782712 0.0684817567467682 -0.219002518603936 -0.0872796770831731 -0.225866487074495 0.434107560064926 0.365575994765454 0.0661830384891116 -0.128076651135762 0.256220722568867 0.171888386356412 -0.288885957499654 -0.0624906360632711 0.116024224855657 0.0792121491254317 0.102626534136481 0.0504683301814789 0.0606098740135688 0.00752459897276338 0.244172975183253 0.345996511967894 0.248200035226568 0.15235138868788 0.284653586710843 0.279720606970268 0.256138052711591 0.241667385775003 0.308187912367649 0.244569575506146 0.41042377347409 0.332372588062588 0.516991368032332 0.346646697069123 0.522725630938873 0.272852428682823 0.399249218201504 0.40101697983606 -0.125857009181577 -0.0322530985613386 -0.0159413482885845 -0.090246943089023 0.227609376697754 0.163699693262389 0.374850114203872 0.324396521530434 0.255898225365214 0.326248768929385 0.0989621411697601 0.184111332570833 0.280905389071581 0.258642547808925 -0.00568683040530803 0.156429583069726 0.181551826964696 0.158679428382919 -0.0284757239581387 -0.0879511791378693 0.0930692933879859 -0.102800972889449 0.540690343335007 0.395267647257071 0.13878813460852 0.197815397996378 0.258606436888677 0.389419779501587 0.207562228773211 0.41454461709971 0.195970325918677
0.504747997795689 0.609574047096383 0.139656818989154 0.340596159549626 0.240201197940546 0.23675821884676 0.474771891999253 0.543561674984717 0.292757636805946 0.422567689193768 0.530672158451352 0 0.351576709108776 0.537925166196788 -0.0167352521741862 0.166988943952695 0.438302684737697 0.46349220670951 0.421871860730343 0.564837835118193 0.0423779662483118 0.0398560107706378 -0.00133633160648194 0.0370216175167176 -0.133868350495565 -0.223999453094401 0.506642356504669 0.610636686707875 0.190913568833925 0.169991890076307 0.408243994360956 0.465947354021545 -0.0731775951745893 0.144663785270123 0.0594220933633138 0.11007567286234 0.094851780718163 0.0972534111528295 0.0161009689224042 0.0732612171269803 0.388239435575275 0.433493473406151 0.4192546843528 0.341187047404765 0.49172170148645 0.452381148077802 0.413645204843989 0.40520905627503 0.390554299693642 0.43218124078061 0.437927134772991 0.407581224709838 0.533704062407491 0.631213231535695 0.515911440353917 0.618325897258156 0.428794489179302 0.761509246822956 -0.138972850417978 0.188886105401174 0.210214631565843 0.181935706200245 0.257087891779676 0.260966729373602 0.409882355367872 0.465491781596176 0.374390545836618 0.49010866358431 0.106285868918726 0.260603820859732 0.254763154583512 0.372829658794348 0.0662070543356796 0.239957692704048 0.310748434878477 0.463963739058187 -0.0563000952604788 0.00538515546990518 0.0216224528485386 0.230101022817741 0.296205149029769 0.553774328045167 0.433725498308317 0.282148464138914 0.509500278872346 0.453168941125005 0.499797407417971 0.547074468881503 0.381793815187046
0.542168552595173 0.350282045542133 0.259263794504634 -0.028173920249287 0.419706647268474 0.171535127498032 0.521449183710954 0.0836939498493363 0.388408881692718 0.0961709892803052 0.706174276178634 0.351576709108776 0 0.452112256817178 0.545637896059976 0.31886964777987 0.297307753116783 0.309773031708414 0.540225393538491 0.421153906383709 0.219334088995111 0.0359097545784481 0.368540954891122 -0.010574780046672 0.126239298459335 0.00601590849735605 0.506660112919059 0.41275373018139 0.275181008392276 0.0247974799667604 0.373430499948889 0.226114388174673 -0.024399220150327 0.0736469928703499 0.0955074164061897 0.120492157330466 0.165807177598121 -0.0660170832975356 0.0967389915888781 0.0402931010703492 0.273818150732595 0.352377660637811 0.32080083909294 0.189702186415399 0.318196662081503 0.307422610046354 0.241855635442118 0.309218171749267 0.327787689457064 0.313413313697757 0.369990864269791 0.37878253962676 0.288662044997497 0.146744254874933 0.386796475476163 0.0873584797866659 0.552656554016686 0.277824469918357 0.017474050065653 -0.0733230099869423 0.124011394233049 -0.0305562185768304 0.183755253121476 0.127197767566052 0.496081652573244 0.39336921915455 0.28964701241157 0.288427279061469 0.0864438508652151 0.300198207951203 0.296879656299862 0.277657583839519 -0.110353157416796 0.259128932834042 0.315192466315184 0.253459140704802 0.217027057533283 0.0621536113896156 0.329710885174437 0.0224858533188229 0.437230941381165 0.189126970674361 0.0999821241960691 0.234910672683679 0.335124018320351 0.401047978555969 0.208349567834019 0.385777259378053 0.255884875912927
0.368307569997225 0.362062156625438 0.271623656629133 0.452694105899592 0.439456346514897 0.282492107542021 0.365484020122186 0.36704993160832 0.299836779016504 0.491830057071136 0.272023107769369 0.537925166196788 0.452112256817178 0 0.353016418042105 0.585711659058607 0.166555526084108 0.274212660627649 0.40070039584869 0.529253657217448 0.337562810083804 0.0840371047932835 0.305089183322295 0.443586324967471 0.104570395493466 0.215084515296492 0.289757713510184 0.474653887346729 0.355138573948699 0.37102732655729 0.442155120040604 0.451295097837498 0.137682054924554 0.311475626914593 0.116005467963159 0.23740240815287 0.189987862933171 0.0737818665597347 0.0443765860754619 0.111262558904635 0.295967536195263 0.308741896500376 0.384005566669988 0.308044318958368 0.394148005904014 0.39164660974005 0.290345650987378 0.382032184672174 0.387426053696445 0.425203990441246 0.287034093482861 0.237218536148409 0.245925219834275 0.252026158178756 0.360185800863525 0.377176907282674 0.426991899795055 0.410677035932253 0.0708014360674179 0.298860588983632 0.303244051134532 0.268214319714166 0.263756404191392 0.249347962486291 0.470157471105142 0.439913286886798 0.454055687628417 0.404234731203966 0.100061446372452 0.270861803034061 0.235506009524906 0.290185148348794 -0.000548737436154418 0.243832075942466 0.39366306007447 0.451039460303881 0.14423855808194 0.373534544800815 0.231521099352938 0.501859685901928 0.220612373751045 0.404723924923862 0.458355317562705 0.323252810881083 0.469992605287998 0.394698612472331 0.364437995044543 0.369052031973645 0.403399116725657
0.245738682442824 0.174724903966616 0.594282204809548 0.247919427512103 0.565826038875085 0.0553551660163517 0.334736778578118 0.0237897503342143 0.507137018139338 0.201336947613086 0.162484607047213 -0.0167352521741862 0.545637896059976 0.353016418042105 0 0.575291368497878 0.118317600023145 0.20181325491791 0.345391097767493 0.247336294170734 0.348524940374218 0.0505327673196735 0.836259009362959 0.474028828865639 0.55477507555037 0.419379746823696 0.110219479900798 0.200054080817566 0.410621106749534 0.239591112320507 0.267066173401237 0.191443838615747 0.385429711878032 0.222459221748201 0.184261660806736 0.218251742199928 0.25189803914888 0.146146951205113 0.135318740301114 0.0476592469803557 0.143054481041082 0.182147879469678 0.174622618736286 0.0573160361480285 0.123807995810358 0.154381415167537 0.143638937440708 0.238429770732243 0.285575125915512 0.310766515079404 0.111136653355585 0.221405256838621 0.0278887929579908 -0.140817518648892 0.173578683114973 -0.0644187486797372 0.340151156082583 0.00710451470703602 0.528296847396986 0.155173716720087 0.25126361954472 0.0278069754166355 0.153625705023784 0.0775443872064772 0.458455211505506 0.351852123017495 0.304574702445391 0.249391135891114 0.0514816999834318 0.142972290334438 0.193732757584217 0.232475882269339 -0.0654984957359784 0.213804113061508 0.295100071940517 0.178921979103198 0.440056570478103 0.453129481467001 0.645627892799862 0.308964193877184 0.41272938357176 0.141835550949127 0.170700668851846 0.323135420640926 0.181448008404062 0.256896603547347 0.145283839199162 0.218215488166395 0.188235259844316
0.158221686468772 0.134117077967967 0.309030113780578 0.376629051172024 0.337621444976721 0.430885200887756 0.157830702060362 0.19831134763724 0.410320152461925 0.503240213963528 0.126270113872885 0.166988943952695 0.31886964777987 0.585711659058607 0.575291368497878 0 0.0466656741011016 0.139314819458458 0.240110638743024 0.20800341627142 0.300639442748176 0.138361602673848 0.518539858293461 0.572663607959284 0.448245813137538 0.449850741444778 -0.0166829952546876 0.237385042571496 0.316737262205109 0.371957779011043 0.203027562153255 0.228229667262072 0.205459916924537 0.254475773615316 0.193044806344585 0.165460485802111 0.331898262467652 0.186092542045362 0.084622072320568 0.114356957662135 0.0642194159315648 0.10515968477327 0.161849361443522 0.0281718411179697 0.116095590834469 0.13850461414617 0.062844845756 0.103284445295476 0.314798809614735 0.304532833903867 0.112367937000122 0.148597728670249 0.0412092986953793 -0.0833760196548932 0.1957464800324 0.121868563855304 0.174488751709838 0.0837522710631201 0.328256185342257 0.270691281916249 0.17435234554063 0.0909612795797486 0.135229919683771 0.0708320445899708 0.390285546396605 0.370004308800687 0.332662599180923 0.322230204480511 0.0824747885070883 0.211267585408762 0.11448084718893 0.178621818507759 -0.0504001957982791 0.0595845567490716 0.27922081480466 0.245096427854413 0.279641672354066 0.498158180448922 0.358271092386715 0.440260402181715 0.26468898541919 0.363251377015511 0.244627962077472 0.109505437668322 0.156553175533087 0.145744449987218 0.0783934839232787 0.142833432037711 0.17554940420631
0.585598660915635 0.635527460979604 0.341140662529102 0.234670176967282 0.0371336396988373 0.112643389278252 0.38306658262048 0.313928315987942 0.0675955245861888 0.081009320212454 0.335763611352019 0.438302684737697 0.297307753116783 0.166555526084108 0.118317600023145 0.0466656741011016 0 0.715534132809343 0.563519280543352 0.606262486525124 0.046296535149435 0.0419607704453172 0.196442588573439 0.108158061742055 0.0445913467157369 -0.153729920169147 0.596763608325822 0.614800259627765 0.386828550811194 0.245349809882457 0.533591487249824 0.536323974740775 0.140013365493302 0.153875424107541 0.197387500577633 0.306469102741334 0.237308700781576 0.165431192983363 0.111801913131706 0.0650675541425121 0.392986844807086 0.429383531663715 0.267634388114949 0.327801676384328 0.382126703374426 0.373334226255471 0.320983147244702 0.369744077109622 0.410804980106883 0.397816870678375 0.672423408926812 0.643164953615106 0.311589746537103 0.436649393377254 0.225727117709511 0.206981942267194 0.333451055925964 0.590315613909626 -0.0217296733283121 0.110514692659518 0.258686338773908 0.182874782786973 0.303812604184218 0.285388272350735 0.302847557873584 0.397800127632937 0.297876510368139 0.516711336861615 0.0343476380297516 0.211626993221142 0.475033419563468 0.366697797438291 0.373707613834993 0.386617481316301 0.278156951346841 0.276155623040035 0.137541724296339 0.0115128213325977 0.16899398202678 0.172754595375288 0.332475755252992 0.295210498908936 0.266455337177487 0.294644722763914 0.50053725814319 0.538720844873172 0.500654253827773 0.541920205955126 0.462569869516578
0.633723461186591 0.78366155509864 0.437744063080508 0.38208386290988 0.178139444785277 0.0771662756261603 0.467792308423534 0.421593600722431 0.220733451931764 0.18508940571874 0.290826652889191 0.46349220670951 0.309773031708414 0.274212660627649 0.20181325491791 0.139314819458458 0.715534132809343 0 0.674615264039642 0.676912504352058 0.230076602890735 0.040594026179803 0.309303882734009 0.282977343562177 0.229890846421691 0.124120254988101 0.531732591387176 0.700597545905836 0.540449328014927 0.368581493571478 0.664421795988513 0.65496275264436 0.290609543797781 0.393848875148327 0.322577748712713 0.506233196535838 0.446792715362168 0.25080540698328 0.207995956902721 0.178688653017722 0.515054790475687 0.509137887459197 0.488503362105863 0.521979702194296 0.50495300563463 0.504710029499648 0.394356450784186 0.452322830404859 0.566792099748481 0.559740393463736 0.68892383051865 0.780215281541058 0.40644205829466 0.524460684694026 0.342290440808465 0.366483662327027 0.362692900994868 0.672240840209438 0.163102460047343 0.292761022007844 0.484359785106331 0.396924026992209 0.280427711897134 0.277178267852844 0.427151932192484 0.457318945151461 0.556699252073714 0.640509826868714 -0.0265684380948074 0.264572137460669 0.453899169735052 0.498007721542688 0.321618221105756 0.559003066717408 0.487972055661769 0.526393904600389 0.184180536851446 0.278625030711792 0.321275076351049 0.312540192058833 0.357826229088092 0.395979396622894 0.353213193396859 0.367960820228127 0.600838373337328 0.615199349012974 0.612032120623274 0.578237843319112 0.495474582857257
0.79343821444689 0.754450308481577 0.501421839480563 0.331317817830388 0.339070717646577 0.220825980254456 0.595004297129203 0.334572299056419 0.259554287974596 0.169282219952836 0.445733357872855 0.421871860730343 0.540225393538491 0.40070039584869 0.345391097767493 0.240110638743024 0.563519280543352 0.674615264039642 0 0.775349905968656 0.146179060697462 0.042764918316755 0.382499331498417 0.24439871741202 0.204330305167829 0.136508232496307 0.544561656912779 0.598614174350851 0.54156934151073 0.253743631077776 0.688165343728371 0.57789391939831 0.195477914064623 0.334504494529008 0.176219148516428 0.393162527860099 0.288264087455735 0.227972446267203 0.279252517718731 0.0520827671910876 0.436233628010767 0.490530527271505 0.409726829702507 0.421548832120973 0.459662779084793 0.472413268998571 0.304662303089879 0.349137602591544 0.533961366825538 0.488939612366465 0.656253584111063 0.676754319662509 0.416678998061463 0.428471162757682 0.398449367720024 0.287314007838441 0.427623247259128 0.544999726333882 0.0986292774357128 0.180240994131574 0.403920553331712 0.305488455523658 0.358609334866823 0.307523874974423 0.581991414797179 0.51650321420562 0.545968494733704 0.573526515145905 -0.08706016649542 0.325226057605858 0.424024983965293 0.521927990250516 0.162472241474575 0.434399479259326 0.359736767881633 0.374391908608812 0.124307228345155 0.243304602587072 0.318633798326708 0.233907000267647 0.391658652083988 0.299501324873474 0.336099271738911 0.401660882579205 0.566936629704633 0.612641775837735 0.496509295997157 0.585405264268191 0.415020797426195
0.665900582881511 0.77246451941736 0.494052170722727 0.437377896606975 0.334942350179726 0.118399599664385 0.594607842645614 0.46569096825423 0.213110952793983 0.200740218658951 0.35052657354092 0.564837835118193 0.421153906383709 0.529253657217448 0.247336294170734 0.20800341627142 0.606262486525124 0.676912504352058 0.775349905968656 0 0.185247195572143 0.0133560854250646 0.333659868614734 0.286016083541648 0.0863465805138707 0.0389000394595085 0.612918330016698 0.683031750909087 0.600161004230775 0.366523541840908 0.825670349319064 0.738789979138226 0.226975472806533 0.348228771702626 0.206239006964472 0.441116432233749 0.283631007773269 0.172700416552506 0.228549876520339 0.0934457513707369 0.583696551402324 0.63558282219789 0.549349326144649 0.570832032403405 0.616335313304795 0.587000120358677 0.497050090905331 0.533472920139419 0.580734851724381 0.606214063350959 0.638621462994754 0.611482050042157 0.498877176683444 0.574505657370977 0.408451421395993 0.400957285435505 0.482463017872061 0.69435522269611 0.0393028029331743 0.201902787132595 0.483846446267957 0.358446032291942 0.591584756597648 0.568308922310946 0.543996913212814 0.581587687779771 0.596920073772684 0.67734339805475 -0.0503925849708553 0.40649292479719 0.517993359229721 0.588841136696123 0.239922045736962 0.441173025810365 0.359865923810519 0.47133207613946 0.0613448860503523 0.205738338684664 0.259009508128993 0.327000140999822 0.393827381052147 0.417403584445565 0.489812286458001 0.470873424009927 0.705730433346494 0.686541058254689 0.667764432635113 0.685431060387887 0.537144901040984
0.0929020769142089 0.122389899639859 0.231206877272179 0.21163873007087 0.255986551784531 0.0481006339604715 0.173700859270122 0.15071044434269 0.1523839490374 0.114295277476913 0.087081365670388 0.0423779662483118 0.219334088995111 0.337562810083804 0.348524940374218 0.300639442748176 0.046296535149435 0.230076602890735 0.146179060697462 0.185247195572143 0 0.0642438278416763 0.311513106980602 0.328914321536833 0.363489137523283 0.335380201576911 0.0939562312147747 0.22871636267952 0.321749326817782 0.345292717218055 0.299346464837357 0.263631663790699 0.264527310177703 0.264590158670844 0.25264656666833 0.285776687867094 0.316395105655024 0.235093116359147 0.165672841172121 0.2592753344838 0.117042889991344 0.167437804331262 0.177329976496527 0.160616771289532 0.100816562132309 0.125127794764736 0.0419072922692001 0.104528930234137 0.268843650118638 0.308806485286113 0.0413093184333777 0.134884861891656 0.15094398551023 0.0943475657323263 0.0754413885645239 0.0837649797256021 0.0448513247009135 0.0895055080207304 0.22902904455194 0.240880482988604 0.232636294795001 0.210298087422578 0.0370729990595575 0.0192899656220677 0.282682312757012 0.259596347258655 0.264751490883809 0.336388560779206 0.104700434492382 0.0716441264785823 0.232752088988467 0.171157771243193 -0.00220619207199046 0.167360246687153 0.276758753626571 0.295995079803929 0.298116194972237 0.396104035163594 0.284640360854309 0.277233334227188 0.286831493437794 0.225157755524827 0.168053637893947 0.116695977654501 0.116653004992227 0.208109866725875 0.169970274158359 0.171203212323135 0.244934590964608
-0.00102801473550278 0.0102676601531659 0.0717102044719409 0.121057646383385 -0.000857002384329669 0.219515483796514 0.113089345667113 0.169807520051884 0.00744688225076425 0.130945165685024 0.0279035315782712 0.0398560107706378 0.0359097545784481 0.0840371047932835 0.0505327673196735 0.138361602673848 0.0419607704453172 0.040594026179803 0.042764918316755 0.0133560854250646 0.0642438278416763 0 0.0762719380821602 0.106992057193552 0.192862886092832 0.102285234813791 -0.126470404935118 0.0119206344751089 0.102213217597182 0.0596157220785792 0.0959123031087316 0.108339440726285 0.0689569830081364 0.00277663265870661 -0.0666178068127629 0.00140195009635179 -0.045304201799221 0.138493864318107 -0.00107907781730546 0.0267705485081774 0.0944590918404056 0.0805066107908097 0.107372063344766 0.09244051634729 0.0825784753125187 0.0694763242994892 -0.0671566299786806 -0.103078789240475 0.011297501376807 0.0771560026069085 -0.0175082452784729 0.0199414576404 -0.00238606610350541 -0.0451487095543293 0.123405374981388 0.114882853799509 -0.00247676497939248 0.0605877878727874 0.111139871929847 0.13078198872683 0.125025234671822 0.112990555479015 0.109822059355288 0.111805458864781 0.141578355633133 0.158488954419802 0.0720592146652731 0.0668048045595415 -0.0956456918187557 0.0982452630980294 0.233134180410955 -0.0346693417608188 0.102488723172311 -0.0352786656764743 -0.00577670930841328 0.06740442159783 -0.0840218471658131 0.0643935556531136 -0.0417020539979008 0.053916986151897 0.0152118348929461 0.0711193591765436 0.110964517177521 0.0599976414073175 0.0938209906185229 0.0195918748844674 -0.00213159002260352 0.0151395466728233 0.0232318463662972
0.306421625638327 0.289718469576418 0.81957949606056 0.481039079430339 0.559197478393921 0.072098075004407 0.478033890666587 0.256798638229967 0.46821797619938 0.268606919152259 0.0684817567467682 -0.00133633160648194 0.368540954891122 0.305089183322295 0.836259009362959 0.518539858293461 0.196442588573439 0.309303882734009 0.382499331498417 0.333659868614734 0.311513106980602 0.0762719380821602 0 0.673688165221865 0.713533188041295 0.501466601685117 0.0925906400918845 0.237947850754927 0.558854882908325 0.412944810433892 0.391965220055571 0.378962232715231 0.609481522788375 0.455173875107738 0.282204340839662 0.342303477506811 0.440349776927058 0.284364113372302 0.183669670622546 0.0384296049426804 0.319603042786735 0.29010563559238 0.297707977216393 0.22670166085285 0.274150845147896 0.276435974860411 0.246190281301433 0.332535923501714 0.426907206435415 0.42971266714836 0.232445232703992 0.324413358748382 0.156507767647467 0.0242603679424337 0.285800733348348 0.164780666263423 0.323122262523371 0.124133389599962 0.745567547179739 0.396025684702144 0.519204483460494 0.263261499677543 0.209098953041302 0.134105420194442 0.505036416056891 0.43774749416842 0.366184233399637 0.332798561384149 -0.0311768467809077 0.134828546934968 0.267187756763715 0.31404184024717 0.0379175822394246 0.3510575987226 0.378818913097417 0.275611059236329 0.504365554079293 0.522718213953027 0.730809659188869 0.44396584567429 0.448975315533766 0.296533637599944 0.35708195404519 0.504858742886008 0.343044120151631 0.390470002082933 0.307789931907461 0.342126265874719 0.332012219943315
0.186837876737769 0.286257376701029 0.657765259667243 0.720459160392845 0.220019966867402 0.163543133970757 0.262657806835525 0.425741574736404 0.14079211392646 0.364558699526831 -0.219002518603936 0.0370216175167176 -0.010574780046672 0.443586324967471 0.474028828865639 0.572663607959284 0.108158061742055 0.282977343562177 0.24439871741202 0.286016083541648 0.328914321536833 0.106992057193552 0.673688165221865 0 0.679325191402006 0.673765975473755 -0.0900932419401838 0.162024048623246 0.562263331166475 0.636623762532491 0.435523892043376 0.550857408602847 0.686635850756119 0.676353617362065 0.336178106109588 0.489806049234371 0.469422238936606 0.51486640872581 0.266286430702735 0.198133287272431 0.318044758501866 0.250432097707439 0.358834218942343 0.351616728723629 0.29018488198208 0.264648981216494 0.207163535294548 0.223614794758702 0.487001526710608 0.464484432329631 0.209821720521484 0.260335140620268 0.162229201895073 0.148119326095391 0.194881304910523 0.32706145872172 0.119427392686639 0.171134422172334 0.669805209654213 0.715236015176157 0.658366422316639 0.592455945493109 0.245061950780354 0.185956097232404 0.403842120427702 0.434992188816049 0.486094998513722 0.440758139294857 -0.0304673887177408 0.0908680050711021 0.28252083192377 0.308566674223209 0.0925121421156462 0.240948733945013 0.393378014469363 0.406120508919069 0.479897922664624 0.712270778408047 0.61760697450637 0.772769057935394 0.276267607266032 0.448557891492855 0.461222057305053 0.310126951302907 0.356680595089344 0.337681963998547 0.35035653386403 0.255066419155437 0.454595586157779
0.172286119744921 0.172256460198751 0.605584602727073 0.370753536647223 0.232386531588007 0.086157661935886 0.219793064068918 0.159026404173823 0.188362104464837 0.174323256025666 -0.0872796770831731 -0.133868350495565 0.126239298459335 0.104570395493466 0.55477507555037 0.448245813137538 0.0445913467157369 0.229890846421691 0.204330305167829 0.0863465805138707 0.363489137523283 0.192862886092832 0.713533188041295 0.679325191402006 0 0.665833094310054 -0.160953898841906 0.0138507163540189 0.403499057779714 0.352146379928973 0.23659580808511 0.265886267312484 0.552539885042765 0.500298783384309 0.323588943592953 0.383976123929961 0.478032565744995 0.405697903725197 0.320761914308325 0.208964080846276 0.237552631371274 0.15404725032363 0.257473521324737 0.193385793600639 0.138595110507335 0.132802386299379 0.0766583612247555 0.0892381522803504 0.414031521390738 0.393461579053613 0.103119231159578 0.256812708333143 0.0564264128108983 -0.0720172941535541 0.0540443254800344 0.0772007104170807 0.0480183171890908 -0.000614635535697004 0.751402442684536 0.459099193087954 0.515463609999804 0.334410803122938 0.0405496311415115 0.0190029893559236 0.355950642321275 0.288089643890823 0.340859543940665 0.2926500654971 -0.134605464947592 0.131717703091337 0.19807896128989 0.124741139816603 -0.0769880454640635 0.127756344205474 0.273823300052751 0.207503028465644 0.45623567166299 0.565440786385324 0.61122974496915 0.467530237952665 0.261391561286528 0.272325782384397 0.210394889156199 0.229748723718766 0.170403172688565 0.228457843989106 0.143132105435994 0.151228959760494 0.234896950771746
