0 0.00493269505996723 0.00556243789657939 0.00333797373184012 0.011905802771369 0.0141076551963555 0.0134639829158813 0.0134032751173046 0.0281444590735099 -0.0153624848315913 0.0115032554371436 0.0104663950611477 -0.00220444804859361 -0.0143443334830478 0.00413740750274502 0.00249901443079967 -0.0118536169518836 0.0391309286340874
0.00493269505996723 0 0.00101915704150791 0.00504116953795002 0.00926615352488998 -0.0231450980441439 0.017824728766868 0.0171415310750215 0.00563750273731822 0.00709571708153548 0.00401461380199093 -0.00307021984002663 -0.0153973297511387 0.0129477370140012 0.00847934561639679 -0.0162977299338956 0.00695366190898328 0.0219834648551928
0.00556243789657939 0.00101915704150791 0 0.0189193682933353 -0.0104236755097518 0.00532210957885664 -0.00840645546323369 -0.00220443246827446 -0.00811674335675789 0.0154021927954318 -0.00189278478888228 0.00434097160177492 0.0123212786352048 -0.00593502332435807 0.0132535837403517 0.0107397357209368 -0.000291500150661199 0.0132592337253302
0.00333797373184012 0.00504116953795002 0.0189193682933353 0 0.0111935056620545 0.0133510292478309 -0.00504483888540954 0.0264859448836095 -0.0104229217157187 0.0156734747434396 -0.00620868982628607 0.00839282795301248 -0.0117381595711711 -0.000533269637664463 -0.00295347519434446 0.00393977781578133 0.000522190443308773 0.00479480608131205
0.011905802771369 0.00926615352488998 -0.0104236755097518 0.0111935056620545 0 -0.00483685878351086 -0.011910877050249 -0.00717857068469794 0.0112328137474023 0.00786222608194273 0.007127977149751 0.0110836129608967 -0.0136737706208743 -0.011895348146385 1.05830254929046e-05 0.0105259339667184 -0.0136207714635547 0.00340947427196567
0.0141076551963555 -0.0231450980441439 0.00532210957885664 0.0133510292478309 -0.00483685878351086 0 0.00259151624006318 -0.0331137654579053 0.0150162480583433 0.0070152749586934 0.00520779998326114 0.0255996099365445 -0.0156530703933022 0.01387210348171 0.0114561269259197 0.00030343474507829 -0.00456067398158764 0.0092417586700239
0.0134639829158813 0.017824728766868 -0.00840645546323369 -0.00504483888540954 -0.011910877050249 0.00259151624006318 0 0.0120069821319201 0.00216933937731984 -0.00664079424698373 0.0126501266625487 -0.011197515303576 0.0188897758735353 -0.00555450699300699 0.0271365064873205 -0.023347800357035 0.0181054289903085 0.00948658237954506
0.0134032751173046 0.0171415310750215 -0.00220443246827446 0.0264859448836095 -0.00717857068469794 -0.0331137654579053 0.0120069821319201 0 -0.0194827630480076 0.0249669323230038 -0.020565409906368 -0.000599822520380628 0.00119268615632084 0.0151921127587492 0.0162632480710324 0.00745644358995226 0.00348297809465769 -0.000962017330320923
0.0281444590735099 0.00563750273731822 -0.00811674335675789 -0.0104229217157187 0.0112328137474023 0.0150162480583433 0.00216933937731984 -0.0194827630480076 0 -0.0230670227476447 0.00563750224697989 0.00302909510301744 0.00543232810143713 -0.00321238009242255 -0.000933761630359945 0.00679774587537453 0.000354966322895702 0.0172762551373664
-0.0153624848315913 0.00709571708153548 0.0154021927954318 0.0156734747434396 0.00786222608194273 0.0070152749586934 -0.00664079424698373 0.0249669323230038 -0.0230670227476447 0 -0.00490762775204483 0.00838393681244327 0.0241715787030212 0.0344808764986609 0.0162492122865442 0.0101546121858476 0.00653801624235029 0.0038870829775312
0.0115032554371436 0.00401461380199093 -0.00189278478888228 -0.00620868982628607 0.007127977149751 0.00520779998326114 0.0126501266625487 -0.020565409906368 0.00563750224697989 -0.00490762775204483 0 0.00363783109953606 -0.000725214173856223 -0.00437735508332991 -0.0010581776465026 0.00920394008863725 0.00110233010263053 -0.00120142133971995
0.0104663950611477 -0.00307021984002663 0.00434097160177492 0.00839282795301248 0.0110836129608967 0.0255996099365445 -0.011197515303576 -0.000599822520380628 0.00302909510301744 0.00838393681244327 0.00363783109953606 0 -0.0178418391237459 0.00854785842529711 1.07733155171346e-05 0.00143485040309006 0.00150221072980599 0.00638848435578328
-0.00220444804859361 -0.0153973297511387 0.0123212786352048 -0.0117381595711711 -0.0136737706208743 -0.0156530703933022 0.0188897758735353 0.00119268615632084 0.00543232810143713 0.0241715787030212 -0.000725214173856223 -0.0178418391237459 0 -0.00207875421483182 0.00484073482881848 0.00144001748192812 0.00534190450607825 0.00727986598245888
-0.0143443334830478 0.0129477370140012 -0.00593502332435807 -0.000533269637664463 -0.011895348146385 0.01387210348171 -0.00555450699300699 0.0151921127587492 -0.00321238009242255 0.0344808764986609 -0.00437735508332991 0.00854785842529711 -0.00207875421483182 0 0.00211584868709735 0.001484551493158 0.0110851176721497 -0.00390294854268694
0.00413740750274502 0.00847934561639679 0.0132535837403517 -0.00295347519434446 1.05830254929046e-05 0.0114561269259197 0.0271365064873205 0.0162632480710324 -0.000933761630359945 0.0162492122865442 -0.0010581776465026 1.07733155171346e-05 0.00484073482881848 0.00211584868709735 0 0.0140715945066588 0.00517261784960546 -0.00486339740813721
0.00249901443079967 -0.0162977299338956 0.0107397357209368 0.00393977781578133 0.0105259339667184 0.00030343474507829 -0.023347800357035 0.00745644358995226 0.00679774587537453 0.0101546121858476 0.00920394008863725 0.00143485040309006 0.00144001748192812 0.001484551493158 0.0140715945066588 0 -0.00454968194618139 -0.0023195461817519
-0.0118536169518836 0.00695366190898328 -0.000291500150661199 0.000522190443308773 -0.0136207714635547 -0.00456067398158764 0.0181054289903085 0.00348297809465769 0.000354966322895702 0.00653801624235029 0.00110233010263053 0.00150221072980599 0.00534190450607825 0.0110851176721497 0.00517261784960546 -0.00454968194618139 0 -0.0124506097831946
0.0391309286340874 0.0219834648551928 0.0132592337253302 0.00479480608131205 0.00340947427196567 0.0092417586700239 0.00948658237954506 -0.000962017330320923 0.0172762551373664 0.0038870829775312 -0.00120142133971995 0.00638848435578328 0.00727986598245888 -0.00390294854268694 -0.00486339740813721 -0.0023195461817519 -0.0124506097831946 0
