0 0.427038958328865 0.224286699458929 0.184116730174485 0.134508182841132 0.116502686962321 0.250620939708231 0.212321964419827 0.0561465567431655 0.12705815724387 0.361357843246618 0.278119334351106 0.31472671417885 0.286203032893986 0.197064231479768 0.253015385337871 0.401415144593263 0.45288116569064 0.329421771062936 0.295817910468835 0.0485253700046635 -0.0121591682766264 0.220194379198468 0.211731035845458 0.201766430552476 0.168534674546407 0.23971198947515 0.258369798355895 0.153466467959234 0.0933183186579874 0.307908071279223 0.195148135671081 0.117717669828575 0.205878134435474 0.124268790622649 0.114502825938886 0.137677365913637 0.144703876819251 0.203338124593275 0.0792464039305682 0.279577899840305 0.317119313979784 0.222503444692411 0.29042045791504 0.321412715389989 0.344813540814177 0.303309973336878 0.269523240501187 0.216029832273144 0.24854571625621 0.512966607431968 0.451889208569242 0.380216304881259 0.292210558790623 0.301194061190128 0.197970750786807 0.377295466865413 0.229500125095733 0.221455992252744 0.179780022337891 0.253074044144115 0.234546030698628 0.325838503226972 0.344718765494912 0.103113970423732 0.0494130253703902 0.150543926682813 0.192898546835715 0.158752866470008 0.0734200837642853 0.111335517319029 0.0409696554648249 0.398610554852593 0.354642090971925 0.422999684243355 0.363080670079467 0.23417763346529 0.250236839573382 0.316017349743888 0.266526304920626 0.161732323786029 0.237536533884161 0.0544370953720133 0.0335975304244566 0.0611876325115352 0.0992425081591172 0.128314779052886 0.153865913817939 0.133839840647235
0.427038958328865 0 0.193186243686987 0.181258029019608 0.134539195200312 0.0868871290676788 0.169511966783606 0.15182168750014 0.030091474481863 0.0792652143851908 0.268962084986659 0.2342166845447 0.223129048009045 0.244501166285445 0.160990753065858 0.257916117757937 0.370287418846521 0.453199235653601 0.264609215503894 0.319391581079994 0.0928094394250323 -0.0220452798690516 0.191451971812428 0.222291815467367 0.204983640424894 0.179056719923274 0.213138005923935 0.258490369885007 0.129988765450131 0.0753918889474729 0.270461989406923 0.170507064218438 0.0973854406768717 0.237230664008374 0.147432514333329 0.129625583065902 0.131668707377271 0.183753733353518 0.248055024657564 0.110030990843426 0.246426607661795 0.337274956396086 0.249321478951645 0.300889188997311 0.308417344990838 0.335662770636234 0.280325231458269 0.264220212404283 0.201635052832501 0.254530195223637 0.497464761693724 0.495249515912133 0.300759676617595 0.260401518898028 0.216360686426557 0.135339306695886 0.314021962410043 0.203500840013723 0.221828942197917 0.164131921259727 0.232162775264322 0.242588380862071 0.356958876284577 0.367341768893231 0.0987969517717652 0.0110477659563607 0.0913215429708083 0.164448539786932 0.0949513517887899 0.0580035136687113 0.0757724695003001 0.000853568516876381 0.413310535430072 0.377222859259202 0.423310247505046 0.378007924963993 0.245045064030933 0.249161489425436 0.316521105001802 0.267310555163573 0.134246658110446 0.22900676264606 0.0031857378091727 -0.0304162657089491 0.0392243531784646 0.025274217442542 0.0777150010932348 0.0540795151191424 0.0987514674098014
0.224286699458929 0.193186243686987 0 0.223950371183375 0.120048641790874 0.117521729734012 0.26457502233657 0.220270038678747 0.143269178416333 0.112341650502278 0.180627987645973 0.162187755274784 0.26251831662745 0.21308704040974 0.232616533054822 0.217496850831082 0.185775856124611 0.202722526924203 0.21971980256425 0.173369270156824 0.065040354276742 0.0340512102051662 0.280860617587731 0.188385754394682 0.169138911620895 0.159005105726182 0.153055423840874 0.128961137718914 0.221833955432049 0.190587602627018 0.256051013075716 0.211425098213801 0.21954429119914 0.202395838887561 0.0567329763903412 0.0462391861041032 0.12079011119132 0.0743366570559286 0.0835177226243838 0.024412908327202 0.219197718160385 0.240337385969801 0.216546455031655 0.211444194022526 0.218351976112769 0.24221116192156 0.258347443592536 0.247733459908536 0.205693340894239 0.182799786331258 0.215644564562537 0.200187671192542 0.260255762074901 0.230846858307075 0.243525562648367 0.214018807087031 0.244131466197244 0.182799161032304 0.307238111550325 0.26569537160313 0.272377965963002 0.246457955756031 0.1585721400818 0.14362990633649 0.160183910648845 0.0800464694594706 0.160864248580646 0.154822285462167 0.162423101191364 0.0787913325870148 0.159370061169337 0.0794115647269922 0.206774966987806 0.181008978347935 0.213659429309692 0.209097624901166 0.159354754070247 0.147109032936493 0.254260632097362 0.200681963947842 0.142212037383343 0.176836223603164 0.20531605098672 0.224600027616895 0.129259510341722 0.133669101936762 0.204761266763904 0.206366526894719 0.151388979190902
0.184116730174485 0.181258029019608 0.223950371183375 0 0.115164532532084 0.140772825423797 0.229022846386204 0.276789290823678 0.114030923114004 0.14817966171198 0.15907476370361 0.209210980558523 0.209998813740538 0.233938377036623 0.17557318450489 0.19999139543478 0.186698041940438 0.223194585776223 0.172608496696442 0.168767937264744 0.0490826458360347 0.0269309305633554 0.2433400356326 0.179112664668394 0.118820213341959 0.136064140475699 0.167132292499604 0.170599731770379 0.196023688106142 0.199111584186386 0.256557788215573 0.227618730211902 0.153840279681329 0.176303336972841 0.0547977705516021 0.0403009520854051 0.085448070801777 0.0815724500287239 0.0598270619435045 0.00334516160052822 0.22688814494777 0.247650137407462 0.213339117268436 0.225152904364543 0.216755255907625 0.231273333900631 0.225593739226657 0.225197852197335 0.183261019062136 0.195935357076207 0.191227131026196 0.19906803470877 0.231694096271381 0.228336337382342 0.206304689728757 0.241385326525296 0.249776810351832 0.221161799455271 0.199636843153284 0.254843208924181 0.249752121886263 0.247904136432011 0.168908075134623 0.145650385187275 0.104344376839047 0.0639669525623754 0.116905723592949 0.142888856185357 0.0988644180704299 0.0817367388606568 0.138856690303303 0.0843495273277756 0.212991456750765 0.185883780355023 0.200583006732776 0.200056634144175 0.121874514136254 0.111532601108025 0.216676698167425 0.21512091059894 0.127909773294465 0.178474499181625 0.173095743818809 0.150726300584444 0.117295065459823 0.105457528467424 0.172792071732498 0.166107301913052 0.14553364474753
0.134508182841132 0.134539195200312 0.120048641790874 0.115164532532084 0 0.121101105676574 0.149296965539932 0.142038196402637 0.140063547673776 0.218771510570085 0.139602160450857 0.132910576692016 0.184970120295567 0.176692498247366 0.15455302981107 0.165338951524424 0.12865092824328 0.14531681459721 0.129012940411886 0.121330943078092 0.0131938713507715 -0.0249218934186311 0.130626674331952 0.0999003493337491 0.106793241186432 0.0808529726472383 0.100085055925066 0.114394322455626 0.0960534990128646 0.0718611312935181 0.10321703834612 0.113453417232739 0.111498869089376 0.113626228080612 0.0169835655485925 0.0415453766606052 0.0658692016131971 0.0139607221815606 0.0438329026244612 -0.0136683946308026 0.0978779636574553 0.0972035819028425 0.0905671467750462 0.0876215861616561 0.0854696963655682 0.100229966833233 0.09500494315163 0.079136782579536 0.0653929305100437 0.0640399214174527 0.155274911851478 0.12347584659393 0.11319795766801 0.0914600558190403 0.175160950700608 0.189635374740154 0.134544774944265 0.0778297729656626 0.134077839025193 0.107728244183574 0.106362887937554 0.0995972745921417 0.0961941051261368 0.0736203496774485 0.100068550631778 0.0500902390039021 0.08209450291461 0.0812050582103761 0.123482872696789 0.0651058230780634 0.0420090612711131 -0.00493976828227988 0.145645217313669 0.115625310211418 0.152397189380093 0.128611838845792 0.113884392458026 0.0964142240778313 0.149472704271716 0.119418665592826 0.0882030310061967 0.128232477268238 0.0757225044121578 0.0921772180428976 0.0483195400243136 0.0497456830744285 0.0519684602524478 0.0683746347057322 0.0557110896002179
0.116502686962321 0.0868871290676788 0.117521729734012 0.140772825423797 0.121101105676574 0 0.150603414452736 0.189685507242023 0.114874711080925 0.170888938318016 0.0972444090437629 0.126631161871156 0.158556547982532 0.146872276830966 0.124608006451338 0.175746459049168 0.0768065600063087 0.103298866467537 0.10067548958609 0.0806826553271568 0.048566922718756 0.0310565789248459 0.130314647934186 0.101594635184973 0.0757636214850858 0.0983870082479747 0.0861014382106143 0.100123892018631 0.133122353250171 0.123154129259436 0.136609110665897 0.146513778079895 0.134157883691215 0.108987423359739 0.0352691217437604 0.051167584006637 0.0557873744727828 0.0449296852002316 0.00948622064504995 -0.0330615905730081 0.180114193928263 0.16576217918515 0.170055856360789 0.173529950386937 0.138298652212428 0.160716502905737 0.154229938102709 0.156530094945477 0.103933952764626 0.113671144725319 0.0992405590643824 0.102153549312718 0.14585708912324 0.149427246403429 0.182403831247531 0.236112303087964 0.108451908801483 0.112978539984037 0.139684577952482 0.164971513408656 0.177603173859544 0.178727786840111 0.0944015797855084 0.0668379365915714 0.120622251189 0.0797751928093328 0.0683587371678292 0.0996714706925357 0.069441619544943 0.0585477628127939 0.141920178958708 0.106422380733399 0.0982234854189284 0.0819909724290145 0.103841011024997 0.128366124383794 0.0687904280046064 0.0817080179457839 0.140619505443384 0.129077531470297 0.0696643564946402 0.129785164780637 0.168572483122136 0.154261558117193 0.0899677822801963 0.103264354282315 0.126093769492826 0.147582125167299 0.107554590585757
0.250620939708231 0.169511966783606 0.26457502233657 0.229022846386204 0.149296965539932 0.150603414452736 0 0.303888638486158 0.198876601420457 0.150958950680311 0.255874482449935 0.251816351575869 0.32866188684639 0.244879712760699 0.202211532117835 0.1721193550508 0.198158809958823 0.245439492769879 0.258463197460134 0.164952170246467 0.0396747968039357 0.0218609377967669 0.227632013782524 0.1192702623538 0.112125747049116 0.0862567881746212 0.21909015475668 0.189778485154429 0.212710978509973 0.183367325456017 0.299569965302623 0.271924237608875 0.194376184735622 0.152739334924573 0.0469577885254007 0.0381981820484073 0.105157058809033 0.0614979718705038 0.0796723433625419 -0.0083540716156026 0.285060853045082 0.272847580716948 0.28416113146665 0.25421412666714 0.248239599920539 0.274296163064546 0.274869524890904 0.279562645801015 0.226670920400644 0.203616519371354 0.211417703607038 0.211956257803103 0.298648701640666 0.250731100192193 0.327950404929848 0.27629534722353 0.281665610602153 0.237223220868446 0.226771103965429 0.248656660269522 0.310051496420398 0.271873933534077 0.144093061071079 0.111799674531211 0.169810276046589 0.0868458158494793 0.173698093288135 0.141717006607037 0.204989956853854 0.132385547990935 0.17406659900056 0.113273720609864 0.202718164574269 0.198694894183741 0.23441671806272 0.215184716938268 0.169755622243397 0.12436922728432 0.261156457776082 0.209839930385243 0.145875344376875 0.185428750280142 0.230537098132226 0.25351796949911 0.181169996497085 0.178387977121304 0.237645935915574 0.274757356746084 0.183271457418794
0.212321964419827 0.15182168750014 0.220270038678747 0.276789290823678 0.142038196402637 0.189685507242023 0.303888638486158 0 0.170895106082559 0.195948108503999 0.228455479212912 0.293600276009112 0.288619211256469 0.279297315610834 0.172339212746696 0.18480268594344 0.199634607842282 0.239211932160518 0.213575509808656 0.166772192914422 0.0526145863728835 0.0193185436663449 0.202543557853271 0.126476272261958 0.0831418424771714 0.101213476766842 0.232387331166696 0.221508492000405 0.214556077445768 0.215681431131663 0.288641096020704 0.282348679590664 0.145351268714563 0.159679356169969 0.0431733967783258 0.0225576977842011 0.0780886159478961 0.0591251204594862 0.0214373358013885 -0.0576701333381091 0.283005148096909 0.278449186398802 0.265196515261892 0.257825099263933 0.242038264796761 0.254917573531511 0.266845044794885 0.264416353077568 0.195684805037589 0.203489520448581 0.205118143916728 0.151917544511158 0.261927940579155 0.258588330203574 0.305846818055614 0.352126625283452 0.288015309337696 0.26140548288504 0.160806857625971 0.284269174870301 0.305011653813139 0.291138471053964 0.135584801451774 0.0947753685677259 0.148351205184768 0.0924616128307629 0.144767275994843 0.158111004554423 0.11601282185036 0.131893758059059 0.1628810502018 0.125930785231471 0.209301348173519 0.20109618132344 0.227588815691872 0.204919502231879 0.1258054015032 0.115665941584247 0.226307747191538 0.211849281986451 0.124259146757833 0.199695076686065 0.265860524934524 0.225556340408356 0.181761908773481 0.167998567709162 0.242377639226294 0.253375986357933 0.187875492478302
0.0561465567431655 0.030091474481863 0.143269178416333 0.114030923114004 0.140063547673776 0.114874711080925 0.198876601420457 0.170895106082559 0 0.237108722271436 0.100581747598527 0.134485972937715 0.18235186435225 0.153273710025877 0.168734185686181 0.114745660319493 0.0263835049902896 0.0630271742004326 0.0806988386231722 0.0331837845919485 -0.010979817634452 0.00551539801631227 0.136238496798835 0.0348134503177467 0.0585633807480479 0.0208400880320126 0.0878898528124517 0.0763187442915 0.0942633970046805 0.0931396620619632 0.0973671752679211 0.114167613520567 0.10479142500785 0.0526345179539765 -0.00634864524211181 0.0165257198712418 0.0473343441315644 -0.00598531484241813 0.00426755616566999 -0.0059864275623382 0.0490755820446786 0.0301921753772885 0.0524783346646762 0.0592144986628209 0.0104994052458188 0.0163903994990079 0.0451649716533774 0.0660295178019814 0.0397341907066688 0.0425347163064746 0.0121439756334771 0.0122270565466152 0.0753343542536312 0.0771253694206763 0.150485298285665 0.182503614663496 0.0885936225808103 0.0964854371284163 0.0702554097584428 0.0834490679419092 0.0913788273146472 0.0641289900399156 0.00545211357580349 -0.00565042110060208 0.131542093799954 0.108012390333503 0.132119788446015 0.0748323915627054 0.107724268064855 0.0706116041039413 0.0399954908834794 0.0123288622079518 0.0409227161273689 0.0238393090075109 0.0412349124558789 0.05078208213364 0.0783218051624059 0.0382372048807761 0.0798931154708901 0.0776846902583594 0.0665601410099158 0.0738217636724779 0.154871937970308 0.17707127051557 0.0770441074444058 0.0846154948853238 0.108515436562753 0.126873909113495 0.0508337528753862
0.12705815724387 0.0792652143851908 0.112341650502278 0.14817966171198 0.218771510570085 0.170888938318016 0.150958950680311 0.195948108503999 0.237108722271436 0 0.172956999235415 0.174850715145062 0.227519151632745 0.200005954644976 0.175199142481098 0.177214330297183 0.079534677861535 0.0911359447580153 0.100839650651565 0.0679429241499959 -0.00332654964458031 -0.0160603726919799 0.0977963926032095 0.087782933624885 0.101412060801689 0.048150699424179 0.104407679522416 0.110369095324069 0.0567504701200009 0.0699733060530532 0.0673537482730404 0.0830753962645228 0.100911562042182 0.065078647453661 -0.0154831284862568 0.0347024915277655 0.0726343988002112 -0.00857553088331118 0.0485381293886026 0.00819018049079528 0.0256791975784393 0.0433732210814926 0.0204623355916714 0.00675104721161803 0.00705875595663444 0.00222086482086029 0.0276899419083336 0.0194552680727535 0.0457262216213236 0.033615222369518 0.0864832468584934 0.0708393241182549 0.0633581085229385 0.0982499322711347 0.183293700457963 0.265875943445887 0.0913845233880433 0.115905302088719 0.0670214947766863 0.117896100389746 0.0473866431632387 0.0623520219672157 0.00897697634702253 -0.00955191265711457 0.138215174555204 0.13041137880964 0.123826707357755 0.0842271287738266 0.093417538788428 0.0976773638529927 -0.0135685096503638 -0.0545207610075084 0.0934100525137223 0.0472923245064047 0.0976102057060869 0.111460129901461 0.115995196131649 0.0989933357336945 0.109421560641801 0.0811580774070973 0.0743085259137358 0.146152351537172 0.127356782642485 0.119640896871937 0.06575737162852 0.0884038243251996 0.076114690129048 0.0916314964284857 0.0317226622828333
0.361357843246618 0.268962084986659 0.180627987645973 0.15907476370361 0.139602160450857 0.0972444090437629 0.255874482449935 0.228455479212912 0.100581747598527 0.172956999235415 0 0.327486410020079 0.326598261570258 0.280271456248556 0.205438221092846 0.177950496634847 0.309553360425165 0.348201116119869 0.268217796517827 0.202808162854356 0.048667698901646 -0.0302415017862341 0.17644453774352 0.111373997725969 0.151874429209209 0.0939199597196629 0.257168023629269 0.270537976418505 0.157674331564981 0.0961138401789784 0.268561711750414 0.199885972265026 0.175540050572892 0.136964994737438 0.0588592045764558 0.041576170755431 0.123700608970973 0.0731089343242453 0.174472483896828 0.0628642197559261 0.207112077469802 0.203313664736728 0.149681275750103 0.143419172098684 0.182854612357686 0.190440576201214 0.192255141972158 0.170772327979357 0.16614087297026 0.155160540731949 0.326638019664666 0.266891127045425 0.291286701955503 0.256828587866553 0.373149521149695 0.25719826506228 0.319909183014469 0.234876445442579 0.140107957724932 0.169554858168548 0.19687874582212 0.168082490207132 0.0929437012006182 0.149996075188124 0.125481442288388 0.0835210044133362 0.195950827287321 0.178614908526119 0.177784110731002 0.0853494499468524 0.0689291243450076 0.00932336420212247 0.284200042510813 0.275006096844066 0.291539354725836 0.251064108435554 0.187695902678565 0.163510832491632 0.219044723643016 0.165096903472542 0.131283822271301 0.220147474855762 0.101931243564828 0.072867021113878 0.0969894867295104 0.148388928690309 0.130952501346859 0.197765244238809 0.127682853013783
0.278119334351106 0.2342166845447 0.162187755274784 0.209210980558523 0.132910576692016 0.126631161871156 0.251816351575869 0.293600276009112 0.134485972937715 0.174850715145062 0.327486410020079 0 0.298198862942464 0.314556571190577 0.160343194616631 0.188282744746785 0.266688815166317 0.311514114658382 0.226482551389069 0.203025904450172 0.04789150204854 -0.0243079176068124 0.153781339076631 0.10980142210072 0.0946096764460874 0.0830072963681876 0.287376101116581 0.313290879570391 0.198933393838551 0.165939532862212 0.295642997397342 0.276914285164295 0.135487770174823 0.176195321987807 0.0296788746776027 0.0183879155527375 0.0919566677184288 0.0717884953139479 0.107376411614639 0.00185971691341101 0.253412813773512 0.268754536506445 0.234810449976476 0.246763559973577 0.232415173851663 0.239108138864655 0.217065724616116 0.201975725108192 0.146031432596573 0.18680137509941 0.258937172959579 0.224378096254549 0.250438990139289 0.229807400624542 0.285781458205658 0.290758552150639 0.325993563010071 0.275882060082809 0.101710611999161 0.194020163549369 0.226135809024283 0.233276222268245 0.100933486570217 0.143904819847135 0.117977578845457 0.0715044733748637 0.149354393401048 0.176065544513376 0.149589643018254 0.153341375550113 0.073748290132594 0.0458234839257988 0.309324579390247 0.297204802243204 0.285459454494221 0.264342359238672 0.160362563216452 0.147138813645599 0.212217740991777 0.212838934018243 0.123995406559154 0.17435828042625 0.132207944639905 0.0765275108144287 0.116780528229304 0.108772276689754 0.166596356063762 0.187640961661784 0.139706734184253
0.31472671417885 0.223129048009045 0.26251831662745 0.209998813740538 0.184970120295567 0.158556547982532 0.32866188684639 0.288619211256469 0.18235186435225 0.227519151632745 0.326598261570258 0.298198862942464 0 0.335480872270619 0.267894290171971 0.248787548492919 0.24046934151409 0.293752407187439 0.285312452405755 0.208024348226017 0.0336808220621482 -0.00667575801491853 0.278193748025907 0.186070594244013 0.158399672550959 0.132213982102067 0.231761849764398 0.236672246388787 0.195526284627629 0.150681320822937 0.28496574202557 0.243076533130371 0.219767857484112 0.191031344729442 0.0317875779615877 0.0272671863655309 0.144593267792834 0.0547129797514282 0.122202963687156 0.0134390377889657 0.255748632049132 0.260224088154511 0.223756631080303 0.211304062148666 0.225890261431024 0.23869588303778 0.260996064479168 0.236330391727477 0.184599665398286 0.182112119049837 0.25592939982238 0.244160086095239 0.279954358027817 0.255207871305505 0.361859702059468 0.294487242637964 0.30230306803025 0.216233852614754 0.269677625075278 0.219195963206096 0.255119535160723 0.224573022229969 0.13865969767494 0.15068046076778 0.174737222953221 0.0972102438739269 0.179322514416063 0.149092186202953 0.20909594323452 0.10845214485923 0.0874967034100199 0.040450718372994 0.301389766432962 0.277008651658074 0.283593887432238 0.28837119045026 0.219162815876197 0.17380196621769 0.287106261518891 0.20781009284593 0.159879162192474 0.213463368100542 0.174041789829608 0.199764857694977 0.130132983655438 0.149549794997823 0.18681697250004 0.227288109739734 0.150706482796134
0.286203032893986 0.244501166285445 0.21308704040974 0.233938377036623 0.176692498247366 0.146872276830966 0.244879712760699 0.279297315610834 0.153273710025877 0.200005954644976 0.280271456248556 0.314556571190577 0.335480872270619 0 0.211525479528516 0.274523863396702 0.264296874067207 0.327743768324866 0.240810783317692 0.243092564991947 0.0718906455747829 -0.00949967358962694 0.246942953486195 0.209733324582214 0.169764677439877 0.144891116616008 0.239233131623339 0.265467087247545 0.211401030696696 0.194392794622659 0.279345709857951 0.250504737732144 0.167584462556223 0.222804138924158 0.0475526956605757 0.0308968238148206 0.106520783898953 0.0808048645357505 0.126322865255339 0.0315128400555226 0.225452037337128 0.252585221874141 0.21829440697704 0.231498750784054 0.228464060878177 0.231890451410472 0.235338191719474 0.223069541888529 0.152414170261169 0.186430965860543 0.267013929561951 0.236684470119133 0.256389761862419 0.234953863258704 0.283491861302949 0.273501478374669 0.31309287334511 0.248147831316867 0.196486844325519 0.240956300991302 0.233905951129226 0.229080977685773 0.162621871730374 0.197328609839238 0.129681068941558 0.0647837146327254 0.153510987682682 0.199363969846351 0.157648855800061 0.111952873840429 0.0673377072663263 0.0410905976328489 0.341507942602905 0.308665585432512 0.288475723709115 0.278445463698642 0.176669030717629 0.175287518550069 0.25500775770663 0.245103811208605 0.135721132320605 0.196011755076721 0.137578844970948 0.0936457501724172 0.0970702844360695 0.0883895925111975 0.168939936702394 0.151858729286657 0.141380552340446
0.197064231479768 0.160990753065858 0.232616533054822 0.17557318450489 0.15455302981107 0.124608006451338 0.202211532117835 0.172339212746696 0.168734185686181 0.175199142481098 0.205438221092846 0.160343194616631 0.267894290171971 0.211525479528516 0 0.244523257887305 0.124889339381179 0.16532577970357 0.16039523491137 0.132500889709858 0.0718250775264064 0.0155897344784901 0.305886731973724 0.181090277607068 0.192948083006931 0.146730294945465 0.15031695426876 0.128650785447874 0.213804502257051 0.167890998875468 0.209052344963888 0.173217322869728 0.261086911239617 0.175716185831115 0.0452019561709715 0.0573943275744817 0.175080985615462 0.0389404864961605 0.102631748597781 0.0372087302519747 0.156592231052157 0.153738942085919 0.147235051264016 0.146588381158061 0.153348868515473 0.122291818141115 0.197812633603982 0.170409420765526 0.155560783634343 0.131592332261553 0.148991449151004 0.13361770424735 0.173241590823818 0.191734201529598 0.199352271926376 0.166415810045587 0.187836963834726 0.154982983956198 0.253575140764785 0.175616943546695 0.180902189342556 0.164613854617183 0.0584220676156261 0.0729830143926405 0.17018492777482 0.131901954997015 0.182804299373509 0.136272872861782 0.19001217375177 0.0544919865095541 0.0783427149734253 0.0438723173116121 0.174599577153106 0.152890391166077 0.160779435447952 0.153812767902022 0.185417167866842 0.147325155005171 0.204608615460045 0.150917300787627 0.112331331790104 0.157113968269207 0.173507450691171 0.190088070531021 0.0999612816348388 0.126867296269274 0.16266309846194 0.173222104771249 0.10200834229186
0.253015385337871 0.257916117757937 0.217496850831082 0.19999139543478 0.165338951524424 0.175746459049168 0.1721193550508 0.18480268594344 0.114745660319493 0.177214330297183 0.177950496634847 0.188282744746785 0.248787548492919 0.274523863396702 0.244523257887305 0 0.191524768965398 0.250579807634679 0.19267513050316 0.215031583520555 0.118923989289972 0.0166936196596579 0.296770191952512 0.304718453324234 0.236463092934194 0.214457421099045 0.150829909994103 0.178371429333436 0.19102392561281 0.180128615808132 0.193763927591173 0.156433923441069 0.185783238223673 0.244920214568006 0.068680893634924 0.0878016350742872 0.125547766012006 0.120284326199589 0.105794684687233 0.0421628402852135 0.198243179868591 0.223088994136876 0.183846434503806 0.2149610012771 0.208273016179364 0.228099757786125 0.239207869618746 0.218972564502447 0.144444279845624 0.181942486078031 0.257544365483461 0.245502816304453 0.198694901930262 0.196202735426119 0.193907668250911 0.208478719979771 0.216704260408222 0.183309748270011 0.283810610097133 0.23521359947775 0.184652658714493 0.190502435490038 0.181466219308298 0.190030556535928 0.160091410788004 0.109205345627881 0.129143980839768 0.180172532775447 0.0981001859005205 0.0779854309416793 0.0738063051881666 0.0574667931319164 0.276192806421834 0.216297619224265 0.246484801492113 0.250050045023359 0.192001951780284 0.195377962013988 0.251375884079167 0.238401806687607 0.127782188865027 0.210684473412176 0.152358855789429 0.129670446788157 0.0687125919952344 0.0624905973381173 0.121805929658707 0.0908518880314451 0.109245034696621
0.401415144593263 0.370287418846521 0.185775856124611 0.186698041940438 0.12865092824328 0.0768065600063087 0.198158809958823 0.199634607842282 0.0263835049902896 0.079534677861535 0.309553360425165 0.266688815166317 0.24046934151409 0.264296874067207 0.124889339381179 0.191524768965398 0 0.531653019514535 0.275789920624138 0.288570193430684 0.0703047101323617 -0.0304258100059928 0.169478497819824 0.163577644808523 0.160953201584362 0.124059635572652 0.305794018743088 0.339720372491378 0.181266566061464 0.110460841579314 0.335137451349951 0.260583588887639 0.0903662571633277 0.238824731183892 0.124409877635585 0.0910605511414289 0.142191289457898 0.136395503036981 0.204994607424249 0.0724960029856292 0.334656048082137 0.370598490927852 0.284787417860776 0.324364662893954 0.363443888515824 0.376366343561918 0.289351612158961 0.282290511302593 0.20529883029788 0.241253125636064 0.501999742998385 0.430841436628847 0.326005107829416 0.269200194702216 0.246997955387751 0.171922704612366 0.399096759237509 0.292892873733843 0.180676779950031 0.141178455656783 0.263470104288121 0.268893482945687 0.282668704320642 0.382909481496839 0.0323900182944378 -0.0332156502308981 0.0831933931742864 0.124239958779536 0.141599517334042 0.0687692456517723 0.116386295750845 0.0277125518712975 0.463569013042119 0.451000129264976 0.455549915421156 0.389853308940521 0.213158436302352 0.223554965383665 0.288451307997535 0.266187106423231 0.145403376589386 0.208006558831561 -0.0158652328996598 -0.0475121489174171 0.0186289245789008 0.0229626018506626 0.0928353069090429 0.100269632773831 0.119678143428204
0.45288116569064 0.453199235653601 0.202722526924203 0.223194585776223 0.14531681459721 0.103298866467537 0.245439492769879 0.239211932160518 0.0630271742004326 0.0911359447580153 0.348201116119869 0.311514114658382 0.293752407187439 0.327743768324866 0.16532577970357 0.250579807634679 0.531653019514535 0 0.31736906990676 0.344543091705358 0.0889674410482293 -0.022838195417289 0.220758636240512 0.183694182895988 0.191972084417434 0.137486748293789 0.37165977080361 0.417052847243767 0.213516002577744 0.148507890352544 0.408769678374089 0.323059209013353 0.109588618125408 0.28992491075663 0.155895774924412 0.116337250331262 0.183642912707809 0.18043163212373 0.267420176275846 0.0844125897307212 0.379415956393406 0.444000733575924 0.376241076131048 0.430298063058576 0.399938308979331 0.456642667233186 0.338413035706431 0.335963971579823 0.251698279054518 0.298882342394016 0.588571331576775 0.539510523228587 0.358110881242019 0.285375853813288 0.241452518594638 0.185463567773957 0.477633446568495 0.344872554300752 0.20763092656362 0.181210703487682 0.318011631865592 0.339187609360671 0.354444781135338 0.462710252350735 0.0902084137276269 -0.0160038944131197 0.125151321907702 0.164772625744143 0.166085978293783 0.0809538299671171 0.120365880286251 0.0244045780887218 0.552376427737761 0.551376588987026 0.536900761068602 0.498596238047292 0.265692549007658 0.285505303326657 0.346409404062423 0.325587016764663 0.158099528394635 0.253792214437298 -0.0164033892697815 -0.0271450943611139 0.0574971612651143 0.0365263457448698 0.111554751319906 0.125023361946504 0.123906120533032
0.329421771062936 0.264609215503894 0.21971980256425 0.172608496696442 0.129012940411886 0.10067548958609 0.258463197460134 0.213575509808656 0.0806988386231722 0.100839650651565 0.268217796517827 0.226482551389069 0.285312452405755 0.240810783317692 0.16039523491137 0.19267513050316 0.275789920624138 0.31736906990676 0 0.268396208636984 0.0637210977476361 -0.000193093894007625 0.197683687007733 0.15403596781558 0.14010979896612 0.130168799676545 0.19185298984009 0.212534314856832 0.166118903433207 0.1189942502177 0.288831291369656 0.203034765063886 0.114554498407825 0.170669718033771 0.0790287935549534 0.0650826597106562 0.0610437787507241 0.0951520470043004 0.0993741426743149 0.0396484971328911 0.217788086077737 0.246227011822556 0.183092739983487 0.215334871321477 0.223593191932768 0.232790283225033 0.219496518013615 0.199927248953401 0.147140106600141 0.177328417441642 0.337064039892052 0.280926659286197 0.277323625209983 0.205040410188563 0.263161259927652 0.189156476566583 0.291143429820426 0.195571192053383 0.194424217165255 0.171630829143893 0.2603883914497 0.223231785010095 0.280300293126277 0.227555150239739 0.126217496020192 0.0591595637673765 0.143282773693043 0.187004354173741 0.178451100631382 0.132722342422262 0.15400059018878 0.0968641379899526 0.295544579707325 0.263894176464049 0.296634765481744 0.252553062973883 0.137959896165423 0.156860103850548 0.233627206139692 0.19619719578981 0.119191912908357 0.181438902800287 0.112938360950086 0.11143905195913 0.109164460934949 0.100103614269093 0.149382617198595 0.184177783146683 0.163087880304365
0.295817910468835 0.319391581079994 0.173369270156824 0.168767937264744 0.121330943078092 0.0806826553271568 0.164952170246467 0.166772192914422 0.0331837845919485 0.0679429241499959 0.202808162854356 0.203025904450172 0.208024348226017 0.243092564991947 0.132500889709858 0.215031583520555 0.288570193430684 0.344543091705358 0.268396208636984 0 0.0813848541252195 -0.0151565168309542 0.168319303986571 0.201481105065038 0.147451844766675 0.140703415733939 0.160086444446659 0.203589558035435 0.128918092595296 0.101422641022725 0.225882823372007 0.164893981183569 0.0482665990495914 0.218009088897585 0.0727099782365431 0.0774439808324979 0.0401254397770912 0.100577957152135 0.142919098536885 0.0617284678180006 0.167801409762154 0.244742701479606 0.170487666082655 0.204725245014105 0.204085480248781 0.228836511890744 0.174085694565303 0.172766503050237 0.116891470787254 0.171694436284051 0.348055309165729 0.32442491698274 0.198133537218831 0.15158434024427 0.168560585028343 0.130158518941405 0.277680653830852 0.19512205949021 0.146814231098103 0.14246974888744 0.177241788316876 0.185033906637812 0.310224629419748 0.332967659040279 0.0934449055497944 0.0157678107433305 0.112053769980167 0.186389464652063 0.121573046606565 0.10564550123221 0.0832268045022527 0.0321743048582439 0.348467670599499 0.303420218030214 0.322491352902723 0.294391822875493 0.138941343135053 0.17271270780748 0.232622728465809 0.211060567877966 0.108688649024647 0.160439530832162 0.00446965651809445 -0.0176882975557974 0.0296611609857002 0.00230895517193399 0.0737708844427793 0.0655081513638515 0.0914309833956556
0.0485253700046635 0.0928094394250323 0.065040354276742 0.0490826458360347 0.0131938713507715 0.048566922718756 0.0396747968039357 0.0526145863728835 -0.010979817634452 -0.00332654964458031 0.048667698901646 0.04789150204854 0.0336808220621482 0.0718906455747829 0.0718250775264064 0.118923989289972 0.0703047101323617 0.0889674410482293 0.0637210977476361 0.0813848541252195 0 0.0258351561136333 0.0997453370513158 0.067546024596207 0.088825380337624 0.0830994896032309 0.0660412432748591 0.0792540203901824 0.125527901943152 0.0938644291571697 0.0863528453126419 0.0868584433726808 0.0810608459775023 0.110812232712445 0.037812105443642 0.0274739712060325 0.0168998320391613 0.0549190139800581 0.00642009900899092 0.00163819947057657 0.0790282273758599 0.10389945383396 0.0726029411565519 0.0841938829329473 0.0869176222306653 0.0864190458293611 0.069943137611758 0.0651496957581996 0.042496028651346 0.0641894349869877 0.0814710970972067 0.0689660608328638 0.0226704757588128 0.0130737366950386 -0.001149599005567 0.00908175685280494 0.107344379070898 0.0885745421483116 0.0859418978809342 0.0588076217485689 0.0983019295326607 0.0910216453672179 0.069182197478137 0.0809374422593392 0.0815379234775992 0.0491846833319394 0.0968746060432732 0.121812477625743 0.066645905237515 0.0525348262153692 0.0834116747824155 0.060280095797568 0.139868951246944 0.122025457254743 0.103606441103899 0.0902634261080562 0.0387303810654172 0.062932815384273 0.0683945257196321 0.0798418919824524 0.0351730944799832 0.0487669648468216 0.0169403028117921 0.0348505432479167 0.0531432962477359 0.00662227364379747 0.0398322161463588 0.0203131860641042 0.0791624514896308
-0.0121591682766264 -0.0220452798690516 0.0340512102051662 0.0269309305633554 -0.0249218934186311 0.0310565789248459 0.0218609377967669 0.0193185436663449 0.00551539801631227 -0.0160603726919799 -0.0302415017862341 -0.0243079176068124 -0.00667575801491853 -0.00949967358962694 0.0155897344784901 0.0166936196596579 -0.0304258100059928 -0.022838195417289 -0.000193093894007625 -0.0151565168309542 0.0258351561136333 0 0.0580182874545541 0.0128456705555338 -0.00245075739702732 0.0348317271075301 -0.000843430514003781 -0.0160023241795243 0.0395806438951306 0.0619919731326789 0.0500181733199679 0.0585356564608197 0.0504519027193034 0.0171199245777729 0.0017999731452748 0.00952627489473151 0.0264714541120046 0.0216979496412273 -0.0065175637091402 0.0264613086793134 0.0556586035819098 0.0441801997053584 0.0683461261436893 0.07594777886638 0.0241267219498625 0.0208162377786119 0.0454518295274703 0.0596652449760418 0.0476498333387408 0.0331364496791765 -0.0478190124385433 -0.0230205612181209 0.0201415360627594 0.0356395588082382 -0.0151894901391596 -0.00138564459924134 0.0088133321689714 0.0309710248277674 0.028021277211989 0.0402739436667822 0.0879607247525788 0.0648920170086705 0.0175808624639765 -0.0128917598270715 0.0359946000463753 0.0538032614379162 0.0410266058684963 0.046170944399439 -0.0166752737894614 -0.021400564162999 0.0983288795656506 0.101073949088967 -0.0233264722397455 -0.0407221361444888 -0.00916163768972802 0.0132015558198205 -0.0129588816339913 -0.0111715926313889 0.0179663699726906 0.0297716634540475 0.00595724181052048 0.00909296927820546 0.0995856946025495 0.105991325035475 0.0505551881536136 0.0291162572445859 0.0843622650944654 0.0623961357878736 0.05970325710265
0.220194379198468 0.191451971812428 0.280860617587731 0.2433400356326 0.130626674331952 0.130314647934186 0.227632013782524 0.202543557853271 0.136238496798835 0.0977963926032095 0.17644453774352 0.153781339076631 0.278193748025907 0.246942953486195 0.305886731973724 0.296770191952512 0.169478497819824 0.220758636240512 0.197683687007733 0.168319303986571 0.0997453370513158 0.0580182874545541 0 0.245914530309047 0.228658954659812 0.221297263606799 0.16142669754869 0.145063795425278 0.300947233648906 0.251970796484483 0.282467110553791 0.254043556713541 0.328867827356933 0.27162871535521 0.0863350298378369 0.052591599698829 0.164851034433748 0.0930459332220376 0.0773700898376044 0.0548161314098153 0.251052880308996 0.244437214205965 0.244706975985963 0.23368300381291 0.22815320192292 0.251097374333587 0.293510755819771 0.290778694454101 0.228168078503805 0.212904117809571 0.204493387262008 0.213890180315914 0.250407614063916 0.233561841406884 0.210141900094952 0.200089502760028 0.242111226659887 0.187730399228179 0.379375630005466 0.282723887054896 0.291775224453203 0.240833099815487 0.128489724767595 0.144417734056901 0.178683075427081 0.114022378754599 0.168379071318314 0.18402326490323 0.170262514047102 0.0432466148808155 0.177142948891729 0.121520575398705 0.224343996116742 0.187434901445707 0.212172542232367 0.211945417539532 0.181973710098684 0.167422264071044 0.275577436859788 0.231421793618519 0.165352435755869 0.208124533411404 0.245315262368549 0.264333639577881 0.137937326521229 0.160591122193613 0.217228946285468 0.208525228949794 0.173449011254238
0.211731035845458 0.222291815467367 0.188385754394682 0.179112664668394 0.0999003493337491 0.101594635184973 0.1192702623538 0.126476272261958 0.0348134503177467 0.087782933624885 0.111373997725969 0.10980142210072 0.186070594244013 0.209733324582214 0.181090277607068 0.304718453324234 0.163577644808523 0.183694182895988 0.15403596781558 0.201481105065038 0.067546024596207 0.0128456705555338 0.245914530309047 0 0.214335007872767 0.215727804946874 0.0534602445162696 0.0813856212714901 0.110870323981752 0.12515950463337 0.130460705061963 0.0992833808702186 0.143200172554032 0.215826264172404 0.0691935451206135 0.0579333905577904 0.0716052341175604 0.0888556693264138 0.0517900399423636 0.0572823253498238 0.131558039803903 0.167643136760925 0.126202792884836 0.129595923812665 0.158379552524837 0.192954168600779 0.184827913135379 0.170242757306813 0.112937573333858 0.141097638577449 0.246066381475281 0.237904153679852 0.186522793908599 0.162581453007349 0.151839402289034 0.126069007165675 0.164601897590319 0.103462543043326 0.287050919354837 0.22403495212031 0.147648308732728 0.139571777416445 0.214819149415596 0.204224386067422 0.0762636450444908 0.0450796158908113 0.058755071181322 0.132426506113682 0.0671210043781051 0.0430974596540901 0.0718579432282884 0.0412435452217928 0.203611368903642 0.160426327214401 0.209373678997776 0.206450115348301 0.147774469664065 0.178107028136183 0.219656440797908 0.195955880858352 0.109208823220952 0.164467509271718 0.106378912512098 0.0961694831698041 0.0385387518975093 0.0413569585013548 0.0756644822774289 0.0586631728862176 0.0803266379651894
