0 0.808671982005425 0.337566098112672 0.534222014075414 0.253660270886543 0.281237839843174 0.537718185873727 0.47417040477142 0.346387286049208 0.233083008600796 0.747044239714419 0.718342899451659 0.683716758208042 0.580031672500449 0.498432676185664 0.405960284162233 0.581562568591167 0.60775399140646 0.572032968938535 0.692680040594997 -0.0186009741716384 0.0636093437717373 0.351088973205422 0.324807066898718 0.190584661492822 0.304391460149733 0.41010991745295 0.540617636327935 0.227145238338951 0.10661679959152 0.432029998672281 0.501696366163303 0.0466446659150987 0.177223445067692 0.120689213729294 0.20487631011881 0.0486274794271978 0.31755493003826 0.349431920090497 0.357618424237696 0.0730192106799524 0.0847028911781948 0.217585706778062 0.331983639433055 0.254752118771602 0.290725534381792 0.324243955641626 0.385836838142442 0.376089452487119 0.383572460005928 0.776822501208047 0.752905001455178 0.478175405511111 0.425559798821946 0.651766063984198 0.366904817955786 0.561141797065104 0.446309550759218 0.312854448671982 0.404145116528948 0.1719272141314 0.173055079050145 0.639206631090334 0.473368373466105 0.130849372507835 0.0553177824846135 0.0513490720722292 0.350411515527556 -0.0198055533065093 0.10989152739703 0.313492505512144 0.0263911369239398 0.233362311011989 0.409513742895438 0.654404624766154 0.66090993663568 0.366990466388989 0.368151888480546 0.6884894123975 0.641424110855616 0.520197436936518 0.476999558774724 0.288562394361729 0.294094058012684 0.201679154516963 0.4220029648082 0.302448966264126 0.389577475405618 0.186305465868095
0.808671982005425 0 0.283188881674002 0.446910498836588 0.178446576370365 0.226732639497276 0.365828003944058 0.477526607106691 0.239320210751389 0.229785796358505 0.643050491263476 0.743009023409396 0.45417094341957 0.498412735235039 0.332172037377189 0.284436235964104 0.595443422996713 0.697141472355078 0.581501887126474 0.779269272644048 0.0489129633170584 0.135533582781395 0.227122483568107 0.264398621283108 0.0790162873201707 0.225053776890657 0.476602123864227 0.641312025645921 0.285005580841782 0.12617730849286 0.390225010805098 0.528698635697629 -0.0504728435999423 0.1351272441332 0.272447154963185 0.321740921347098 0.187125527569419 0.439050502867998 0.399131107418489 0.428186835313622 0.0851964908259229 0.205216244182201 0.334555660669658 0.519936702994808 0.362973964929679 0.375688766072873 0.306435226504211 0.361076288202598 0.417496366707125 0.466818076099978 0.835250670864689 0.844662000549825 0.518401582168624 0.498710161821552 0.436038395980879 0.368297390437108 0.416947036381694 0.528696225776578 0.0867896902845834 0.251722456342263 0.126741329270436 0.190836184872693 0.688008515879414 0.515136630502545 0.0599178827217869 0.0623661751728731 -0.00724915151461911 0.28198898839086 -0.00889900943391175 0.0441373182127929 0.334779206810892 0.0673244432400451 0.213579176846361 0.518747130969361 0.718794234364013 0.781738754822218 0.363909097988095 0.430231908801656 0.533426884569605 0.674237605251894 0.388572332408924 0.416160848919803 0.14800260341211 0.132614672578768 0.165438555907755 0.347852202290645 0.234630617438294 0.361381716415855 0.137483835857834
0.337566098112672 0.283188881674002 0 0.617228881986032 0.449452558452541 0.186710898066058 0.757009110796877 0.423725771140701 0.387817531322951 0.367719960718879 0.0702170113980035 0.173779847599772 0.488993363349387 0.268269245568183 0.632975931030917 0.436666837936157 0.145611914720401 0.205650068452078 0.43787514501128 0.345676372250221 0.201226643685864 0.214823519879882 0.811594954042762 0.679240257662438 0.302550397829861 0.517904152813152 0.177673104585251 0.209047837079502 0.646639247596679 0.561169996148466 0.626240401115421 0.520017141596236 0.568977786318834 0.471638428837094 0.263644816309164 0.129854102881581 0.275843724046736 0.219859562426707 0.119454692860046 0.0632538712989286 0.502147622144002 0.396158767029762 0.411473866814065 0.273899091221087 0.429567639826233 0.498036092923525 0.454375623786271 0.405666985024263 0.396062851537269 0.405262132599599 0.246474614678724 0.214747662149488 0.202846559172306 0.18552832779214 0.514674136284919 0.292332390155236 0.273587373559339 0.0410299187206659 0.67752938673788 0.485186933554957 0.769609908567565 0.571628161233816 0.415534840662021 0.280249633191813 0.533568239007097 0.440638753371151 0.163674444956626 0.255411824170106 -0.00863249998098833 0.194188831397653 0.436324027212636 0.400329862459667 0.308250399080371 0.414247465846926 0.355287629924565 0.313572909267465 0.235466714204053 0.302650450382072 0.59511969732122 0.434864956022463 0.41545104852944 0.469071059382913 0.555232018855409 0.611531057934169 0.487139024384621 0.476228805769849 0.356006874246545 0.374904675268013 0.504582144477917
0.534222014075414 0.446910498836588 0.617228881986032 0 0.510094269140736 0.488063339621428 0.765597289858031 0.794592356650927 0.471029434682109 0.521477981459938 0.2909982514119 0.433248573771925 0.632735159878626 0.617939445786192 0.610640549398539 0.597643501920845 0.291586677248305 0.343760171057029 0.392244680005646 0.456514680646703 0.0595568136480423 0.098527162287608 0.577865605111921 0.638518998984729 0.295431220801498 0.5559042979816 0.238992808739775 0.369352425347783 0.392588977377913 0.490843693993769 0.617195075900766 0.679383099392632 0.5107833570627 0.531053136694659 0.0305372523100824 0.0452347922860023 0.0775958358994261 0.132230960111489 0.175302244551568 0.159869489116699 0.366047876690673 0.292899618190738 0.301070622337701 0.234959876564707 0.356674123823203 0.389800773950482 0.511545133005953 0.505834531709556 0.437179908863581 0.414104465876368 0.38221116681007 0.37091937749794 0.382879374096904 0.42007953396932 0.731245931058316 0.687564183808603 0.468440146846615 0.370498328537193 0.596295671308426 0.821967365262307 0.615356696837368 0.588974189185431 0.438147405148389 0.254196759530821 0.320673526884301 0.334603246750272 0.111524382843931 0.323321766230075 0.0142043700851141 0.16958257726789 0.355048325213706 0.182980692473877 0.353716578318878 0.445269276739589 0.44794523526291 0.384101852937337 0.0891779442694185 0.104253439203354 0.516914393939557 0.6119958009686 0.492389016864522 0.627474515268793 0.694452810045138 0.516429593533884 0.471507840476793 0.543169524699417 0.431076491989911 0.426104401025303 0.477593216417595
0.253660270886543 0.178446576370365 0.449452558452541 0.510094269140736 0 0.43369439061192 0.59626745631005 0.483476562657748 0.506809038804361 0.444095747826986 0.0887885359622463 0.148115984900149 0.414563432983957 0.223555518896302 0.51468054881651 0.307306463105932 0.147984884161835 0.182728802809564 0.124923083306445 0.130234301542484 0.0927675180607496 0.174060975413132 0.408610556347594 0.436036815543922 0.276474252438221 0.258326349216034 0.229779381058378 0.20519810452821 0.392250618352815 0.363511729804945 0.451080302412216 0.414093529703879 0.381081177353668 0.247736254092392 0.0756120397558223 0.0178069460116429 0.158955673209021 0.0881036220248865 0.149825375171747 0.13297185595185 0.320359750709154 0.213302248221498 0.28383869334481 0.19905965602324 0.233692639182069 0.331777580770315 0.50968474841988 0.441349445571821 0.343490484682533 0.335139366522017 0.221146703998982 0.200887186330657 0.39903918791062 0.329856454654797 0.493360421090988 0.427286317372145 0.420724246609563 0.180512066008988 0.320402902817411 0.393456375705982 0.460011913422517 0.379992060629096 0.183369620805767 0.00764610832161733 0.407732945317491 0.330924067978264 0.00829641423691021 0.240411149675464 -0.0805082316646189 0.197143779233681 0.290009334524302 0.0846519934144463 0.316064711593197 0.29407887176499 0.265238373848273 0.197375440377035 0.0753297835077865 0.146264387596357 0.313842404534544 0.367852220570229 0.293395515707886 0.406223518133591 0.517641194610868 0.505759156857493 0.41850538122242 0.47341798493817 0.345459000859858 0.340627500529855 0.334876672992681
0.281237839843174 0.226732639497276 0.186710898066058 0.488063339621428 0.43369439061192 0 0.416526994210812 0.607583289922991 0.206429240555382 0.378617621722313 0.297304117970694 0.324492885453806 0.418650829184846 0.471364264346316 0.346122246855312 0.365772653283279 0.26634224523796 0.25067331587025 0.137145399767954 0.208300674549246 0.0064696647481559 0.285730732506644 0.230114325239876 0.175667441765979 0.449802347697108 0.342192725489249 0.246489347448706 0.353437149891585 0.401744441169332 0.216017924269036 0.437985415349678 0.411327333079426 0.252336706386234 0.196562149938382 0.0493445327737544 -0.0841111077420125 0.129537260062741 0.139555785983122 0.0677134510456928 0.288194250350823 0.376519012612011 0.339618923942543 0.35993798400004 0.302082428745091 0.37502389950626 0.409603061249486 0.483858197888624 0.502965027967332 0.353779241179379 0.350634093173644 0.215163318236687 0.202810365770402 0.499284965276892 0.529008639851662 0.411670557928776 0.553321516471864 0.436207678445453 0.393470509634012 0.116768329936172 0.391594544667126 0.360205419262443 0.339209923610099 0.099973459588038 -0.0475771232150405 0.213404117259665 0.180056253574832 -0.0872282001773331 0.286954356489259 -0.106301898612807 0.172274606102328 0.283813527359704 0.0761911038981668 0.351808415766991 0.360733038125427 0.361423922339557 0.275016617077617 0.103102557438509 -0.0665141449700519 0.272843515456237 0.410729509332249 0.284177749736918 0.352218771396226 0.504845834429774 0.360841134207131 0.404591842766623 0.434474412607355 0.398046916807313 0.419050568633032 0.172705869290985
0.537718185873727 0.365828003944058 0.757009110796877 0.765597289858031 0.59626745631005 0.416526994210812 0 0.742185134964604 0.641301591173015 0.566285097938774 0.290394401693268 0.330659788556522 0.712980436740828 0.481764168290197 0.670379692897502 0.511093049298698 0.298142394565957 0.307006336035981 0.421520738626636 0.419313609431718 0.0295170898706423 0.0868996684872508 0.583700458073053 0.541482285609461 0.208919895514655 0.390064206582766 0.243711221218545 0.272778240564908 0.409042975323297 0.327984658044664 0.617609342622217 0.514367862589513 0.469879560658069 0.365267848623007 0.100390579188427 0.0322035609217179 0.108167841834759 0.142036037578848 0.152389825259382 0.182868712964046 0.455873292650962 0.363453247428814 0.388382168275945 0.277096636156863 0.39465565660468 0.44440320727119 0.540597177930935 0.475724594541841 0.375459063691744 0.345639546442612 0.33802761586346 0.297615746240429 0.417546869450144 0.338667656651907 0.734629020025317 0.531497171547924 0.493411485817395 0.277580995174121 0.627401000845608 0.667070099493267 0.61275305057845 0.462507898815519 0.419532023625951 0.288201936715743 0.45436972819336 0.398567000397833 0.15846623827724 0.384418682845202 0.0190759511676614 0.1999789943707 0.384637232636876 0.244461220815857 0.418095659863512 0.423266091114634 0.404041002477515 0.373300895288092 0.186836620794745 0.196635702066056 0.580403067716835 0.523306607669725 0.484141631066154 0.522234192777893 0.705934302772492 0.713860863016875 0.580085345281631 0.576439772939457 0.4761990674311 0.551937410971989 0.451681330690733
0.47417040477142 0.477526607106691 0.423725771140701 0.794592356650927 0.483476562657748 0.607583289922991 0.742185134964604 0 0.555009731874816 0.63320174613281 0.314077116847593 0.488906857776801 0.594453220578013 0.687156553674418 0.431983240203393 0.53034542785632 0.395402476083495 0.400380509647399 0.349057197354937 0.487243345849415 0.0320505580667351 0.0721097733344845 0.263446680249095 0.362629243172044 0.0873325086751301 0.275809192464981 0.369484951409583 0.460228625017506 0.318034794283174 0.32904222994556 0.530823594762819 0.585462413600343 0.307144378120401 0.327799964199692 0.0790758988175143 0.0113825646164643 0.147652690703391 0.170093586980264 0.134742795314282 0.20767249772173 0.401792626581653 0.398509166042648 0.430944220683317 0.376935312919529 0.413636299325034 0.426587172256786 0.523984084335482 0.509824297990526 0.389231044651448 0.352254738388362 0.382102307212805 0.37647217458992 0.536227535187985 0.557228236254658 0.629196374848303 0.818267594264299 0.479536291433269 0.559320130972409 0.286077363037646 0.722475067289728 0.464978392915984 0.53923960151609 0.375734700480305 0.261568241296986 0.242862011756595 0.341830159559237 0.103103708474598 0.264605104358302 -0.0207159256854858 0.0413385663193331 0.321350978519681 0.216203961298322 0.402066226366739 0.552683074421205 0.46381820745214 0.46042585551643 0.0437663398641934 0.0465842870474151 0.322964274156424 0.608965821988597 0.321807097179071 0.508192325259302 0.67695127695798 0.47882355365541 0.509464547706769 0.486592201181065 0.446303144997882 0.504210155690161 0.35389137662192
0.346387286049208 0.239320210751389 0.387817531322951 0.471029434682109 0.506809038804361 0.206429240555382 0.641301591173015 0.555009731874816 0 0.676926523751586 0.236374175144789 0.183366760097914 0.429564306309754 0.277625615805773 0.549487657422418 0.486825022723602 0.198917450420208 0.16378272203705 0.272150725038621 0.202139963015706 0.0290315642646433 -0.105250567247158 0.226048518771145 0.210878245340804 -0.0358985714162218 0.0295870692962165 0.131531554568437 0.12239281001153 0.0355834508809938 0.14420024849605 0.223542018242162 0.172901015531042 0.257595595653199 0.162931215207421 0.101758275203156 0.0340876371193006 -0.000703473870120392 0.0486770500641165 0.0509017227558819 0.0946714716780941 0.0440511385407828 0.000222741760980493 0.0685615468770688 0.0265495102186185 0.00130241740957884 0.0561395774499357 0.227886123190978 0.184348929552568 0.0887028365703386 -0.0121282134745275 0.210532610808055 0.23297180332157 0.241023878200815 0.17710321364848 0.405433964837791 0.398312072410376 0.311078960983248 0.262324807815838 0.234214845360184 0.356063396768997 0.233681631912717 0.160087621423928 0.31349063689692 0.316129520840481 0.285948279164296 0.326740205429672 0.2600308516531 0.218482465997628 -0.0434597343556919 0.0791855123766696 0.196758572632301 0.0908317622222563 0.239956223953293 0.0921575468161382 0.179831297717771 0.196673426218966 0.0871429050704931 0.212961837348691 0.256299684261231 0.312619707011323 0.185371911979615 0.224610835797475 0.516195594285592 0.544184003523277 0.402728822491225 0.302584795597839 0.286297028426976 0.35430877789088 0.270300223708227
0.233083008600796 0.229785796358505 0.367719960718879 0.521477981459938 0.444095747826986 0.378617621722313 0.566285097938774 0.63320174613281 0.676926523751586 0 0.152120159123903 0.214847728320905 0.407129848272048 0.461067886069881 0.433750904523834 0.660617838251069 0.170444277168988 0.183572135127952 0.261366930304467 0.25963079791464 0.181696086056309 -0.0174324638829722 0.260750985278576 0.370611061644863 -0.0332327535748142 0.067253773244745 0.154598527511531 0.268327297482403 0.171286502415587 0.258498796483834 0.230019403974853 0.271295863379768 0.179514877200892 0.15171149079 0.0504775952466251 -0.0707925969897533 0.100716065314431 0.0947630255830533 0.045357380780001 0.0161609618721549 0.0742371704268858 0.0786691090282647 0.0801046362268008 0.0524932934225914 0.0633647477120568 0.0937587025663151 0.187747880525834 0.18592228739457 0.0789943080201039 0.0803404858030302 0.15387881343602 0.212027466838942 0.260722611245864 0.26984343758078 0.379635822021641 0.52618824975086 0.368342768610518 0.386668505972104 0.153669920691704 0.391767955695999 0.231513104376474 0.292893283427659 0.32441682696675 0.281135302956952 0.249015769995479 0.390646185049221 0.209866097161365 0.132271797441929 -0.070629639460911 -0.00713853662081646 0.245342036409637 0.242725011840398 0.292278375048479 0.208382206704106 0.167649132932912 0.209859166549648 0.0702905703882793 0.209912257658787 0.14425748366983 0.413773865873182 0.082983255371026 0.338790159053769 0.502383234796258 0.377624994578061 0.372225787038373 0.195909776259883 0.258873385016835 0.257212290337036 0.2857600237667
0.747044239714419 0.643050491263476 0.0702170113980035 0.2909982514119 0.0887885359622463 0.297304117970694 0.290394401693268 0.314077116847593 0.236374175144789 0.152120159123903 0 0.698349180484956 0.598245147863341 0.488782351039522 0.392185645687948 0.323090439315451 0.504540175401902 0.5026842239459 0.49083633150774 0.541167777192875 -0.146954477023266 0.0458728747439354 0.131690309756689 0.0477778583264465 0.208457112865392 0.0685383479268688 0.450593151297072 0.490520502113197 0.0546037004245166 -0.0509169319358145 0.289956314596956 0.343702330448853 -0.0741566904205465 -0.0155543824980048 -0.0400232840579711 0.0493585772820953 -0.0778065779561453 0.22421660408717 0.25755315859288 0.362153387461555 0.0435877017178694 0.138420259558832 0.156610512974177 0.325996037009079 0.257021982929936 0.248334163201813 0.215917523509767 0.265921552854427 0.276803016567879 0.255916448886027 0.558633689254975 0.58704835782951 0.410442972060824 0.353094675485114 0.377576027085176 0.219966725451498 0.497016984610642 0.515376830659444 0.0842199990268136 0.146223193526865 -0.0543188681684699 -0.0557556697693407 0.33109906085017 0.289887011459681 -0.0389288557303323 -0.0546704611591486 0.2197020935472 0.416011289931286 0.0776365571896314 0.210631151833109 0.212193600912588 -0.039502829266954 0.137777061175546 0.254769239943795 0.557617066638205 0.599059024233852 0.369775213897608 0.325931614590639 0.522834463136582 0.458521290556544 0.33886348983165 0.250121348981736 0.147389322606619 0.140083025389572 0.152280010105279 0.307863224757293 0.204771812758506 0.297208681596455 0.0122111705603222
0.718342899451659 0.743009023409396 0.173779847599772 0.433248573771925 0.148115984900149 0.324492885453806 0.330659788556522 0.488906857776801 0.183366760097914 0.214847728320905 0.698349180484956 0 0.528612824659284 0.698565201547189 0.311832494033066 0.368068122477917 0.456391983837349 0.514990680494596 0.566553590311066 0.728462806722492 0.00152768354897319 0.150616733626066 0.196470340415941 0.247699297208825 0.127495834923603 0.127608111500468 0.460923675885096 0.602212236899885 0.250787012963392 0.12503031844055 0.395937458470862 0.480740685090655 -0.0542745412824147 0.12467532804279 0.000483511341234084 0.245539474277241 0.0219841969634082 0.335257193023401 0.323026832475175 0.352767557510615 0.12451298500264 0.214820623135645 0.293737578975941 0.428740028960826 0.345025953788737 0.36393096954161 0.352870781166576 0.468399483017735 0.4819125004545 0.47736064230045 0.596160981206292 0.634751195407946 0.579926909374712 0.600384651520346 0.372680269776851 0.412814347834188 0.515160562715144 0.56717751394018 -0.0322205156360706 0.222368072544857 0.0501824150689357 0.152909736430326 0.461860124243391 0.306746815533716 0.0286431374648148 0.0476704063967047 0.0201380780014913 0.36493088173214 -0.00988495180277784 0.107879090694098 0.294524280442219 0.0415233999507219 0.206420505506647 0.437099160847073 0.618989542025143 0.66879452822763 0.310355365725147 0.276972024343183 0.471922570179351 0.618149696340019 0.323701920106725 0.446812968764859 0.245910536267131 0.168769479548752 0.262077054582881 0.423314873833641 0.311834176179692 0.41806496508694 0.0702819378208028
0.683716758208042 0.45417094341957 0.488993363349387 0.632735159878626 0.414563432983957 0.418650829184846 0.712980436740828 0.594453220578013 0.429564306309754 0.407129848272048 0.598245147863341 0.528612824659284 0 0.683236608864464 0.68411533039936 0.629583160500593 0.373958999283917 0.329155143612375 0.447713500856702 0.464816591424064 -0.0525930161919769 0.149692389762752 0.550746491137856 0.455076249197091 0.37322777130898 0.333694540357371 0.342614807085416 0.392060965261777 0.348223701224012 0.249898096489232 0.537586942889235 0.514506058060986 0.347367123791984 0.369418504092573 -0.0461617522554136 -0.0807972640960101 0.0832257825370732 0.0954277739009465 0.169302236837263 0.112573662998294 0.369104733631494 0.299250868596001 0.353270367922547 0.285204409001753 0.360319756984553 0.378275932481324 0.443322762108725 0.466651778238429 0.379497942567126 0.350078256923333 0.388672981966893 0.366718519250734 0.410224284313369 0.389153825614484 0.70070704585736 0.47485639286601 0.551047763433084 0.329174262305089 0.491463437672264 0.597639481570168 0.452017389371022 0.409296017725309 0.368824485644461 0.320187601013725 0.265581611892593 0.27722675201679 0.139798257867111 0.351985906746998 0.0142461734581511 0.207852999673373 0.325183739228201 0.231280074900621 0.330527839362085 0.364569642210687 0.469728989091544 0.440091907239797 0.274428145375978 0.243809240444251 0.580931584768663 0.532946489654225 0.410553309647055 0.521131400562584 0.556462703767572 0.469317591814737 0.389207686949272 0.449803598429008 0.38444443782907 0.424657315573878 0.342920512568132
0.580031672500449 0.498412735235039 0.268269245568183 0.617939445786192 0.223555518896302 0.471364264346316 0.481764168290197 0.687156553674418 0.277625615805773 0.461067886069881 0.488782351039522 0.698565201547189 0.683236608864464 0 0.425594018204506 0.716076052803892 0.387073065450884 0.376031936540658 0.363064178884099 0.553130527386205 0.10820204617949 0.144105841321807 0.330406741571271 0.431760427778629 0.246766387413941 0.29477737345734 0.409647909921636 0.577934090163256 0.340589625802854 0.344310463244194 0.484842653643703 0.573583732383573 0.175112474295613 0.270214703525725 -0.0116017446104726 -0.0202841668413531 0.128527261246517 0.151057569600899 0.204594155668797 0.213395841007496 0.290686388444821 0.311598003087206 0.306635501743367 0.288166970874575 0.339516115622899 0.336826614827245 0.377230210862013 0.475212077606266 0.460670496484985 0.387991217011269 0.404573909111374 0.399423230446934 0.419140657583646 0.481383817800678 0.550428634939664 0.625700262755232 0.565166973849888 0.598456223195506 0.200387776373901 0.550896505574346 0.305441355570383 0.443821810145475 0.394826411555225 0.254170242492819 0.166030137345783 0.26018049785475 0.0902564405837181 0.295136482506468 -0.0450085614558579 0.0946422574244388 0.34379820919975 0.272882101055611 0.352463120497273 0.51566660760303 0.516178215215769 0.526124031860986 0.214957515452842 0.166631941912484 0.344907373443736 0.629004228897209 0.341439441378625 0.597135337598461 0.523232316090632 0.252924230976637 0.351300720403762 0.376019715469605 0.413553616195964 0.400845902490082 0.261405407288119
0.498432676185664 0.332172037377189 0.632975931030917 0.610640549398539 0.51468054881651 0.346122246855312 0.670379692897502 0.431983240203393 0.549487657422418 0.433750904523834 0.392185645687948 0.311832494033066 0.68411533039936 0.425594018204506 0 0.607207881943638 0.286907875021975 0.261710485426831 0.436606998589456 0.307439990712774 0.00364399559789946 0.194360157628034 0.711004275177881 0.490952992798695 0.546304070187897 0.481185780801236 0.280413122991814 0.2599397745304 0.449215769093811 0.335092047992933 0.594612706467982 0.473273319220661 0.468231407727103 0.384822690636414 0.0945157750797107 0.0508123426082104 0.145411022389423 0.0801977526140959 0.0958676797461097 0.250058871394231 0.337509239612784 0.214343670645785 0.257950789863058 0.190149541475631 0.333368824954455 0.364472087956417 0.449329506425913 0.431443832303594 0.45971410881528 0.357917118595906 0.367389295052007 0.314775315768128 0.351899045683621 0.255202101222369 0.492479671032916 0.252919218332143 0.458545169644807 0.172917553665751 0.539445946191214 0.450579819187785 0.529289328206916 0.324693235242535 0.382717300298232 0.302976117337742 0.385668915038322 0.322783328605995 0.247739021115011 0.446086450878435 0.0146965679101053 0.238846191042451 0.424276431164115 0.282820056638739 0.291138595412445 0.272686771284249 0.424905773968224 0.29163543387394 0.313502580386116 0.32087264027215 0.599069338069871 0.411887293074013 0.51489685845794 0.520692115942072 0.605177988218198 0.580904786759188 0.478557266626201 0.48778130988527 0.412669176545627 0.399852552065246 0.349377751614198
0.405960284162233 0.284436235964104 0.436666837936157 0.597643501920845 0.307306463105932 0.365772653283279 0.511093049298698 0.53034542785632 0.486825022723602 0.660617838251069 0.323090439315451 0.368068122477917 0.629583160500593 0.716076052803892 0.607207881943638 0 0.210541572754487 0.149804660479858 0.347956000162832 0.307373632635969 0.183737380046386 0.0833218837110046 0.468982630247192 0.536197269959117 0.271236995062934 0.34556655235308 0.191816620109276 0.341502525040609 0.27878776928149 0.395613100990838 0.396310618461555 0.42106183857724 0.293674437039713 0.327482917492461 0.0719963692933359 -0.061607070876893 0.156697532392908 0.15043084072699 0.0744387531725616 0.0609028669727138 0.214466324714071 0.167327089506166 0.163616606071354 0.11927227296234 0.211014108790867 0.223607073686267 0.279593718494386 0.335853066957004 0.298144312183433 0.28681574949373 0.226094788297368 0.251777915405037 0.242158973049012 0.289362633395531 0.47758359663609 0.472460367141305 0.452456371404474 0.352099367595487 0.375769011873844 0.556478825230961 0.397710617979316 0.474008356798614 0.361607620621175 0.283079715738048 0.299819851394403 0.339150570819504 0.192468862596889 0.185058947701256 -0.0170129388219949 0.0127845205290589 0.31475043074772 0.310310475748975 0.305023022181799 0.259094087453905 0.290493336121504 0.326355682124037 0.23773497018643 0.305983442987978 0.378300756190041 0.562587343414142 0.268651077556333 0.586423326969786 0.579524074766569 0.348598432131556 0.353629006953452 0.257047006415023 0.308791619398608 0.263344776378549 0.34826321177107
0.581562568591167 0.595443422996713 0.145611914720401 0.291586677248305 0.147984884161835 0.26634224523796 0.298142394565957 0.395402476083495 0.198917450420208 0.170444277168988 0.504540175401902 0.456391983837349 0.373958999283917 0.387073065450884 0.286907875021975 0.210541572754487 0 0.798452301296673 0.360770762301832 0.613037700625586 -0.0550406975856141 0.183864649399664 0.158401699467732 0.191055918115101 0.31221798808365 0.176800545279709 0.711978521481819 0.72433862856113 0.351484182770469 0.190155886623901 0.546406894081126 0.571528634498683 -0.0528059259882976 0.032072399391806 0.312104839259655 0.211816627290666 0.25122964961299 0.1810616823892 0.39099319313808 0.468378990760582 0.169311550738767 0.268691839457821 0.316885059209643 0.415200843207825 0.328676103179303 0.346553212119201 0.308214600838455 0.374793989208952 0.419422241875597 0.282726559096029 0.736671487454847 0.625085029317782 0.441732321691397 0.366708186392736 0.281721631627102 0.292413381757995 0.497780520790334 0.614310012112879 0.0228722643396951 0.158665217684416 0.108030608097041 0.0959864252059597 0.434330580804637 0.331191231193016 0.0386406566173364 0.101225693177153 0.0862289015081279 0.324688637210895 0.0402743100322042 0.0631352839318614 0.441000117741648 0.126449201492223 0.312926639810234 0.566227360206955 0.770102767977773 0.689208816951856 0.425615603033854 0.424776506836599 0.368721806369256 0.476273119200617 0.325996241158005 0.377277031442337 0.133932245811808 0.151912168289338 0.1406528304774 0.319740927360537 0.302687805362464 0.376589437850264 0.0973104003627072
0.60775399140646 0.697141472355078 0.205650068452078 0.343760171057029 0.182728802809564 0.25067331587025 0.307006336035981 0.400380509647399 0.16378272203705 0.183572135127952 0.5026842239459 0.514990680494596 0.329155143612375 0.376031936540658 0.261710485426831 0.149804660479858 0.798452301296673 0 0.408645223691567 0.716330033760505 0.0163030824312521 0.151945769575934 0.195773284163182 0.254610550133051 0.225008162121223 0.200021111952211 0.616182683437308 0.784098465975801 0.341074475188767 0.220123872677088 0.537535238136654 0.627266923810022 0.0374263822683386 0.0471045906917361 0.281008213506471 0.309300431143874 0.234741143435387 0.26336542853261 0.448483608848776 0.497722510274613 0.0836920575701231 0.203211205812295 0.265179250924066 0.40297483322741 0.276500046232122 0.31671695963956 0.215580689884618 0.270848421841925 0.322775427773614 0.292854825843296 0.805426639102252 0.778669897094069 0.387439508314927 0.325392701421633 0.311136195531168 0.332171360972269 0.460708738419103 0.651226932262092 0.0520408755127172 0.192788287918136 0.114933042553677 0.100879708786454 0.525032929067431 0.346428884886993 0.0153953918517 0.0789287387241967 0.00672341283632178 0.257102892212601 0.00315807559126457 0.0795743760250225 0.433861087844768 0.100389903993447 0.312771875287493 0.638659362723349 0.814572254099614 0.78930732806564 0.428631144293224 0.430170940271876 0.398506853631631 0.53205891213751 0.331964140036958 0.325441575960244 0.0730879681165839 0.112247172542543 0.0551550670697091 0.292053957293757 0.213471359768337 0.302546614425859 0.0741029568195201
0.572032968938535 0.581501887126474 0.43787514501128 0.392244680005646 0.124923083306445 0.137145399767954 0.421520738626636 0.349057197354937 0.272150725038621 0.261366930304467 0.49083633150774 0.566553590311066 0.447713500856702 0.363064178884099 0.436606998589456 0.347956000162832 0.360770762301832 0.408645223691567 0 0.69379717232772 -0.0168443540418232 0.0267648471238507 0.386685484538055 0.308544354151226 0.134469707853919 0.132990345992029 0.386510525924266 0.459247036733561 0.368024324956674 0.183211733360446 0.369383440118246 0.34875848147872 0.0738929073454971 0.0493802894515485 0.131929647390016 0.156508170570647 0.183060391087517 0.419061045928132 0.147056918866535 0.186989640696232 0.0750201751429391 0.127341048949419 0.19340264924545 0.25678764659146 0.271497912927177 0.244986307566418 0.161506835134342 0.239035939425679 0.307071064019258 0.336865595174975 0.479309857705296 0.51019452071335 0.28244639815326 0.279545519247194 0.265687300922632 0.175016851961167 0.298551234806717 0.265880714941931 0.174779394909539 0.216110894853522 0.146781934282647 0.0734448632048234 0.499332020950443 0.446129993351638 0.186505838842894 0.198461912716329 0.202689701331882 0.228948815249938 -0.0648063152011371 0.109582445428643 0.280408991134499 0.190608316117984 0.179556081688897 0.346746008420787 0.494895261872277 0.48965104599473 0.32417243414447 0.434165559425357 0.595466638706139 0.413013309774584 0.243970670768955 0.327683436866601 0.161296831715868 0.189655015376286 0.14072744541685 0.24015593876843 0.113672775076448 0.23598048409162 0.0380931094734884
0.692680040594997 0.779269272644048 0.345676372250221 0.456514680646703 0.130234301542484 0.208300674549246 0.419313609431718 0.487243345849415 0.202139963015706 0.25963079791464 0.541167777192875 0.728462806722492 0.464816591424064 0.553130527386205 0.307439990712774 0.307373632635969 0.613037700625586 0.716330033760505 0.69379717232772 0 0.0633708120509245 0.141837102997352 0.318200473209589 0.419342333618088 0.131062691149957 0.175502919051555 0.592169789316183 0.744036468998823 0.400321112709106 0.227179806009588 0.510764322898777 0.577470441849201 -0.0430468015831758 0.062453239251347 0.181166747645498 0.279189610061132 0.227850153583833 0.326689023213135 0.353965460357194 0.359785659954452 0.140455773902948 0.266913745524563 0.322395765053175 0.454994722442901 0.348170064273664 0.357644328322848 0.200971027989904 0.248360991877077 0.352982933917789 0.365091435435997 0.73064790881568 0.732242181425927 0.439477251925876 0.372094740885144 0.347702866167589 0.338142479720503 0.484463597800564 0.572782840768491 0.080247885411607 0.246689190606151 0.131660683348622 0.215162126663788 0.618464965750415 0.437739783114764 0.0629614815814874 0.133020026685575 0.0519702954950551 0.309237586107559 -0.0601581523387692 0.132080517947669 0.423010593267173 0.198055004858037 0.343194726547874 0.645076128314231 0.771224776175868 0.780893078428745 0.441579506887434 0.45706157828258 0.51580441517805 0.588712940772932 0.261404685436667 0.34761857951604 0.142682657126334 0.107993795563227 0.137682736736911 0.281594989551247 0.286967531105075 0.351156904543084 0.131243992608021
-0.0186009741716384 0.0489129633170584 0.201226643685864 0.0595568136480423 0.0927675180607496 0.0064696647481559 0.0295170898706423 0.0320505580667351 0.0290315642646433 0.181696086056309 -0.146954477023266 0.00152768354897319 -0.0525930161919769 0.10820204617949 0.00364399559789946 0.183737380046386 -0.0550406975856141 0.0163030824312521 -0.0168443540418232 0.0633708120509245 0 0.176790573467625 0.205265264117935 0.289936594670974 -0.0210997874460964 0.133227007692529 0.0101489326010764 0.120661399278138 0.202513986968974 0.301903597730067 0.133363462899424 0.153678268539232 0.174775083564344 0.228010024473445 0.108061289478974 0.101512082253112 0.0809477081808236 0.0501962844243147 0.0907982408352724 -0.0827618441858065 0.0876475851168867 0.0489697077638602 0.0953329453551437 0.0460903660929588 0.0497597686034675 0.0666778850667691 0.0303907944536297 0.0251418863475171 0.0635538221446034 0.102881960770043 -0.038572328723262 -0.0296021078844073 -0.0434713254817322 -0.00840637249048495 0.0223764998987634 0.0709933807520328 0.0293140864494348 0.0384928314130857 0.0313799299147718 0.00112294657308842 0.194268617703201 0.283166938877473 0.0148971350148471 -0.13281351138641 0.188846442812082 0.107035806021685 -0.0125937544102665 -0.0910158938249549 -0.032765033998786 -0.0605675717944413 0.198713442445977 0.0984714141142966 0.09952947682538 0.0849105904889567 0.0241691555241711 0.0579379862557842 0.0639195209127788 0.0397100593494965 0.0455816191132187 0.124713062866316 -0.0145106650329138 0.0822691444279336 0.106064238271466 0.000781053669140232 0.0449846830131138 0.0193745239983105 0.107685802619334 0.0141548214718961 0.233220959894853
0.0636093437717373 0.135533582781395 0.214823519879882 0.098527162287608 0.174060975413132 0.285730732506644 0.0868996684872508 0.0721097733344845 -0.105250567247158 -0.0174324638829722 0.0458728747439354 0.150616733626066 0.149692389762752 0.144105841321807 0.194360157628034 0.0833218837110046 0.183864649399664 0.151945769575934 0.0267648471238507 0.141837102997352 0.176790573467625 0 0.350815166639592 0.21166859653462 0.503789284848135 0.416980073846715 0.270850260666164 0.242176839129387 0.490663261258452 0.21101026768158 0.335003864454575 0.296079107609697 0.128888630687531 0.0307676200664018 0.19952792096425 -0.0395526457082873 0.179684221565796 0.00791587131851704 0.136825231745378 0.246549876377604 0.408238672859912 0.377650111951669 0.265351387438428 0.230880248414319 0.382382651329342 0.375336098943042 0.337902105732117 0.270675214835538 0.426761732077657 0.340101338671639 0.121723759585221 0.0171479613210779 0.237571414029192 0.233128106345028 0.0574521413671037 0.0326461671446661 0.251647482511486 0.149358029855744 0.0400958875256182 0.0157451072283392 0.277752149675857 0.1959671807519 0.0468335043365912 -0.144747180845707 0.240249376820178 0.178590563205516 -0.025130160863703 0.250922332285564 -0.0896709445116672 0.0732572463279514 0.410829984208808 0.139361555801724 0.17892559534412 0.27351905377762 0.336009991258797 0.145515545793309 0.273956997760035 0.150312977157709 0.200360305662937 0.128957535431097 0.242239268377125 0.210225223989216 0.205433387971192 0.148100074552076 0.25265499321047 0.199907187739987 0.263276520278834 0.208150770642091 0.232993328988143
0.351088973205422 0.227122483568107 0.811594954042762 0.577865605111921 0.408610556347594 0.230114325239876 0.583700458073053 0.263446680249095 0.226048518771145 0.260750985278576 0.131690309756689 0.196470340415941 0.550746491137856 0.330406741571271 0.711004275177881 0.468982630247192 0.158401699467732 0.195773284163182 0.386685484538055 0.318200473209589 0.205265264117935 0.350815166639592 0 0.787515902604357 0.585590898096494 0.60634156734238 0.201309165450914 0.286966539248868 0.707279621581462 0.584137116801909 0.657177306116986 0.53755490310362 0.535904832175398 0.430673168507291 0.110787635576177 0.00516819754517505 0.226098706079517 0.0747848803688183 0.0788114823604685 0.0537147594897819 0.434454627530697 0.317911480904846 0.298607973496904 0.166816598338254 0.356836791347506 0.426644500605309 0.386481852409086 0.364724693448555 0.392891307523514 0.39027099781852 0.260248267275109 0.207119576385065 0.142851982711052 0.118844344742445 0.470797583605345 0.153815752531954 0.418092922319007 0.038530453568816 0.663140450218481 0.414016457511067 0.677925457039234 0.494261466729396 0.371892801773314 0.161408328498609 0.472119987618712 0.314208232736861 0.0500541888470537 0.260007866818994 -0.0492896249981375 0.194670539539079 0.430447846718296 0.293235325705795 0.278696979907812 0.347865067184075 0.398007155200269 0.265070810536704 0.273556515139769 0.282542769456921 0.633905353801357 0.350321668221627 0.461094555239716 0.474309569727208 0.496374404704387 0.458117928144635 0.358845693250343 0.412592499889268 0.358153360790044 0.26597544058192 0.44601873009233
0.324807066898718 0.264398621283108 0.679240257662438 0.638518998984729 0.436036815543922 0.175667441765979 0.541482285609461 0.362629243172044 0.210878245340804 0.370611061644863 0.0477778583264465 0.247699297208825 0.455076249197091 0.431760427778629 0.490952992798695 0.536197269959117 0.191055918115101 0.254610550133051 0.308544354151226 0.419342333618088 0.289936594670974 0.21166859653462 0.787515902604357 0 0.363667675974364 0.547824952514526 0.140509031301668 0.363270874878736 0.609599103757741 0.632785268579895 0.609949517018243 0.569298556114768 0.428262997628378 0.434451289239816 0.0846243665415689 0.0437493775305782 0.225233727891643 0.096672958013232 0.169977389946531 0.0142723124170971 0.346507429315929 0.267376690449913 0.25847366217112 0.177871459467254 0.320581732396825 0.36299810321617 0.336449508855825 0.312191201954872 0.38683516196033 0.373332548912225 0.319649092359428 0.296144036421708 0.150161985493134 0.158600741159438 0.48439918203772 0.298027596834942 0.430001443731071 0.115008210287799 0.54794809876008 0.513575467016787 0.587236879771053 0.579085477625793 0.369371463138352 0.156693288046722 0.370834488996009 0.246597181931563 -0.0759218345728863 0.121782925345836 -0.0751885159361697 0.0842951216388177 0.393991138449954 0.234351022909587 0.365810688460046 0.444466887211105 0.416682396176291 0.372110100043595 0.277369286992908 0.401590680128744 0.53969890930917 0.505257495815921 0.385155873850824 0.583860667880437 0.436532888459636 0.336430592631271 0.245411842820248 0.321173984503313 0.286336196215003 0.214426715355093 0.410356013306521
0.190584661492822 0.0790162873201707 0.302550397829861 0.295431220801498 0.276474252438221 0.449802347697108 0.208919895514655 0.0873325086751301 -0.0358985714162218 -0.0332327535748142 0.208457112865392 0.127495834923603 0.37322777130898 0.246766387413941 0.546304070187897 0.271236995062934 0.31221798808365 0.225008162121223 0.134469707853919 0.131062691149957 -0.0210997874460964 0.503789284848135 0.585590898096494 0.363667675974364 0 0.615757977042023 0.324304334850792 0.254582947162326 0.562317493159238 0.285935784279282 0.552964889981628 0.410203587683974 0.304719865841649 0.172127145491139 0.108055715175008 -0.0600629651228657 0.269491318261228 0.0257256013736516 0.117810182481591 0.243417917378071 0.430493297148928 0.331100869573802 0.29301888563942 0.212232334495491 0.389971441875932 0.426234921972652 0.396246346207787 0.391186620085748 0.506500058645717 0.395718243943482 0.202507841786706 0.074859725265647 0.209494238848535 0.165932565259902 0.188048499947098 0.00059561445339819 0.386991280266041 0.102715071081137 0.333419402603708 0.210777753712448 0.408423533779022 0.215549554484839 0.0657740543732716 -0.0854997547769559 0.214316180561545 0.139859793707074 0.0331522263707384 0.353620895816074 -0.120024732753046 0.263690395985039 0.376967979291057 0.187586805402935 0.231136665140726 0.266106509379883 0.392491330584563 0.177272655780516 0.41738490632886 0.269182591101119 0.428579271352828 0.176523337460362 0.439912556588853 0.394729202942026 0.324592595873663 0.228668627748179 0.248704391762821 0.332656709611598 0.365446563112336 0.210463527529156 0.223252998418536
