0 0.0419274682412177 0.0344283914743101 0.0301997958990019 0.00598503381015448 0.0106473221669089 0.0357641388467726 0.0247124630410212 0.0114925746436582 0.00605391188388635 0.0387082331647659 0.0255951164045973 0.0403062392056541 0.0304843761561279 0.0203543216792721 0.0278943381989726 0.0446077872580221 0.0350440494023673 0.0368174950552596 0.029628479237912 0.00537461589834414 0.0107318834402891 0.0322062783851833 0.0269165440795227 0.00753565122567962 0.0161595440955381 0.0159405183167773 0.0248068155658892 0.0246288428812992 0.0181275324604885 0.0337418862267818 0.020043675211966 0.0275932643109196 0.0142140012184501 0.0142287838780843 0.00602296240500022 0.00746313616817536 0.00542096724128407 0.0174942119279013 0.00908215224648136 0.0411320364889624 0.0518860426756078 0.0402840711857507 0.057999867347126 0.0367212040584167 0.0295541938094311 0.0325825465358621 0.0341431526716193 0.0138206879648782 0.0129598489160863 0.0720046649160817 0.0582606554866466 0.0526723121989446 0.0550610567795449 0.0418781508814763 0.0247099155748441 0.0334779228310681 0.0341045779684279 0.0346300890085647 0.02457258848593 0.0327372966474787 0.0287300398240015 0.0577377651010942 0.0466608921145232 0.00267415040445358 0.00567161948879007 0.00773155353663507 0.0128014437020478 0.0143436594203926 0.0152223969365241 0.0132081464909572 0.0113829742049675 0.0283139121750024 0.0416182487010948 0.0300756169969794 0.0327384389006703 0.0140863949922915 0.0155988761848521 0.0240042773293653 0.0241275486341471 0.0109400937639626 0.0108106224236371 -0.00649415411050555 -0.00278538819543121 0.00574001925547748 0.0025987478743845 0.00958831923528532 0.00637849743793115 0.0231113783404306
0.0419274682412177 0 0.0275064777607696 0.0297677013007411 0.00698163429437024 0.0100336238820217 0.0294295931613993 0.0256976963212327 0.0149496676644213 0.0131996947506307 0.023810167520926 0.0212182563058204 0.0289982226021173 0.0262523267524764 0.0186116301894521 0.0311977270334759 0.043467915886993 0.0462507692681904 0.0353212600214116 0.0285240967141083 0.00507034170980113 0.00781851146925408 0.0281587276350742 0.0225726577074727 0.00773574323791982 0.0141446002031374 0.0179401740557792 0.0299451184223525 0.0238907529545381 0.0205037663303677 0.0331475614986819 0.0239154056833794 0.0206468749431336 0.0122841993200869 0.017020333216913 0.00821715931367964 0.0118245167607847 0.00791107287506626 0.0173661091026756 0.00775203575225847 0.0494247980764777 0.0541330998710918 0.0440844016101683 0.0563467302257507 0.039022274028837 0.0338364444608762 0.0353240704801831 0.0352795063499789 0.0174610761240519 0.0172520997177564 0.0668868704626701 0.0690342030031649 0.0422258761553178 0.0511887497598502 0.0298228623735422 0.020624852102591 0.0285320398067962 0.0342507563826756 0.0226908677454813 0.0234418287984162 0.0368814663528672 0.0320808919905454 0.0603600151711947 0.050412176312001 0.00444410473453878 0.00491004223676349 0.00497333245721557 0.0110821271022869 0.00771789148710441 0.0120559511921353 0.0189844742388985 0.0235459767534767 0.0397372575262612 0.0563121478335459 0.0328751704796808 0.0402400030195924 0.0151689490995265 0.0182391562297252 0.0190299749403275 0.0262850901574017 0.0119904074774343 0.0126283949389711 0.00211633721773159 0.00298065318348398 0.0114130136428656 0.00577508750576711 0.014982690327836 0.0105338372176038 0.02183291597955
0.0344283914743101 0.0275064777607696 0 0.029898846724381 0.00730622418555421 0.00830081885380097 0.0369028783701939 0.0250967690140453 0.0174528294686946 0.0122002489260391 0.0218754917943286 0.0145513604255841 0.0329171536281284 0.0250519406357995 0.0213836047217207 0.0289784812242627 0.0300204288263597 0.0242082174616 0.0309512160537185 0.0207018034693561 0.00424232744361301 0.00781227937292737 0.0331396625178655 0.0261620514788546 0.00762676340933846 0.0138791275636989 0.01311115499942 0.0202254560964006 0.0221761623168128 0.0194234584437885 0.0295175412554909 0.0186304815500212 0.0305461179392889 0.0215955192328233 0.0146792243563896 0.008652377270413 0.00998750172215608 0.0067539808114705 0.017754035423769 0.00878389310331677 0.0423892497927424 0.0430826298645721 0.0388161578815014 0.0514297825595406 0.0334161958595486 0.0300989019063814 0.033356660860012 0.0366731941512005 0.0144863981785426 0.0156643922149343 0.0472726454256139 0.0402980320544484 0.0404562114346339 0.0402141771376777 0.0281046938093667 0.0165673934848235 0.0252610437657878 0.0232089581180416 0.0430837825921339 0.0287448481139884 0.0365162931696404 0.0299084772989787 0.046406948127099 0.0424878828583996 0.00911997978425456 0.00953748050135868 0.00729217678674912 0.0135009575390438 0.010711954358978 0.0131648081909771 0.0158516783509822 0.0174691215815615 0.027124986715567 0.0377476532104857 0.0254486870483655 0.0305374458311506 0.0136331721958695 0.017283323779339 0.0269742470380451 0.0292780779598764 0.0125516576354968 0.0131834574838042 0.00705557093843928 0.0111483516407949 0.00680959256178825 0.00638652833442605 0.0125805635666842 0.0113743703064827 0.0193431262112904
0.0301997958990019 0.0297677013007411 0.029898846724381 0 0.00843428100217399 0.0102906331056717 0.033212326124702 0.0307626232054001 0.0180251641730476 0.017606293638371 0.0180701353802038 0.0168113249741607 0.0276587244701868 0.0263410085260141 0.0180234539663779 0.0308032548107228 0.0288578362284203 0.0275950655882702 0.0286057685279222 0.0204170750887253 0.00284086652282753 0.00626725900117971 0.029126261837977 0.0240013912190703 0.00539093675707909 0.0114693935957493 0.012867355672064 0.0219776397865911 0.0203587864890586 0.0204706146379701 0.0287375918224647 0.0212398452383851 0.0262253494330516 0.0188282619929596 0.0148948634042063 0.00755797632367615 0.010040531726075 0.00634121611362991 0.0154890224897992 0.00760620048223006 0.0438469617293647 0.0423456168752725 0.0415472508305654 0.0499538994626277 0.0333993454825653 0.0307782057563161 0.034772258136493 0.0372877398855258 0.0153994563686978 0.0163904073680266 0.0433867544521502 0.0403413669585999 0.0357522238120139 0.0379350539752827 0.0261473448250584 0.0218980216617451 0.0246702291456807 0.0268958033774954 0.0343774248589839 0.0324697393126108 0.0359563931670959 0.0307618080819868 0.043178312288617 0.0404315760162 0.00919439121255463 0.00922485877980276 0.00622320122846534 0.0119776007458277 0.00877630758227933 0.0101103200398477 0.0187496250161095 0.0216411303478261 0.0293240564718985 0.0397065933065901 0.0249119391286612 0.0308661158173377 0.0127217056958791 0.016042670188386 0.0222793587680063 0.0297527813704359 0.0122288719900946 0.014568940097276 0.0123226795896908 0.0133232094031051 0.0104128572874615 0.00796929590993551 0.0156867733373447 0.013959947265346 0.01917902161809
0.00598503381015448 0.00698163429437024 0.00730622418555421 0.00843428100217399 0 0.00316431195095124 0.0089638511512737 0.00899285341058395 0.00923961707302308 0.00733805666788885 0.00390172657308476 0.00404158940982909 0.00762301270101523 0.007982640104297 0.00743410195648327 0.0110346225135135 0.0071335536047625 0.00733641953012903 0.00782355692962267 0.00455790183726941 0.000779947170256294 0.00253818491580856 0.00910083165222875 0.00598848680857581 0.00280598970547098 0.00315040096309835 0.00405537023776378 0.00643768819692917 0.00658816087208405 0.00638010700745987 0.00815255171941901 0.0061494285969222 0.0059404564850596 0.00695334846962793 0.00438510733638224 0.00274702629936403 0.00365067206170587 0.0021615659920921 0.00581952064571659 0.00132523465337161 0.0114038685345619 0.00967608611036627 0.0124519572314522 0.0116502005166087 0.00838763327137939 0.0073602084540222 0.00894347703079679 0.00860546039004217 0.00421479838389704 0.0039182498013797 0.00954107314617196 0.00838961109673535 0.0082980627481262 0.00894068549316381 0.00673188911284393 0.00561041320838947 0.00850096020659058 0.006021341525274 0.00980318695675686 0.00718089559400085 0.0106488095656826 0.00925308705963454 0.0114627502473501 0.0114222256739608 0.00498448343500601 0.00407346686755818 0.00211077228268946 0.00370067433982052 0.00367468300657763 0.00444045088453203 0.00597082767408278 0.0089875488965493 0.00938864893063049 0.0118756239076093 0.00841595001958493 0.0100199416395273 0.00464394056895742 0.00591159651359177 0.00756210630321413 0.00943305074818738 0.00456283833619907 0.0048121764767291 0.00756924019539333 0.00684306738454732 0.00379796767180814 0.00355651171922335 0.00575058384061226 0.00542626301617621 0.00544118354127266
0.0106473221669089 0.0100336238820217 0.00830081885380097 0.0102906331056717 0.00316431195095124 0 0.0102432468448502 0.0116437775677557 0.00581365926190547 0.00766184142376419 0.00667688262765191 0.0056189379705177 0.0097411539626416 0.00937787512711174 0.00628128592831076 0.012503082914712 0.00916088861484749 0.010731881066207 0.00971145753020379 0.00659659745862901 0.000427088264569079 0.00245109742945927 0.00865523830140278 0.00756945583547313 0.0010355355818709 0.00368179405970009 0.00433747487162174 0.00805216396976583 0.00709387272436487 0.00726238735178052 0.00924451750636798 0.00733993343111258 0.0078163418037659 0.00634287928071274 0.00465255578733098 0.00233457875261411 0.00292269958071239 0.00175477938587349 0.00432164586740726 0.00191288665063867 0.015343502582967 0.0150903768661175 0.0165641478009362 0.0183517289116704 0.0106142900729792 0.0101696271932818 0.0109454979761035 0.0120251159061946 0.00406000470539505 0.00450480729760421 0.0142287718480969 0.0127405007811413 0.010712549828343 0.0106614042734583 0.00938559076146879 0.00967209626280716 0.00859219575623316 0.00963840824396029 0.0111171138057415 0.0120064041469101 0.0113519519049373 0.00939251942751393 0.0136306067088623 0.0125814638200451 0.00329907820015899 0.00247387675979168 0.00150112553882175 0.00403682260518356 0.00340071451001721 0.00513455921300426 0.00734029063246761 0.00812309237703517 0.0112017319888024 0.0155839676343214 0.00877703648221139 0.0104319533725865 0.00453601451942132 0.0050969073859214 0.00726757148545755 0.00986670591231538 0.00402598249021146 0.00483879148939402 0.00527158727978852 0.00515962179022105 0.00378374972373162 0.00360373757275183 0.0053788652464908 0.00560393092841795 0.00624474538643713
0.0357641388467726 0.0294295931613993 0.0369028783701939 0.033212326124702 0.0089638511512737 0.0102432468448502 0 0.0341358188463459 0.0211574047539311 0.0176896831955365 0.022981416206173 0.0166147411766323 0.038734566165973 0.0285150234159091 0.0229244520965678 0.032415147177469 0.0305422162100517 0.0264982411452059 0.0338564693804135 0.0218588170189085 0.003739326512208 0.00745683148274883 0.0342707660257786 0.0257617715427297 0.00634866696714854 0.0118981090855728 0.0142368200765944 0.0225625965083258 0.0235714471563125 0.0209309114414685 0.0330569582325254 0.0221714837669535 0.0302177728586454 0.0213186370777284 0.0144987488604349 0.00856641063899815 0.00998323172018257 0.00641490049123106 0.0175167822748365 0.00973824318442429 0.045535105612645 0.0440529984138306 0.0435632325492307 0.0534551354330587 0.0338096283257439 0.031500942314191 0.0372488853261879 0.0400652135997605 0.0158740228007759 0.0170332694957114 0.0485432958231248 0.0410840109863056 0.0415254980231369 0.0410329575007031 0.0346199999896213 0.025695810006633 0.0317206315873027 0.0258394093862638 0.0491590469450215 0.0375725489702894 0.0415399992657762 0.0336860307381783 0.0481491006268765 0.045630756765711 0.0115188374645768 0.0122869200681431 0.00794499228926735 0.0152518180362545 0.00973392945242751 0.0157722549493266 0.0195291648458211 0.0220075718993897 0.030192367095766 0.0391032448963213 0.0278384854723027 0.0316999276664348 0.0143170789883876 0.0185992648341424 0.030836926553951 0.0326311992366665 0.0148693180796902 0.0152291966078945 0.0145981556744193 0.0179654401650946 0.0106496962793347 0.00956980847827105 0.0166769210645409 0.0167284510794218 0.0212558233057378
0.0247124630410212 0.0256976963212327 0.0250967690140453 0.0307626232054001 0.00899285341058395 0.0116437775677557 0.0341358188463459 0 0.0195016074889375 0.0238775232782393 0.0154780989854563 0.0182546141393185 0.0268744575915021 0.0259087688753184 0.0143538140644092 0.0276549998511465 0.0240139806229555 0.0260011556086122 0.0256224913172292 0.017456943244531 0.00175494998803244 0.00401068422901717 0.023970962486546 0.018963093690353 0.00236372114671144 0.00669354981416241 0.0119564024191539 0.0222185832791249 0.0182122941949329 0.0194771207590359 0.0278695343880562 0.0227964729061055 0.0220825277624295 0.0163389252844175 0.0132220665431594 0.00619976740760353 0.0087128033863739 0.00421455505222317 0.0118731656186205 0.00529274979886857 0.0404741991865325 0.0355865042923947 0.0405705523356656 0.0428708712858554 0.0281401175788826 0.0272529059545613 0.0349435446626724 0.0374531344256693 0.0149459897017675 0.0158591678821503 0.034857250877336 0.0317178424869306 0.0296941962793051 0.0311993745837491 0.0292117404326427 0.0325369870446923 0.0246491107149177 0.0282318256418264 0.0329369354661083 0.0392654050664846 0.033825023914001 0.0288625506544577 0.0354720317285935 0.0361381927057213 0.0108417872027207 0.0107316305730356 0.00553841870311594 0.0117886669403927 0.00665845483604458 0.00965025827132117 0.0222857200079859 0.0245154753693746 0.0278578874368749 0.0368113820037984 0.0231614938173699 0.0272416255901257 0.0107219033537821 0.0142091157457825 0.019245188223699 0.027984080222406 0.0126052695479384 0.0161048764580924 0.0214680810665043 0.0204835322399239 0.0144198940211111 0.0115402376814962 0.0188171200428686 0.019280038283455 0.0179422124988151
0.0114925746436582 0.0149496676644213 0.0174528294686946 0.0180251641730476 0.00923961707302308 0.00581365926190547 0.0211574047539311 0.0195016074889375 0 0.0242440956844661 0.0100863084201429 0.00712417700310924 0.0196768694279042 0.0191349278916392 0.0219228328430478 0.029061645451064 0.0146295393362992 0.0175840604796231 0.0182759193328763 0.0104250726413876 0.00187485274442074 0.00239831657191883 0.0191424118294793 0.013770507294963 0.00699958428749139 0.00695964072399968 0.00904457027742006 0.0143456595134599 0.0119615430432121 0.0131963269652041 0.015821995085551 0.0111289722132682 0.0137268490563932 0.016086346507561 0.00925501040866875 0.00642966849448229 0.00997848007167513 0.00622122715791979 0.0125243954486204 0.00211381027306972 0.0241400456035975 0.0198927915548626 0.0215492647614413 0.0229659733939809 0.0181369110585831 0.0162474924166455 0.0158156834690784 0.0183711434555459 0.008928650580364 0.0102181453800561 0.021082636794256 0.0202203372415134 0.0182426683746969 0.019384831717946 0.0153298631162274 0.0123447192993437 0.0182403516249573 0.0104375386887868 0.0305044991797458 0.0221980782527176 0.0228846903929166 0.0188912348002286 0.0252404770305563 0.0234097463798415 0.00724065339292437 0.00833206130357336 0.00309133670781796 0.00756268919577047 0.000205488696641564 0.0105472872827521 0.00900954890158955 0.0166879709617548 0.0208612706767844 0.0259815937318215 0.0185009254654014 0.022643404307229 0.0120643363806254 0.0174682988142642 0.0184044521541936 0.0190553444710939 0.012033391680333 0.00917055964656006 0.0131722452231779 0.0146965195968147 0.00557532222949768 0.00650142547634147 0.0104471875243571 0.0104513513437545 0.0106970816260655
0.00605391188388635 0.0131996947506307 0.0122002489260391 0.017606293638371 0.00733805666788885 0.00766184142376419 0.0176896831955365 0.0238775232782393 0.0242440956844661 0 0.00587539175795735 0.00650538351480158 0.0160450095142358 0.0165759737651334 0.0160302430188499 0.0278431655604357 0.0114928454602609 0.0200356503204663 0.0148489967307592 0.00825913260736625 0.000574572098525419 0.000415319458445648 0.0131014971158135 0.0104759082225358 0.0041228405475869 0.00423843777350673 0.00700452175548595 0.0145808230566313 0.00943026789028718 0.0123796367520912 0.0138769484414884 0.0123685315333375 0.0113776649453358 0.0135391742468706 0.00952280097276772 0.00536748008352619 0.00926954887741028 0.00539560291877528 0.00674157043598818 0.00219960056570134 0.0278588636569984 0.0166233171281611 0.0249489745067367 0.0209025470903069 0.0152074903251746 0.0161832135804348 0.0190902231069109 0.0221622250340359 0.00971973366024875 0.0115113379141595 0.015909612185332 0.0168383740611985 0.0126016788675978 0.0126950855829305 0.0135683978467838 0.0185240633122524 0.013714033294802 0.0133456099570908 0.0278955141830536 0.0295105802901345 0.0220256456779578 0.0166438869327877 0.0211011566219235 0.020474965610687 0.00888906232175722 0.00829062862738139 0.0023104577131941 0.00645268274910537 -1.2116976198362e-05 0.0053097523134881 0.0142612586823004 0.0212079200414249 0.0236582221288035 0.0277683848024599 0.0149418387683394 0.0196275594990945 0.00980816233632497 0.0140686597079341 0.0163914677982855 0.0196864527693044 0.0116662868897533 0.0125443704513836 0.0213158901180179 0.0204773885706904 0.00904007564567397 0.00891040204158952 0.0133942201240828 0.0150969763340047 0.00786703217068932
0.0387082331647659 0.023810167520926 0.0218754917943286 0.0180701353802038 0.00390172657308476 0.00667688262765191 0.022981416206173 0.0154780989854563 0.0100863084201429 0.00587539175795735 0 0.0245523362543049 0.0344082459537681 0.0263227211159896 0.017859581128539 0.0207942815554609 0.0227067029427715 0.0159696731957497 0.0230220460056645 0.0193191482560466 0.00076121235968585 0.00352916348215357 0.0216689680564767 0.0191700049340715 0.00493509567367484 0.00973038326302505 0.00784403980183962 0.011352179731062 0.0118400025782609 0.00909560544793825 0.0148852946771667 0.00744591763421506 0.0152255695576569 0.00734666415914038 0.00608968864131164 0.00338208255541796 0.00209903887854292 0.00320421857886519 0.00965539114770423 0.00258176802440045 0.0146653727625694 0.0241021711800992 0.0131992437156739 0.0264339389784961 0.0173406819107459 0.0109315030201617 0.0117467235620106 0.0149708332883358 0.00539252000296139 0.00579691717428721 0.0377906701603041 0.0276410727059286 0.0282048141667132 0.0305277242150368 0.030045767579192 0.0189255001038769 0.0279757579303307 0.0206129176015689 0.0248129617405357 0.0145337421017709 0.0113581709806154 0.0117217917431728 0.024230701503298 0.0202208810415418 -0.00209279872621522 0.00273419344714943 0.00434776682414627 0.00663826484374664 0.00283964394707205 0.0133429620912194 0.0011802182154339 -0.00229482481702554 0.0070974312609535 0.0150799739740297 0.0170265038665716 0.0175882947324038 0.00964359887289532 0.0115956468944173 0.0190397331623316 0.0138169177562516 0.00767026188964177 0.0062045945002698 -0.00854282753669888 -0.00460911795919213 -0.00136531822114366 -0.00180674276445671 -0.000152086488599792 -0.00125508328840412 0.01066523935818
0.0255951164045973 0.0212182563058204 0.0145513604255841 0.0168113249741607 0.00404158940982909 0.0056189379705177 0.0166147411766323 0.0182546141393185 0.00712417700310924 0.00650538351480158 0.0245523362543049 0 0.0232994967964364 0.0325493634557143 0.0116182002270708 0.0217088832461393 0.0183651292012092 0.0169191218375298 0.017876600526472 0.0186335702840528 0.000991849517464911 0.00289437625370596 0.0178900689278906 0.0155559507267454 0.0025277287012429 0.00674978248026519 0.0100172997512706 0.0173530483545341 0.0116956631573859 0.0109095940501682 0.0144060702996082 0.0112274752077516 0.009885788559444 0.00291630335286476 0.00658431109794968 0.00289282248520762 0.00507019478559493 0.00278329748025261 0.00856506065890835 0.00220589856244045 0.0164907774241479 0.0216816474043278 0.015983962585645 0.0254168510645479 0.0168555148816172 0.013455283395135 0.0170997396385339 0.0209302892640659 0.00967546559226614 0.00984701717841362 0.0266072039451702 0.0195310818630287 0.0186742482051063 0.0210688267370982 0.0183257164829297 0.0150534483209632 0.0225579391416588 0.0245774040904834 0.00671379982182401 0.0120501121901849 0.0113833524290567 0.0141541480355189 0.0189975481092543 0.0197604814973794 -0.000990530807679601 0.00220863983861973 0.000118273615246614 0.00422899150082506 -0.000536478347953795 0.00667662656825613 0.00559462072384622 0.00653427847621655 0.0102014407410839 0.0187209387861659 0.0179171283691325 0.0209384905370871 0.00856133480705753 0.0104409566357642 0.0124452745361829 0.0191673780006739 0.00498630377962243 0.00702755967671921 -0.00243628112801145 -0.00200131004710566 0.00197479573992431 0.000936753315030924 0.00467540426313243 0.00199363975642882 0.0103063237933545
0.0403062392056541 0.0289982226021173 0.0329171536281284 0.0276587244701868 0.00762301270101523 0.0097411539626416 0.038734566165973 0.0268744575915021 0.0196768694279042 0.0160450095142358 0.0344082459537681 0.0232994967964364 0 0.0363066190471767 0.0290663576779155 0.036901043877037 0.0301198400147334 0.0257914817571837 0.0340203790142905 0.0242156441644901 0.00296452192012628 0.00730240615166691 0.0341787435068682 0.026722221394301 0.00764951215161309 0.0137558736537756 0.0132043228486735 0.0211660144874284 0.0219863312277842 0.0179262375987631 0.0274499428277601 0.0165482206194489 0.0274101494388598 0.0195636932238454 0.0113044666921129 0.00604459363176992 0.00748344336598992 0.00581947614609294 0.0138696708073327 0.00675001021907233 0.0366500660945199 0.0391983518908993 0.0336818365074913 0.0465364275635794 0.0291978961049536 0.0240675597099285 0.0243646073880266 0.028710612067891 0.0107995218793196 0.0113921163822546 0.0502896852995785 0.0385372587321883 0.0356088245541344 0.0370976138999057 0.0350576203101807 0.0238236799497922 0.037566711922494 0.02385194836475 0.0496017695883145 0.0295297827861722 0.0298082748130457 0.0244792092337348 0.0415932841583986 0.0394834408769285 0.00487954762883865 0.00887513669058369 0.0060983298300874 0.0125990981955556 0.00848937833215573 0.0165778228795263 0.0122690648164499 0.0134649104051204 0.0254789878161688 0.0354523899794145 0.0292760813870566 0.0308749152362351 0.0167529432253035 0.0212456916720912 0.0358179549564446 0.0286328263508448 0.0136547602385408 0.0113775967648283 0.00435984939228224 0.00977921197313637 0.00380920500548294 0.00438350703337506 0.00903541749806357 0.00913791138419588 0.0179905599483401
0.0304843761561279 0.0262523267524764 0.0250519406357995 0.0263410085260141 0.007982640104297 0.00937787512711174 0.0285150234159091 0.0259087688753184 0.0191349278916392 0.0165759737651334 0.0263227211159896 0.0325493634557143 0.0363066190471767 0 0.0242967291216625 0.0415063695890409 0.0265614014487091 0.024533568643784 0.0275318165766832 0.0239380446571574 0.00280990305878462 0.00532298539181094 0.0303585471666703 0.0256335896341305 0.00615077714876568 0.0132199499985415 0.0135247141423301 0.0239777181658109 0.0194758468103947 0.0189740800779645 0.0238832830199299 0.0179093054086497 0.022188515443583 0.0166825270154832 0.0114067729293775 0.00609657431416252 0.0107287244285758 0.00651764540469706 0.013880489425645 0.00497779768303504 0.0349262728674807 0.0377591990795914 0.0332267777541272 0.0452213782900354 0.0296722787913446 0.0256813694647671 0.0245912242436586 0.0292207818573674 0.013656454155739 0.0140580402767363 0.0392237705002634 0.0294145145537242 0.0282129931194778 0.0283019541278427 0.023704933402392 0.0162043584414882 0.0305929922176951 0.0256183250672197 0.0293886929174292 0.0264217234916413 0.0261520845981572 0.0249793159500164 0.0336223003368618 0.0342125369195653 0.00278372686378998 0.00627428732562405 0.00129884434109769 0.00694820780273998 0.00475023118087708 0.0100263488687978 0.0121683487090988 0.0164345345950073 0.0256012194128834 0.0363502467014078 0.0292627240782654 0.0355032177123673 0.0159094251765122 0.0203339256673496 0.0269570774455041 0.0324717725695078 0.011295734873678 0.0107208610738364 0.0034479175765499 0.00610677888385812 0.00403706471184948 0.00362924710791362 0.00958911645628858 0.00788322359100455 0.016952993329639
0.0203543216792721 0.0186116301894521 0.0213836047217207 0.0180234539663779 0.00743410195648327 0.00628128592831076 0.0229244520965678 0.0143538140644092 0.0219228328430478 0.0160302430188499 0.017859581128539 0.0116182002270708 0.0290663576779155 0.0242967291216625 0 0.0324519897210161 0.0192178864884469 0.0195402703441325 0.022717188733024 0.0147051599727124 0.00228870884692507 0.00422754428243178 0.0251792756144257 0.0189847348707484 0.00855027107332679 0.011236058973382 0.00975437767534009 0.0151725147140301 0.0145689747430853 0.0131415695968733 0.0169086322827928 0.0103226013192314 0.0184137447238187 0.0167076626801151 0.00832576655701729 0.00571622357827214 0.0087079793166621 0.00665389939221107 0.0121225133210011 0.00274007593427153 0.0257298923501368 0.025726545497752 0.0220809614527643 0.0281070038427 0.0206479987149222 0.0168089211685102 0.0132546495005891 0.0164038276486609 0.00700308757500112 0.00757171646000118 0.0324228584553391 0.0263684050464251 0.0219434767196093 0.0235228453086818 0.0166918706215514 0.00943109878698928 0.0255449501003881 0.0133167118129317 0.0352790522950156 0.0162846303543601 0.022361968777461 0.0184639597952666 0.0297012394068014 0.0273257053665178 0.00453530086251794 0.00632832341365353 0.00426669301039779 0.00861568245527358 0.00281278378944437 0.0114883892411451 0.00742582729980863 0.0125325870638519 0.0218436231134997 0.0279388793292359 0.0228217627861814 0.0256899085290153 0.0145579987577797 0.0194795570713519 0.0263752953483205 0.0213131612894689 0.0110124637405712 0.00729563657906131 0.00566774375754788 0.00961749731615658 0.0023524281882856 0.00382367036594432 0.00722079497353453 0.00659406723682865 0.0108768329398944
0.0278943381989726 0.0311977270334759 0.0289784812242627 0.0308032548107228 0.0110346225135135 0.012503082914712 0.032415147177469 0.0276549998511465 0.029061645451064 0.0278431655604357 0.0207942815554609 0.0217088832461393 0.036901043877037 0.0415063695890409 0.0324519897210161 0 0.0319516590151559 0.0347642469608667 0.0326165264856806 0.0245968421522187 0.0028508787618547 0.00814488974720643 0.0362619306314033 0.0299259277026313 0.00983435687714424 0.0178958017525761 0.016458628388084 0.0287165586883699 0.0241466789948005 0.0245154120541981 0.0295860801773431 0.0211367317294326 0.0278723586214427 0.0243784249238628 0.0148985428739546 0.00905693551230816 0.0142178380821445 0.00939073542597556 0.017375248099598 0.00782837570481559 0.0478262771621071 0.0479267759285422 0.0445747238410865 0.0555844140191234 0.0366786200854248 0.0343563648740748 0.0266269469802386 0.031311929836458 0.0147017233422067 0.0160931713800012 0.0485069157151153 0.0423236724319002 0.0322734706833915 0.032590191916327 0.0223461931867044 0.0134026460930891 0.0307216147073274 0.0228633401462457 0.0409984120397727 0.0295631200557576 0.0369954743105102 0.0312862155936229 0.0469422395586461 0.0434602265513441 0.00873204763291247 0.00919361788678568 0.00342515863611132 0.0114937049643917 0.00588894568353529 0.0141272372791918 0.0168815267095659 0.0245773986131094 0.0395484704180648 0.0531255281125077 0.0346052055548436 0.0441317679276383 0.0201873727798532 0.0260737542972697 0.0321330123647245 0.036261651119323 0.0149675343211258 0.0124462758815252 0.0104777700544641 0.0132814198237708 0.00605210051738991 0.00642908125116146 0.012858522555342 0.0119355611742987 0.0196280346318685
0.0446077872580221 0.043467915886993 0.0300204288263597 0.0288578362284203 0.0071335536047625 0.00916088861484749 0.0305422162100517 0.0240139806229555 0.0146295393362992 0.0114928454602609 0.0227067029427715 0.0183651292012092 0.0301198400147334 0.0265614014487091 0.0192178864884469 0.0319516590151559 0 0.0526049083415846 0.0382744169220563 0.0295724492424685 0.00605365756764577 0.00993987795740136 0.0299563797891222 0.0237216379226083 0.00870831828629387 0.0176282409531235 0.0231843747558432 0.0370787253613721 0.0311245445042585 0.0242790132480144 0.0403072446720051 0.0287972750679409 0.0258268501058362 0.0189266614378116 0.0182711186884042 0.00946270917749743 0.0131372336102359 0.00829950223543268 0.0191216084897024 0.0113400081352122 0.0522498343845485 0.0569829946844742 0.0498903027885141 0.0631734162279755 0.0416152469442549 0.0368618244115898 0.0342176613369306 0.034660404577281 0.0163051387705724 0.0160280643686914 0.0721316587841756 0.064908633449021 0.0464943334157402 0.0518297666239769 0.0298783162931109 0.0156485286997773 0.0321676570543857 0.0373804945521496 0.0280945032238559 0.0243596950280644 0.0412717099038104 0.0348458406683511 0.0694410870974622 0.0570172755257138 0.00991629454621085 0.0062274993939017 0.00785755485412222 0.0163196399886564 0.0118928697482841 0.0147067050560147 0.0209163771413806 0.0271937348920078 0.0507763041623621 0.0686335474713975 0.0419189866141154 0.0470026474355853 0.0176795625669923 0.0202821935089976 0.022886307389544 0.028777050078464 0.0136946573687678 0.0141815683730336 0.00159408967933855 0.00486402796935128 0.013038112023868 0.00809173010969228 0.0173291170773142 0.0133926343295812 0.0253316186282972
0.0350440494023673 0.0462507692681904 0.0242082174616 0.0275950655882702 0.00733641953012903 0.010731881066207 0.0264982411452059 0.0260011556086122 0.0175840604796231 0.0200356503204663 0.0159696731957497 0.0169191218375298 0.0257914817571837 0.024533568643784 0.0195402703441325 0.0347642469608667 0.0526049083415846 0 0.0380219374282374 0.0278771677439511 0.00619584618534994 0.00764723307123228 0.0257259010531414 0.0195442756415822 0.00783019862015087 0.0160700671078877 0.0236657818131053 0.0420651933129391 0.0300749471572432 0.0257661362093564 0.0380421178267526 0.0304370289589218 0.0177314676512424 0.0175524653811869 0.0202310445509629 0.0108863011941137 0.0150862903178336 0.00934665423407663 0.0182102955537433 0.00996734362777637 0.0544277205045292 0.0513631778795099 0.0504671561776446 0.0571354421116985 0.0382782052666625 0.035053731978481 0.0331210994441294 0.0340806785241516 0.0164016466208792 0.0168701240460998 0.0658041112720226 0.0677783435361906 0.0373148902612647 0.0469456902019916 0.0220057395001762 0.017017595665501 0.0306300961309769 0.0405589344528527 0.0209183105532291 0.024653129715805 0.0403240019192875 0.0326790545830585 0.0674853486050318 0.0542658419068162 0.0130420431819012 0.00766792763353173 0.00726394661468964 0.0161200779578694 0.00859965924164427 0.0145978386461458 0.0247259484020382 0.0351860929443416 0.0565625428893107 0.0775487654954427 0.0414285986459255 0.0488917686230228 0.0180250402413762 0.0224185322557731 0.0211412608122622 0.0290015928633972 0.0145730567141874 0.0163871299170653 0.0102724903693864 0.0117410435060721 0.0167329028994014 0.0118540979453377 0.0210823628741501 0.017611942636295 0.0221903289479601
0.0368174950552596 0.0353212600214116 0.0309512160537185 0.0286057685279222 0.00782355692962267 0.00971145753020379 0.0338564693804135 0.0256224913172292 0.0182759193328763 0.0148489967307592 0.0230220460056645 0.017876600526472 0.0340203790142905 0.0275318165766832 0.022717188733024 0.0326165264856806 0.0382744169220563 0.0380219374282374 0 0.0265712785862177 0.0050352660059509 0.00757970566288264 0.0312156857428466 0.0228101616613697 0.00661536362258869 0.0140850961694206 0.0185548049589175 0.0297032753594715 0.0266890643365965 0.021836997578027 0.0337087918824928 0.023295920127716 0.0223268348061491 0.0180038909000069 0.0171587415103622 0.00945096335806479 0.0119302368637097 0.00798652233440097 0.0178867460173819 0.00778746460335195 0.0469105424272957 0.0473765929992084 0.0438317247241086 0.0540642793939211 0.0366458567285613 0.0319673321493718 0.032079389390271 0.0344992616061238 0.0139232737035654 0.0157878833158012 0.057298728126343 0.0492397514427646 0.0391368342600595 0.0421927945598357 0.0263840958976493 0.0181569602893357 0.0334308564772278 0.0296313433494302 0.0330129884988899 0.0255919491461332 0.0379335230442525 0.0310005031621181 0.0576501444161529 0.0516876010070648 0.0100253095206904 0.00828584936854078 0.00684052590911435 0.0140905793577139 0.0113850162060924 0.014687416200305 0.0186768908984719 0.0254272115491212 0.0374913926903389 0.0529928230527692 0.0335666937926659 0.0389209052220666 0.0162774794202721 0.0202806902764996 0.0262412635588219 0.0294594555724926 0.0135689035753401 0.0143254753811705 0.00646354587177557 0.00920304616657618 0.00978127964691958 0.0084267633648883 0.0147175982856781 0.0128793512879239 0.021718421892339
0.029628479237912 0.0285240967141083 0.0207018034693561 0.0204170750887253 0.00455790183726941 0.00659659745862901 0.0218588170189085 0.017456943244531 0.0104250726413876 0.00825913260736625 0.0193191482560466 0.0186335702840528 0.0242156441644901 0.0239380446571574 0.0147051599727124 0.0245968421522187 0.0295724492424685 0.0278771677439511 0.0265712785862177 0 0.00276401137459532 0.00579703515754121 0.0222555530736967 0.0182491008651569 0.00474261394176191 0.0111436400886188 0.0136010603592011 0.0226386719490746 0.0182595362272407 0.0157985229662243 0.0240072181860243 0.0166071713216811 0.0153376931645306 0.00975646694927829 0.010452679075389 0.00506650516416448 0.00742496461996702 0.00516950343361532 0.010745868192001 0.00532195787643755 0.0304445466717219 0.0359341677770996 0.0293045470735719 0.0397256547695497 0.0273804134595354 0.0225201443657078 0.0192218331259826 0.0201446156701784 0.0096382314545815 0.0100562963659746 0.0423639409249767 0.0373125412002382 0.0280536031758347 0.0306790432366214 0.0194821952716968 0.0113276894517078 0.022287836236569 0.0219516807752272 0.0175986301993863 0.0141399862047951 0.0227759205523151 0.020381441182862 0.0417060054475879 0.0356650946587817 0.00224894130386077 0.00283158591061204 0.00296617555627609 0.0082952282760314 0.00516777124169227 0.008885676970114 0.0091866566932246 0.013581444636394 0.0239097679799291 0.0366538148871804 0.0230322953441408 0.0278100689016541 0.0113541482588303 0.0139504355873002 0.0153404061855665 0.019128873323046 0.00722097562745324 0.00740758383215757 -0.00273448657338697 -0.00113012330610505 0.00456030918394035 0.00264553887320844 0.00714754676209621 0.00397567206459401 0.0166834414360145
0.00537461589834414 0.00507034170980113 0.00424232744361301 0.00284086652282753 0.000779947170256294 0.000427088264569079 0.003739326512208 0.00175494998803244 0.00187485274442074 0.000574572098525419 0.00076121235968585 0.000991849517464911 0.00296452192012628 0.00280990305878462 0.00228870884692507 0.0028508787618547 0.00605365756764577 0.00619584618534994 0.0050352660059509 0.00276401137459532 0 0.00306273852198361 0.00333430166570665 0.00148144396371402 0.00272159143181087 0.0025594135063777 0.00217772885162956 0.00429514465567247 0.00370193843470161 0.00240477084287674 0.00433633655059386 0.00276994237054576 0.00252281627665317 0.00470202999148445 0.0042251232000454 0.00367850624541464 0.00250014781527492 0.00155028138714191 0.0036659522528477 0.00159340219624203 0.00892633107290749 0.00814851975491703 0.00796627477649916 0.00878344524503318 0.00508222789355457 0.00433825772858123 0.00743009203862867 0.00672613656563807 0.00369241619284033 0.00331212215577619 0.00823577904991773 0.00685652956932277 0.00702169296407345 0.0063083120229735 0.00348688817566333 -0.000165168400832476 0.00307652604093736 0.00482188251070357 0.00349619076260995 0.00274831979334813 0.0071036384509507 0.00494265557926887 0.0103249225991267 0.00949361124152389 0.00333397136580924 0.00291037037648224 0.00264318030100083 0.00296505004935046 0.00303628494210416 0.00055726898098058 0.00320345092855701 0.0048198351044943 0.00734244573744826 0.00909765467611787 0.00654922184908549 0.00809589554187039 0.00286800132931508 0.00350759519908373 0.003805424958949 0.00563946999756411 0.00280556667377023 0.00278285718299451 0.00290733870791562 0.00378169402622175 0.00172793637950809 0.00221699340173671 0.00311507944714306 0.00358306352964292 0.00302347097622673
0.0107318834402891 0.00781851146925408 0.00781227937292737 0.00626725900117971 0.00253818491580856 0.00245109742945927 0.00745683148274883 0.00401068422901717 0.00239831657191883 0.000415319458445648 0.00352916348215357 0.00289437625370596 0.00730240615166691 0.00532298539181094 0.00422754428243178 0.00814488974720643 0.00993987795740136 0.00764723307123228 0.00757970566288264 0.00579703515754121 0.00306273852198361 0 0.00819327197873234 0.00665383662641093 0.00213735718190063 0.00510125342901496 0.00474733562271583 0.00692507451250393 0.00801716088742793 0.00636978097364052 0.00993836019859969 0.00641339744980553 0.00791942356400461 0.00691106595544253 0.00406097227617463 0.00136321524658478 0.00142585670327464 0.00116319749876745 0.0057414691550129 0.00492985604800173 0.0122761869059658 0.0140775765517781 0.0131975698655192 0.0157555580706729 0.00924982793233413 0.0074229552246188 0.00566570684532842 0.00440795662694132 0.00331460107111999 0.00265521974216663 0.0122010203062153 0.0102289335121755 0.00898373213368939 0.00828884076605744 0.00512623542229686 -0.000910429331754844 0.005292412219932 0.00473552258253324 0.00599027989515558 0.000558732284881572 0.00905918178750326 0.00726926866575046 0.0141541461694321 0.0110559226163344 0.0040089190455771 0.00260121199032188 0.00337754955410247 0.00537990441558957 0.00853108845516759 0.00704380397494991 0.00538080185501905 0.00623985949653996 0.0114373330181955 0.0133585554425841 0.00804115825041973 0.0086443014820999 0.00443822249168095 0.00270219452549858 0.00622431843294229 0.00668682887947972 0.00233842675088108 0.00169908878910783 0.00178659547486442 0.00222253992503226 0.00217314201900815 0.00101305635491552 0.00369285576156555 0.00289537390060995 0.00571986854196864
0.0322062783851833 0.0281587276350742 0.0331396625178655 0.029126261837977 0.00910083165222875 0.00865523830140278 0.0342707660257786 0.023970962486546 0.0191424118294793 0.0131014971158135 0.0216689680564767 0.0178900689278906 0.0341787435068682 0.0303585471666703 0.0251792756144257 0.0362619306314033 0.0299563797891222 0.0257259010531414 0.0312156857428466 0.0222555530736967 0.00333430166570665 0.00819327197873234 0 0.0285651028986086 0.00851238409323387 0.015469014661871 0.013767954742466 0.0221468904807689 0.0239346791128408 0.0216323347853794 0.0294655904525128 0.0191432174815493 0.0308949689790751 0.0224908088947721 0.0142136329050059 0.00822184100470609 0.0110533906486507 0.00689729668965271 0.0180055298824842 0.00808880701576172 0.0423421948517479 0.0433351225415873 0.0400883385107589 0.0512294120954594 0.0344409697850822 0.0295468714602715 0.0271138879324762 0.0301663390707752 0.0131999858143652 0.0139219448642841 0.0467685028927289 0.0392341138089315 0.0353708232681784 0.0362801438607114 0.0246347021320615 0.0135091984222552 0.0289681078200396 0.02340306187865 0.0388977605706749 0.0232813074979937 0.0347091183975534 0.0291700800162152 0.0450941751209855 0.0423636534412768 0.00898040285599118 0.010064939662547 0.00598361261385644 0.0128295354914963 0.00842977731413579 0.0140017359552039 0.0153508575597755 0.0189034553108077 0.0290013142506617 0.0387314884909445 0.0284553883069524 0.0342521553195224 0.0154852868119266 0.020075744012287 0.0286994735050961 0.0315710608063764 0.0127940418606935 0.0120892663081054 0.00674938960883933 0.0109295418428565 0.00555204018287324 0.00531581345270077 0.0112159279863991 0.00996487163700482 0.0194634986519596
