0 0.951690577569715 0.737645899193153 0.783690732800378 0.382188483962512 0.421911203493129 0.760269870438174 0.754053841094173 0.603635402360687 0.501264549452894 0.872560892498907 0.821817177966437 0.793908087427993 0.825889985130895 0.657095718210702 0.668073865637684 0.888746782736193 0.914625208385604 0.928974017617026 0.839382780846117 0.0929618862188114 0.106918412899861 0.646855073924765 0.637757503133303 0.661752564381915 0.629057567801194 0.810714009202819 0.833222269335198 0.417692542114351 0.51364397169002 0.760591740998805 0.633955159440292 0.383135138623705 0.184292408768283 0.638362842817358 0.661632239795445 0.74554754330916 0.666525430122767 0.419553360243983 0.398362105084221 0.798887684556551 0.828759963214695 0.726281278402928 0.780635644867818 0.867597926262923 0.840702890009409 0.842799852882406 0.786434288086955 0.887773377442938 0.883841873248958 0.933128942951672 0.935581237281707 0.816348659260002 0.823885753081662 0.842818117713 0.713061605413439 0.838385374310776 0.886227397991583 0.559746473428001 0.795695753522631 0.669248029670167 0.761484559101643 0.788661166220479 0.83021553548901 0.392211563244274 0.481115640662075 0.412743540378118 0.61830162894043 0.340163571658842 0.436315056564878 0.393710419074139 0.422069253125795 0.69861951764349 0.855269394669943 0.883342881192882 0.900295916253219 0.725291463934738 0.738010698980224 0.873413268626752 0.897035419687423 0.843565353995723 0.882529898031558 0.405243307966662 0.423696387203786 0.5407968341084 0.523768515975244 0.452443966473868 0.433613227458485 0.362581426108875
0.951690577569715 0 0.699151423125571 0.775811489176648 0.304342992264183 0.377487762357028 0.692329616763462 0.722257618504934 0.529097948069197 0.462654362015338 0.848158068370588 0.838926479633238 0.741011078933576 0.834859132946635 0.643863328850632 0.672072397175293 0.909078773444566 0.931447821675293 0.902876194591301 0.854937418411229 0.125920335045943 0.132294130180812 0.632082952413347 0.659846662485418 0.632366644570215 0.619132747483214 0.805590193017685 0.838977155641076 0.383511712138899 0.501791446457798 0.751218031585272 0.617437235424054 0.374858406490792 0.20774237759776 0.621165258302634 0.628678468871755 0.756063406069333 0.669132006557823 0.404582332447681 0.425702778594821 0.796951133554488 0.833043905049721 0.717788970533544 0.795941301544442 0.894611993391043 0.853345646258955 0.836486540445573 0.775483495931887 0.889000293274543 0.895457504467627 0.952416171192064 0.957298026337824 0.761528900822911 0.808253175633664 0.799049224320935 0.692951357198838 0.84264880513359 0.894773226093537 0.551394572255115 0.791495502541779 0.644310117335575 0.761056085629286 0.767451520765041 0.865811914303695 0.296994298290112 0.402520606400311 0.310489804863451 0.578095322050079 0.334297098016615 0.397801044002176 0.320200155815012 0.361495025685215 0.735005033733534 0.855796342726711 0.878166192141694 0.924905601820516 0.74024849525926 0.767932818339476 0.881097012576029 0.918828530649461 0.798655660363879 0.872044658266527 0.332529393488989 0.332797893505335 0.486929705443393 0.452752735023656 0.380390963411915 0.355839244285789 0.32890829221155
0.737645899193153 0.699151423125571 0 0.806138857101363 0.676885960910016 0.461750943853744 0.896844096776551 0.643119816781059 0.784812686107623 0.410339494072893 0.585506923907395 0.488904465637588 0.734770112654566 0.599129188160159 0.818988666435868 0.630019263097385 0.63363468818761 0.683982767339981 0.708320278754037 0.581619263704425 0.233176345983659 -0.0309956214307129 0.892284098174915 0.741115016209524 0.884523103840001 0.803277655881215 0.541476959430083 0.558813048367815 0.630881408503367 0.666112772820123 0.75573569574482 0.542925033487014 0.731170889208666 0.543901236298275 0.647015454090699 0.635513843684991 0.721764157639889 0.592054031956199 0.365337852231129 0.385650318697074 0.665214736523873 0.6506897267533 0.628927176751732 0.592108254884139 0.677466442641792 0.653603997182645 0.61226808264679 0.558960338280731 0.718558339032897 0.681860816646577 0.708624100976026 0.706218632593356 0.716711141563288 0.593766163930613 0.830312486978293 0.489030936857826 0.564156673811876 0.620321838143803 0.896756313757503 0.820936076273599 0.876367332007714 0.811392209108625 0.645223933766607 0.559068111058937 0.442321246149844 0.465148768385761 0.304627931129104 0.449486401289196 0.265646069258259 0.32321671855788 0.413965154014682 0.322458637579427 0.557139387916391 0.666921466357453 0.694210238949619 0.745447969072081 0.678145328908526 0.716990299834934 0.842509202820249 0.767560749652219 0.814631979119448 0.706645874702155 0.426498134145666 0.519330408911052 0.433817734146251 0.411547739018466 0.378990977601782 0.39818566514733 0.286930565470006
0.783690732800378 0.775811489176648 0.806138857101363 0 0.508750146528019 0.597770713923773 0.806612932103351 0.872974246791965 0.75143683895209 0.663957320421107 0.657174817739973 0.703557538103062 0.773793359725485 0.827089952720416 0.769469270054175 0.803018114748482 0.703569016238781 0.73871040263002 0.73899714630775 0.749047864336086 0.204344694433192 0.00431199661397479 0.816902792270519 0.873065533830481 0.695205548566539 0.742927012890601 0.644007398337574 0.73226370382246 0.598052377613645 0.764684297648358 0.785418010657065 0.685269792569386 0.565518463025384 0.466994346333662 0.522305622793336 0.570109435674792 0.648601523541642 0.542505075401544 0.265947335541022 0.331595840214313 0.715193621950447 0.735351899508391 0.613918104276549 0.62508765183044 0.723313116365028 0.704736546026757 0.661962889590081 0.595011688015088 0.716141588806764 0.72700612820707 0.736522298253825 0.760534858201834 0.743039587691988 0.672229880248095 0.834824903852758 0.784045758001223 0.676675666094522 0.729287401335607 0.734243315525884 0.913793444223984 0.750066196858962 0.8063224983945 0.69880341914637 0.633443921253766 0.35848927857646 0.490821979464897 0.2916071376397 0.539066712126236 0.212112854623787 0.374737856820719 0.472659222006128 0.434143979327744 0.560801286726199 0.745392389505196 0.726022260244444 0.773581974155204 0.629737427453411 0.672477536000831 0.787595312739621 0.820470904360268 0.743459407659443 0.773859795974383 0.51512917724651 0.489242022506042 0.51890902566112 0.484183481615714 0.417313075530668 0.412111968069666 0.389559656552351
0.382188483962512 0.304342992264183 0.676885960910016 0.508750146528019 0 0.389441738278096 0.652707064389823 0.378361291069605 0.716980854578676 0.30853728025585 0.268855075778268 0.132879916338844 0.576150381401601 0.247777897121453 0.671791315698471 0.403317916873065 0.326223404728673 0.332297901105768 0.339138321896233 0.306512349287772 0.176901253048504 -0.0953036526958564 0.670247930160317 0.455748332621457 0.61767983227831 0.542882313344627 0.283712410985355 0.260137439649255 0.541885825386085 0.481801283896384 0.529917310634872 0.379013254749884 0.590701627754055 0.382254442843798 0.426771765712599 0.418233246855865 0.377735543519694 0.301066351198325 0.18791226232176 0.244158936562878 0.452961655224573 0.409739424173956 0.459073424575547 0.362001781424661 0.358034527130505 0.375916249915293 0.373937988816705 0.340089811709433 0.383314371687353 0.34510193629136 0.336179310058697 0.346586841652232 0.461108768807722 0.299864820248588 0.589766672994177 0.272663971395067 0.240824493315401 0.291875041929957 0.663188123964781 0.51210228606819 0.637049623020348 0.510566222746471 0.448286232433657 0.202278002473868 0.40202547519298 0.395493066092265 0.275360562687061 0.218291974860917 0.117573210231179 0.131971878334843 0.415233185356828 0.290455731678577 0.242958125906909 0.378157501951459 0.357500004061649 0.357418837656303 0.419830780664718 0.402469198778923 0.497899593117767 0.40725591910797 0.626743714271053 0.429140511126574 0.462645484601424 0.560700333480969 0.407561130153144 0.414638724779735 0.406427241839471 0.416570380404722 0.332292537787454
0.421911203493129 0.377487762357028 0.461750943853744 0.597770713923773 0.389441738278096 0 0.516335392064902 0.667247334551126 0.53786563582018 0.675843883742527 0.350933775705865 0.392124422996976 0.455836273368831 0.497635842100778 0.485425763575419 0.638784079360067 0.407588240895271 0.415206579768671 0.392408811887297 0.441221654541219 0.133926884504789 0.184929155765902 0.478314498347179 0.531520806197887 0.374764793026033 0.592298862833059 0.437796725600514 0.478099858250036 0.464888766061219 0.568603524891183 0.527711779167503 0.578535122358585 0.366581076938059 0.253891045676989 0.441822221690257 0.472616637351198 0.361691002453733 0.312934878201343 0.202136882525429 0.261725087354836 0.533888362052339 0.506065150007835 0.512947801945219 0.415160306002786 0.448844500173779 0.474745078190755 0.467089417830984 0.464648200786603 0.416977285115041 0.453609819404693 0.360562389941719 0.398177582627126 0.538215448354937 0.428387990746357 0.465151840489215 0.596196886489251 0.412817963283582 0.442866192140892 0.38049845130348 0.562699569874714 0.489036967049778 0.502916855798133 0.439599933391146 0.236435533110995 0.46790980835744 0.414754925804188 0.337604296102944 0.342529408035272 0.221618120420726 0.377778797991119 0.566200073151644 0.479856711434491 0.289535939722858 0.479523886626856 0.462824776426977 0.436604068939472 0.393571233492879 0.37041611481786 0.435581305020578 0.478733730884151 0.459378475751617 0.530485689489709 0.649444194681888 0.574962323036077 0.567885399333227 0.506016225898421 0.528937473920452 0.524742032706571 0.502695767182716
0.760269870438174 0.692329616763462 0.896844096776551 0.806612932103351 0.652707064389823 0.516335392064902 0 0.790677690158323 0.81540579438436 0.472513111570153 0.661104983142672 0.559067848260847 0.840709461560558 0.66671581529484 0.746127218681731 0.626021106337153 0.642491827097922 0.695081522517857 0.735070545307199 0.651144999134411 0.165951732439717 0.0655454094276252 0.817959691748572 0.679917053566736 0.716656464997193 0.723473924348354 0.607716069127721 0.628785940757176 0.622694078146628 0.646948040399143 0.77795902832996 0.641749470604068 0.539453837479504 0.394978441270601 0.58581520570725 0.619062954145697 0.652091972837925 0.523580488256203 0.32163208198502 0.327575272644504 0.7153215890127 0.709572068889249 0.64897277494072 0.620548819892967 0.699855166898549 0.693931450671725 0.662344034758063 0.606527941570452 0.728237066343805 0.709806979289235 0.677841183385629 0.69751240898389 0.799018583651982 0.667403310761348 0.874718373730927 0.610825766928207 0.625077275360849 0.662174888993685 0.745167195818621 0.80794038612934 0.800839921684113 0.78995481087527 0.643072113249016 0.57917970229957 0.527190890612476 0.550138745884984 0.409759806337315 0.517127613754582 0.284684915813049 0.372245777434363 0.50072637827814 0.430705441119007 0.516970680472327 0.687029306586704 0.703134657491775 0.711248113439834 0.597719595441837 0.61304776025185 0.772938676836389 0.736116782050268 0.785236144293231 0.723975463822888 0.528220771229135 0.595758530660637 0.53191741108232 0.542859657547248 0.491687029543776 0.503584114997558 0.349632659990962
0.754053841094173 0.722257618504934 0.643119816781059 0.872974246791965 0.378361291069605 0.667247334551126 0.790677690158323 0 0.676324871845779 0.748108789661734 0.6620105015654 0.764145398464534 0.768151819373426 0.869651423564189 0.627922661050123 0.818583780117065 0.702963391635216 0.740541008573784 0.735349402822603 0.8002108282314 0.158075532431052 0.203985471137953 0.671352325211346 0.743358239192697 0.499877200305637 0.650481803528998 0.730675294311897 0.820481104131826 0.60734171988409 0.726543525967135 0.777353923891702 0.817218487159722 0.364952795379253 0.274248693046582 0.52728994981071 0.611629340493754 0.590271469079188 0.455684568117996 0.285992446653259 0.302083932263684 0.773023448665954 0.794365180576687 0.660841214268389 0.659999224332942 0.743366548238611 0.749150846930414 0.713159287908606 0.684020924708144 0.720918977132286 0.751128770670761 0.663652862726411 0.707928385405833 0.767258170537173 0.736193276073702 0.747420421990355 0.866340848153639 0.718936640945491 0.762380614028913 0.485744203672734 0.810452387560175 0.636203756770161 0.732267775620752 0.664244429026411 0.603002350177028 0.525122563856776 0.584563975604908 0.446427289861668 0.583619087896439 0.274652899514255 0.450030205875715 0.608801709191022 0.595722380043874 0.508890287395709 0.755793369815434 0.752417711979608 0.721537528829544 0.58923424492395 0.581798653684999 0.675285986786539 0.743630087545584 0.647181371444099 0.786168299129088 0.670296958819357 0.58720891712499 0.657914891125965 0.644597090086705 0.622868673040622 0.597879229584616 0.518700168164904
0.603635402360687 0.529097948069197 0.784812686107623 0.75143683895209 0.716980854578676 0.53786563582018 0.81540579438436 0.676324871845779 0 0.577268405723747 0.514759833836377 0.419144717835795 0.800949592536641 0.581093160431129 0.78855023366852 0.684172552266321 0.519604334892672 0.528915680342559 0.580474934676076 0.529348344645795 0.225637235080556 -0.02046608612512 0.801819419338576 0.71052641876502 0.694016522972871 0.674590671367972 0.499386384266224 0.525997962363345 0.65769034709029 0.688745309279129 0.69823500150236 0.54817194654083 0.576139134846481 0.407106572009557 0.477585153565107 0.519874596972346 0.531996269924924 0.375408081750011 0.206064955370069 0.295140731647659 0.597542859800944 0.570940615207472 0.517817702350058 0.457716569134421 0.528115443465482 0.535793178219028 0.512582758742399 0.443806697603231 0.549344402449669 0.539993691765657 0.525350987727527 0.54422535176904 0.652217721504921 0.480755888228572 0.800335506697903 0.555451136355826 0.451439764570342 0.471705107714538 0.712407266826508 0.708154479275655 0.681511842700784 0.605949415076276 0.607613733751704 0.394851261335624 0.473026280488711 0.474815749910624 0.334314554279598 0.411582517201901 0.249615480705272 0.268507797522373 0.54332232343734 0.457761496697789 0.438659529184942 0.568410925047212 0.542121117561009 0.537815434794616 0.546143664479023 0.509876923022093 0.63048771873172 0.596032133181641 0.733889808936863 0.599310199503479 0.535010966832254 0.573855082132189 0.452109473562717 0.461861162677826 0.454170754082638 0.440661754908284 0.337244588679463
0.501264549452894 0.462654362015338 0.410339494072893 0.663957320421107 0.30853728025585 0.675843883742527 0.472513111570153 0.748108789661734 0.577268405723747 0 0.408972756464322 0.559787675531957 0.592273096339407 0.650937417901987 0.487992676172522 0.712850521277728 0.493108250376858 0.502940191975033 0.499437350147756 0.584008173532491 0.150634530484332 0.188764244011375 0.4615241415236 0.565174680232413 0.363424954903043 0.52667692273394 0.499686679890706 0.592717253653714 0.471066141615093 0.599799945643704 0.559622495181423 0.632461801155508 0.306463431844042 0.185862481277414 0.341834701808594 0.459851370288214 0.355492492228986 0.280860504682851 0.175188344942537 0.191649012595687 0.573384194048304 0.579939149787371 0.490903460134331 0.433385332822011 0.496350677718318 0.501306507766182 0.544920883348237 0.501971503029809 0.457115211889499 0.497800415857715 0.408781754603744 0.482560298034838 0.551527097313489 0.510927619763096 0.515132439403758 0.74390377335701 0.450851200117657 0.526157214784212 0.301122743054033 0.582852563919902 0.40986269330276 0.453645856830213 0.547576092001801 0.350182391434688 0.509735871780324 0.444170091190016 0.399348698717057 0.429608155572697 0.193953207215964 0.445634397923301 0.589278747072789 0.59923307430363 0.342773986257039 0.563417162797146 0.549581278970873 0.467189648086379 0.455374372103221 0.387420030899217 0.431054173697339 0.504477803866415 0.51548758768401 0.611643434057923 0.688099583582167 0.563464969065039 0.607996553262115 0.563764686857256 0.556622939924583 0.538671713474148 0.556999509550278
0.872560892498907 0.848158068370588 0.585506923907395 0.657174817739973 0.268855075778268 0.350933775705865 0.661104983142672 0.6620105015654 0.514759833836377 0.408972756464322 0 0.81504481802501 0.79732740586498 0.789271267613083 0.566875659617537 0.609786338196019 0.777089222790466 0.81458454508265 0.827715863599193 0.731760038169536 0.0318084091647026 0.0856525870239287 0.549783069266756 0.551096699558229 0.486297551644846 0.498361165907221 0.772376258201392 0.773414738356031 0.281190139708774 0.39375450324041 0.632657916515679 0.511890544242263 0.188156747576001 0.0573181422881522 0.522295408824985 0.547068187745787 0.601290004594646 0.581000084818069 0.412125102558059 0.358745239853685 0.646524762177076 0.690130969452347 0.55546115756614 0.628812975141742 0.713089315112555 0.68648968175762 0.672234405223274 0.603400964651608 0.735455716982248 0.736181695818308 0.804374676618283 0.803857176036974 0.664800649147881 0.651898678034418 0.751387353123199 0.64573339935108 0.81779988697629 0.805132843738823 0.432321691292997 0.674270923616167 0.500736806929319 0.620980566159111 0.615464621424182 0.751747430813266 0.283891487474005 0.410377289507905 0.415528194298756 0.579295668937982 0.325538186338701 0.441958276138936 0.296208755461232 0.304121390102569 0.683557622078556 0.750737623864205 0.77574582288059 0.789384410237292 0.640261911898498 0.655440644706535 0.761443013637627 0.779658377189445 0.724940015499164 0.742311935617809 0.274136187899787 0.259795828009417 0.38446136701883 0.367640527874522 0.298615526979842 0.274740434349696 0.214012675127625
0.821817177966437 0.838926479633238 0.488904465637588 0.703557538103062 0.132879916338844 0.392124422996976 0.559067848260847 0.764145398464534 0.419144717835795 0.559787675531957 0.81504481802501 0 0.674745157796053 0.917166796719219 0.468967158498238 0.711042812608535 0.757898423390431 0.798878144304004 0.784016319558171 0.785992564043032 0.106273433697977 0.167984596090118 0.474190116066153 0.566681733873295 0.440515549974749 0.538417847856706 0.742364571127743 0.844190929586659 0.336984015621609 0.443485699856571 0.621307453063254 0.554011256901575 0.179814853206033 0.0610616722089919 0.501482203578215 0.53571479154334 0.637509307283136 0.613554692848178 0.395244864840713 0.349148814170111 0.661534896428156 0.724432194505347 0.553034872920595 0.648482151762487 0.741469219553541 0.707482459608424 0.725965791046237 0.691690337121659 0.762468378428112 0.781969925828005 0.765544400707578 0.798833746482947 0.670230593512469 0.790749503108529 0.666347991910459 0.81791997511726 0.803005601576464 0.863894349686828 0.323484828200677 0.692335805740649 0.450828085279579 0.622668086492329 0.601436137107262 0.721288761999529 0.270437266951106 0.413997005327633 0.343308273706791 0.602375405947423 0.324789234590704 0.432120774694089 0.283013646641774 0.380425440616444 0.601524485735025 0.746716132159507 0.777085502176016 0.799637586945095 0.642706224631903 0.63666794019221 0.710280755913464 0.818689927500848 0.660863480872057 0.810779998302117 0.303686238261734 0.230045041424473 0.425976616875681 0.391368311682189 0.352413890253279 0.307990192147389 0.322829092577633
0.793908087427993 0.741011078933576 0.734770112654566 0.773793359725485 0.576150381401601 0.455836273368831 0.840709461560558 0.768151819373426 0.800949592536641 0.592273096339407 0.79732740586498 0.674745157796053 0 0.773568321298483 0.774291575061572 0.675596072641849 0.698692747188574 0.730931938195612 0.740052479088742 0.679965133374806 0.16276347610574 0.0661833276834232 0.726751705404007 0.652520632155473 0.599340392494131 0.613752683694151 0.651678687954634 0.692917855070821 0.486537952107714 0.568264994916002 0.715660647983886 0.590465951010287 0.396211543668881 0.206273436954052 0.525826968518675 0.568691312495875 0.569609342212569 0.502225603334372 0.336134350154802 0.333709819529835 0.689722702814126 0.706778638333316 0.591122368750836 0.597694259539487 0.687920168277454 0.671181408763697 0.661637945764209 0.583958771387123 0.714646909755872 0.694430443401759 0.704531787215709 0.731479014310121 0.756146664651882 0.6451506925869 0.862767910216637 0.686847032784871 0.687420146221959 0.69638066689158 0.596229206318542 0.747215565183362 0.630927067111934 0.657801535053016 0.665584604676251 0.597318222106967 0.457423593920366 0.508905041027436 0.444068778952659 0.519280749719165 0.284173686727156 0.380977526395681 0.466254510961964 0.455634482490896 0.570487564228004 0.713624790757919 0.712771750804889 0.703344411618451 0.641173889497649 0.597582207675134 0.737506830005717 0.717651292599802 0.796249268989103 0.722389446860075 0.492567850063989 0.49466233384816 0.495333716233879 0.499064320145353 0.443496131156012 0.433803494915023 0.326735672576226
0.825889985130895 0.834859132946635 0.599129188160159 0.827089952720416 0.247777897121453 0.497635842100778 0.66671581529484 0.869651423564189 0.581093160431129 0.650937417901987 0.789271267613083 0.917166796719219 0.773568321298483 0 0.610909570835719 0.829168150230422 0.756848443277186 0.803148405359011 0.810918451700506 0.827099959091598 0.139056110251227 0.129411045585246 0.62913554252558 0.742568431997065 0.511623679138581 0.611902433233906 0.772519342981865 0.878694530351113 0.467239427424928 0.602922072181794 0.714908362119983 0.641715784291452 0.296256388955433 0.182733095420742 0.516734173261984 0.567172334429272 0.671188121743966 0.577671115906553 0.36234334059572 0.326585134685724 0.713656115840131 0.759784670769716 0.587596755171861 0.657287091167744 0.758413177922221 0.737901425987624 0.709530815264459 0.665150350104245 0.774208663877563 0.782446888634664 0.758165384348009 0.779239392891738 0.711218614838284 0.743096140148033 0.737613085286809 0.818330964918842 0.763207316805875 0.81618936374952 0.445697767228084 0.774529098329306 0.551814254896827 0.677200490740258 0.659157336918153 0.699341537810824 0.319296662562236 0.475533453485488 0.347125181339083 0.576154889859354 0.32487580263276 0.424418472843072 0.406874466937272 0.440412301230557 0.619915027590461 0.786523103930592 0.788665832209152 0.814381390970271 0.67133586757718 0.66816067242394 0.733731520647942 0.814607871146881 0.689991870889391 0.807577863032128 0.406185219436719 0.324548170133805 0.452797502023544 0.444746077522171 0.40174604230238 0.376377736835941 0.354750753019491
0.657095718210702 0.643863328850632 0.818988666435868 0.769469270054175 0.671791315698471 0.485425763575419 0.746127218681731 0.627922661050123 0.78855023366852 0.487992676172522 0.566875659617537 0.468967158498238 0.774291575061572 0.610909570835719 0 0.725973613811863 0.593498144402282 0.606751935177019 0.632774908678055 0.589085863322827 0.264002184548372 0.00347883179061163 0.878671785468188 0.762648132926013 0.758307450220304 0.692928632127766 0.542648682350488 0.568053633758018 0.635131044203327 0.70684938644107 0.699020235462938 0.512796167391531 0.612068911734268 0.413804730284183 0.575962146468445 0.539632127527823 0.581644692000574 0.460452721447228 0.293106811344411 0.286407580143167 0.611585180198142 0.606265930931774 0.533983213356496 0.508591394385411 0.602942892181526 0.575332949338958 0.533209406149632 0.481637854709867 0.608387638561195 0.593282906577051 0.661899264846161 0.642967202376727 0.596644312192228 0.482757945944653 0.765044961303879 0.513252315895431 0.507800930331559 0.5254321674804 0.782370309145212 0.710961781029565 0.697590429001831 0.63091804235698 0.614215192493734 0.511471279925134 0.362004947316049 0.367335791345422 0.238849497421924 0.380751366737579 0.165747858384965 0.223539890165498 0.390363081315424 0.322137341762831 0.533868944539312 0.607941085122963 0.599499502798763 0.63981164229898 0.640097568216483 0.649465882105553 0.734486093668676 0.682645751022689 0.751150783780201 0.650605045964959 0.413410564222503 0.443439324896783 0.369318021629134 0.356695912330907 0.30957766703812 0.32433498777911 0.287126855874351
0.668073865637684 0.672072397175293 0.630019263097385 0.803018114748482 0.403317916873065 0.638784079360067 0.626021106337153 0.818583780117065 0.684172552266321 0.712850521277728 0.609786338196019 0.711042812608535 0.675596072641849 0.829168150230422 0.725973613811863 0 0.683769402417458 0.688188415298268 0.700592624873768 0.775351120301508 0.242971088055056 0.17780852451168 0.744035901654256 0.862544288411523 0.597706627515345 0.709670765086825 0.719308967729668 0.805361122938867 0.687562352960522 0.793400494827424 0.775342046918169 0.722458084777976 0.45042211007351 0.311220064474198 0.55765314740018 0.566136684532679 0.629522876100722 0.473925824586493 0.351119354638885 0.343438112646323 0.719057459431791 0.725720177286493 0.604831849466821 0.597165475879398 0.67437490569167 0.688218166511213 0.621261181128602 0.598477562173183 0.660902327487717 0.680732397317303 0.634327076302224 0.652895909452418 0.604483035742959 0.588785700615077 0.657075581816908 0.749887639462508 0.636991729408491 0.67939135047094 0.543699269117875 0.720132905961772 0.605836334408311 0.646127658506713 0.647374575444031 0.537988992358001 0.461404789574686 0.516787527231792 0.361314205865142 0.524113809924807 0.311130759870629 0.395895940509808 0.579034696805695 0.552777542603796 0.547815099051506 0.738408498922043 0.702896414082978 0.693139554470662 0.690691720568582 0.680047236341155 0.674822614842667 0.730450051878486 0.63629985810457 0.760370490817013 0.570471145187215 0.486334412642683 0.529079043131387 0.532348603837464 0.501491469621202 0.485021319715302 0.509520598266085
0.888746782736193 0.909078773444566 0.63363468818761 0.703569016238781 0.326223404728673 0.407588240895271 0.642491827097922 0.702963391635216 0.519604334892672 0.493108250376858 0.777089222790466 0.757898423390431 0.698692747188574 0.756848443277186 0.593498144402282 0.683769402417458 0 0.950388470656113 0.86674812426285 0.86833935060261 0.15344774367318 0.214232422385869 0.59576563914358 0.624933903847331 0.613993587439556 0.598899427511397 0.864922929572315 0.876787941012633 0.440144218458059 0.535422935904522 0.792541889188407 0.712626147106034 0.375076261945455 0.168612005225996 0.627617220029306 0.667531235119379 0.730567241576771 0.609148678822526 0.427640644638477 0.437515151693546 0.825011273085475 0.843732605870752 0.777267978643946 0.800986498129299 0.872951132675548 0.857382096526301 0.818689885720628 0.776806705090474 0.849390874674743 0.84439492368483 0.911963912298528 0.91295283491534 0.733197294619503 0.75158658769558 0.720209055719671 0.657876098582572 0.846532771037895 0.89503636577767 0.480533671914084 0.71896786037318 0.628416973344439 0.740926327752104 0.793104147673717 0.752702567369778 0.420278313354106 0.488022144135135 0.335378146375764 0.497959555899765 0.358595400707376 0.418237098078354 0.484659258567624 0.518979800639618 0.72545171786718 0.881698008220228 0.89408348020485 0.858303234920614 0.739201160463527 0.740809080944871 0.810858541390782 0.840538666456328 0.738969163642442 0.829184483211407 0.464303570735935 0.469346163677175 0.601776954730202 0.564467746040495 0.530027686334698 0.499502724888997 0.478480272615159
0.914625208385604 0.931447821675293 0.683982767339981 0.73871040263002 0.332297901105768 0.415206579768671 0.695081522517857 0.740541008573784 0.528915680342559 0.502940191975033 0.81458454508265 0.798878144304004 0.730931938195612 0.803148405359011 0.606751935177019 0.688188415298268 0.950388470656113 0 0.888309774151348 0.869885813534289 0.129237404921746 0.215715947116866 0.624276645464601 0.643526002921108 0.63267279747345 0.653854554637559 0.876066279600008 0.90110237624485 0.460735726736607 0.552846063497447 0.818148471873707 0.722748590206871 0.408399320342615 0.208927333508097 0.649993510169915 0.69834896172873 0.78218404009411 0.660225609771372 0.455093695307872 0.415034577610624 0.849246845444894 0.868764452309822 0.78830803440147 0.824153341383543 0.900875087468189 0.879085919197033 0.83049922489218 0.792240148670471 0.87993296910241 0.880103614967156 0.924150667529287 0.94029039263133 0.765013397448058 0.787680864011202 0.768728972114175 0.68603330172582 0.855720362341709 0.927646588368588 0.544272147467519 0.772130710098243 0.684370025030106 0.789640074582927 0.778080544413037 0.779379377704279 0.417018881556792 0.516068523910438 0.384139689217322 0.560175056591214 0.329960077243189 0.444960415015036 0.474513070818767 0.503981364779887 0.747059154312511 0.921333759052507 0.925281311121462 0.909047650574424 0.792417835129964 0.764000996956184 0.854870233727971 0.878681538718901 0.768463188672638 0.859790751026872 0.473460811475216 0.473675781815258 0.583655432392422 0.580221718809796 0.517615445698046 0.506446380974215 0.449697417612346
0.928974017617026 0.902876194591301 0.708320278754037 0.73899714630775 0.339138321896233 0.392408811887297 0.735070545307199 0.735349402822603 0.580474934676076 0.499437350147756 0.827715863599193 0.784016319558171 0.740052479088742 0.810918451700506 0.632774908678055 0.700592624873768 0.86674812426285 0.888309774151348 0 0.873677528970399 0.136985293841646 0.155736380823679 0.660057617758132 0.653723067239291 0.647281919245055 0.613619453996297 0.810919030013405 0.862180790896712 0.490545343697201 0.554820327856979 0.780938314278263 0.665347889026702 0.354182486680365 0.174694512679401 0.64067010555163 0.669240599735956 0.736977707677861 0.648701501748425 0.441389731189864 0.435388582949046 0.786914954968102 0.817963283724617 0.703433843533722 0.746729523672497 0.834319663255888 0.817711792951735 0.801696240872798 0.754140000067311 0.851239157509516 0.857758098630544 0.860501071665438 0.868378098327559 0.73909944168102 0.75967808585211 0.756455549526118 0.640758674771988 0.75898314666021 0.837837121106379 0.505662257701636 0.719970342882571 0.630075057606049 0.713625880839666 0.786647369010619 0.799680826391435 0.4155897497039 0.492172208760029 0.423066723852939 0.593950933426652 0.325166461029158 0.44844609566285 0.422116895388741 0.422950766305282 0.687217402467013 0.86116338301512 0.870662133748824 0.869791695324099 0.697228928115427 0.745924037369074 0.814340811734429 0.838754044181052 0.766842851703713 0.834253717424516 0.405571142417754 0.422612330097088 0.517168115255653 0.51851886807114 0.447483833620536 0.435028421724015 0.359784574567885
0.839382780846117 0.854937418411229 0.581619263704425 0.749047864336086 0.306512349287772 0.441221654541219 0.651144999134411 0.8002108282314 0.529348344645795 0.584008173532491 0.731760038169536 0.785992564043032 0.679965133374806 0.827099959091598 0.589085863322827 0.775351120301508 0.86833935060261 0.869885813534289 0.873677528970399 0 0.173906926474644 0.265448556427701 0.614787259917242 0.697459513388109 0.521972035566981 0.558167994350799 0.866698890399059 0.914451501113742 0.558768919844239 0.659570576779083 0.836191874061924 0.789107643037487 0.334970132393483 0.185774058132636 0.554534549507754 0.602905604864776 0.679369454319133 0.523850145440257 0.350500201832528 0.346744594988568 0.817140247007681 0.839406241286588 0.721757933434747 0.761780800002305 0.829007302939425 0.813800238959564 0.7832104385093 0.740351554133403 0.788112741863145 0.808888841340008 0.799758935296396 0.821550510205974 0.697189829130896 0.747404726382532 0.686269678576275 0.721359434999635 0.760209188190724 0.831792903001488 0.427514094217914 0.688011578670893 0.573799514143173 0.687078720737767 0.773431411434016 0.757754856089299 0.436019052757921 0.477693756041518 0.406042757148724 0.582508864798257 0.335363730854537 0.422225534628664 0.509166301400188 0.53513223264052 0.655928978651327 0.84821686085649 0.839402452439828 0.799297940400614 0.680788479962254 0.676434661062117 0.724865209326274 0.778344194430834 0.66650480145867 0.802152755868069 0.496980473881216 0.446897921673415 0.579231422120475 0.589512190537803 0.529086968663146 0.493401939895792 0.536168544868747
0.0929618862188114 0.125920335045943 0.233176345983659 0.204344694433192 0.176901253048504 0.133926884504789 0.165951732439717 0.158075532431052 0.225637235080556 0.150634530484332 0.0318084091647026 0.106273433697977 0.16276347610574 0.139056110251227 0.264002184548372 0.242971088055056 0.15344774367318 0.129237404921746 0.136985293841646 0.173906926474644 0 -0.037086262691438 0.302942860793722 0.279236147813115 0.257179980791385 0.275914315384345 0.14789744873801 0.149772412559848 0.298217329832013 0.291322814619858 0.251815599130448 0.210817079742997 0.211115519553047 0.152324219850497 0.241546845702269 0.193053087487325 0.197327834772799 0.130154362857052 0.0790865628068563 0.259437396013999 0.170197068994336 0.172038420058588 0.140070460154089 0.123610408389203 0.170141771198459 0.133387501379288 0.119880732314274 0.0968593520374599 0.189655422261334 0.151826459159586 0.1033343740468 0.0957423257547751 0.0748962164629313 0.10690995975186 0.111111054975279 0.10164615064701 0.0564885643559425 0.108306925944287 0.200936325881377 0.117335744570921 0.159930046992129 0.145674488478825 0.125204531667721 0.0555154247758459 0.19823595813112 0.0596571198939787 0.0131880482972202 0.0713592716020482 -0.0215710344992366 0.00293630102400858 0.140835231293515 0.0673525051508034 0.17073600440928 0.196215632837991 0.18866708137962 0.172915831366493 0.288846927563647 0.279400430581416 0.169774371907737 0.129540091150831 0.158353051500962 0.117072532964591 0.137897355145672 0.138686228263724 0.187188514505307 0.114697531796784 0.0979155553126565 0.0721930512993242 0.16434889526762
0.106918412899861 0.132294130180812 -0.0309956214307129 0.00431199661397479 -0.0953036526958564 0.184929155765902 0.0655454094276252 0.203985471137953 -0.02046608612512 0.188764244011375 0.0856525870239287 0.167984596090118 0.0661833276834232 0.129411045585246 0.00347883179061163 0.17780852451168 0.214232422385869 0.215715947116866 0.155736380823679 0.265448556427701 -0.037086262691438 0 -0.0215437175769358 0.0361610860114489 -0.0382571955507869 0.100382325796799 0.281086052380826 0.274575029660253 0.267908951457837 0.17059618943793 0.236503273722857 0.358832738562382 -0.0393509148905303 -0.0574518647588705 0.169786762767975 0.203661860619633 0.132709961984918 -0.0291361902936289 0.0698592006567833 0.188984477775422 0.350209889391536 0.312659999357821 0.366346057521324 0.32055358465599 0.290126434923206 0.305886600754254 0.268147255335228 0.316282723773493 0.173909438402201 0.204145753049764 0.110930030343474 0.14523428416103 0.234623146274728 0.255193381824842 0.0174601843863657 0.244595622296323 0.21481740854777 0.234215310672923 -0.131093014927608 0.0489633173209402 0.0761138642330214 0.139280144343053 0.174842353912279 0.145214318695325 0.29098421544405 0.284784000821752 0.14907111932053 0.106211164018674 0.1891589969487 0.285949193873884 0.340850121432333 0.377611816518513 0.0908743313143634 0.235829014198178 0.203198660574884 0.116271242809488 0.152452969907153 0.0783176751053486 0.0632809879706473 0.108137386118688 0.0543815205763843 0.205194481980767 0.350954835068251 0.35729983956337 0.330733836107907 0.347582063978517 0.425099830573355 0.396041997356585 0.344127708246462
0.646855073924765 0.632082952413347 0.892284098174915 0.816902792270519 0.670247930160317 0.478314498347179 0.817959691748572 0.671352325211346 0.801819419338576 0.4615241415236 0.549783069266756 0.474190116066153 0.726751705404007 0.62913554252558 0.878671785468188 0.744035901654256 0.59576563914358 0.624276645464601 0.660057617758132 0.614787259917242 0.302942860793722 -0.0215437175769358 0 0.86008424702922 0.827569835653961 0.755195813602859 0.558016814991634 0.593275846873425 0.729617070784995 0.802265548276631 0.763212668585957 0.579687219654279 0.695460860246764 0.531530438075201 0.598483134298855 0.530455615166844 0.640543232932133 0.487506899150186 0.339637332222048 0.3735780380877 0.628967863766004 0.61091047161885 0.554298503123749 0.514034456428388 0.60542030972217 0.59534781630522 0.532085813831985 0.471535693858518 0.629614761071985 0.598221845175766 0.634620899737468 0.625333736144871 0.602160299135349 0.491526042485791 0.772765275319738 0.493498783564138 0.492423378180614 0.550750440179173 0.84885024556716 0.749307083112519 0.782753850428302 0.71467811188584 0.610817135402829 0.480639610543843 0.399582290692369 0.425201044521412 0.285983837329787 0.413942746283554 0.213810403535068 0.282044367493505 0.450122478728198 0.341499595259223 0.569331903665944 0.651808996635179 0.639627362147648 0.688338291763839 0.673886602885728 0.696351546385928 0.76994898359694 0.698402198396943 0.747028221550929 0.65716846241723 0.439896250180741 0.467360964778323 0.366026096722616 0.369762786765839 0.331550591973432 0.353049797494508 0.306478050908333
0.637757503133303 0.659846662485418 0.741115016209524 0.873065533830481 0.455748332621457 0.531520806197887 0.679917053566736 0.743358239192697 0.71052641876502 0.565174680232413 0.551096699558229 0.566681733873295 0.652520632155473 0.742568431997065 0.762648132926013 0.862544288411523 0.624933903847331 0.643526002921108 0.653723067239291 0.697459513388109 0.279236147813115 0.0361610860114489 0.86008424702922 0 0.701201195681754 0.736984019865498 0.62576307959622 0.678701919675348 0.692631642723086 0.838862575671818 0.771453708860604 0.666243693158325 0.603672637976618 0.51491726697963 0.474105938297738 0.4807061209212 0.601607606505129 0.469446274958366 0.264478376795064 0.36003058931388 0.646366843795118 0.646398830095243 0.538909651661628 0.533696420996335 0.623698427183726 0.634134589001867 0.553396703451276 0.494757932304135 0.634345953817479 0.618560789860706 0.627962665387297 0.635606033033492 0.572277356860183 0.509023958022717 0.694955605366977 0.618332746325538 0.539331759381628 0.595416283864258 0.723360119567029 0.771386753296348 0.703284066624992 0.720868974922824 0.598103183829372 0.520520850172803 0.347536169835638 0.426214739278972 0.251016863084071 0.463767779333483 0.221197674943587 0.323580902526423 0.484897775467481 0.434470268062766 0.563115415039228 0.687488490825522 0.630119825289612 0.688531602719382 0.633013956063609 0.680222930910682 0.709874994549312 0.723461173447107 0.629138092938112 0.681700301104062 0.46884283001781 0.432692067586087 0.41579232087361 0.413052477084103 0.355043420514808 0.367606382599913 0.397412842389248
0.661752564381915 0.632366644570215 0.884523103840001 0.695205548566539 0.61767983227831 0.374764793026033 0.716656464997193 0.499877200305637 0.694016522972871 0.363424954903043 0.486297551644846 0.440515549974749 0.599340392494131 0.511623679138581 0.758307450220304 0.597706627515345 0.613993587439556 0.63267279747345 0.647281919245055 0.521972035566981 0.257179980791385 -0.0382571955507869 0.827569835653961 0.701201195681754 0 0.767385800802118 0.499805709680375 0.525171968654311 0.633034839415422 0.642188457303424 0.687289331540644 0.459561008161354 0.760518127484291 0.530165192466603 0.60822129678073 0.625612435994252 0.712445126497861 0.575328626903373 0.370840261570148 0.408158182738468 0.62833181546406 0.605206154720313 0.599127676425079 0.552512821747007 0.627752825023458 0.605787840061067 0.581562075699427 0.538563997114315 0.656776915293314 0.617556989090449 0.662322030344034 0.657875237755891 0.594179237900278 0.518625322177278 0.69199017583935 0.403153181165139 0.477817369010985 0.566580934980814 0.823880455624848 0.710750180133121 0.815121556662168 0.733215578612297 0.592019437490787 0.448731391049573 0.393817103685034 0.427954846515945 0.26585262558455 0.398691056554557 0.275106083080607 0.28579975502469 0.365519494858847 0.326560728170004 0.548827780598965 0.62586161497322 0.653895661078961 0.689718551359433 0.657593408802952 0.677144473555601 0.776642498992689 0.710785316317997 0.782489112733327 0.649292114545967 0.363419611560153 0.457627517415543 0.360636606482027 0.333181272380216 0.326366175530585 0.33052211115155 0.281870099580125
